0.3426250236167853
0.34034545903759883
0.31701135058933044
0.33319538709724406
0.33103259842748683
0.329632643965489
0.3355974994238554
0.3265269158661192
0.32397672717407716
0.3247932623134282
0.3212150719337497
0.3176055246317001
0.3185714557217464
0.3182316375617936
0.31968976024726226
0.3184141875099923
0.3204928705099265
0.31698842010583606
0.3156084180541612
0.31610657345909615
0.3161355399194577
0.3195834990361714
0.3171400660069348
0.3187537241850397
0.3215342043687419
0.3225420937717655
0.32281749972682616
0.3215317066992772
0.32139532715947644
0.32139951845984704
0.3227622189602806
0.3212295805659312
0.3233600703945295
0.3230951621714279
0.32606620173611944
0.32617777099552253
0.32514188727655424
0.32485893035668845
0.3254277945036157
0.32499702065196895
0.32310690879083176
0.3220967274232208
0.3230760729117276
0.32269308619498327
0.32241231916003427
0.32290034949679713
0.32252337636355083
0.3233365306824407
0.3234556996603637
0.32251163399072813
0.32219330739548036
0.32240374693540846
0.32395691969690493
0.3248786326111312
0.32445940357548236
0.32513238374833175
0.3250631119487797
0.3248255615532306
0.32507194651312876
0.32483785564453277
0.32504572661902775
0.325195087521572
0.3260648775814388
0.32648018188556444
0.32642461466912515
0.3254356828564399
0.32565712140100334
0.32678585626120504
0.3272909122197084
0.32743375362556587
0.32854833595582866
0.3288243040517522
0.3289837307489625
0.32946600734761855
0.32961727731190177
0.3294405671699563
0.32922658314551617
0.3288836146292513
0.3292671502917814
0.32949994186638015
0.32905392736563044
0.3286892251107466
0.3282328377558954
0.32749701200113246
0.32787905471314077
0.3275948803207897
0.32676689036416895
0.3273102333668485
0.32662557360002104
0.3264909900962922
0.3264970006086465
0.3262642640631233
0.32643929545177897
0.3262781279366371
0.325431378233396
0.32502036190600786
0.3246185393208767
0.3241316957843933
0.3236911971459332
0.32331948784280695
0.32350926475791764
0.3234985354032324
0.32351537387325574
0.32295491234679863
0.32364035497495786
0.3240871856225689
0.32344652501531806
0.32316277575117547
0.3229306464578561
0.32334588050634405
0.32404030754779967
0.32420595703510247
0.324330360501755
0.32409439676042767
0.3241535081428143
0.32382498673200366
0.3233131716498236
0.32335786687056145
0.32331410975016844
0.32287174027836324
0.3228198841483431
0.3226406863388614
0.3223436687111505
0.32211867040909664
0.32212000523202583
0.322329688678316
0.32211912150945093
0.3219542751827576
0.32189513799017433
0.32203322336390194
0.3221914000628154
0.32261543156946243
0.32244170820616147
0.32197666672668024
0.32149656392625864
0.32132458735816044
0.3214616277265119
0.32194940142381034
0.3215184940715732
0.3212732404717959
0.3208092694675734
0.32072844291759545
0.32079226164275654
0.32084167994858404
0.320409701699356
0.32058363168290266
0.32108170255181884
0.32148344625527187
0.3211798627870995
0.3216089545152868
0.3217691061580541
0.3219842132800137
0.3218338478443684
0.3218897333573167
0.3216077602757035
0.3219545063430861
0.32180602273561465
0.32205254727357935
0.3224481694445124
0.32274036435246434
0.32332049127964124
0.3233466322960611
0.32342627074342667
0.323404303022204
0.3235434907741507
0.3231359025708545
0.3227159557380365
0.3228850867886506
0.3225977850918741
0.322606660232073
0.32218936482815713
0.32170126349367534
0.3216538158042969
0.32182505655916815
0.32163730019163356
0.3214050136283705
0.3209500922050125
0.32083964543064053
0.3206916877773173
0.3208599980945093
0.3210505130573011
0.32091911968450715
0.3206900571893461
0.32054093017583546
0.32076353010909114
0.3206759095997206
0.3204835364888337
0.3204674870722272
0.3202032861951187
0.31956212380472326
0.31957888583873406
0.3197723342101823
0.3198300856695282
0.3201684331745798
0.32046747628912253
0.3201108735673846
0.3198778987411196
0.3199736255399198
0.32029851467870274
0.32026209542633766
0.32021733297267374
0.3203530120913616
0.32001468947805123
0.32008222345138754
0.3201768467261026
0.32011090257948205
0.3201494918679282
0.3200671387414744
0.32017628116311486
0.32009313836424474
0.32004874269860006
0.31971704557264513
0.31990495153109444
0.31941977349892026
0.3195321663121758
0.319488280154528
0.31958668335574875
0.3195968300110283
0.31913359935437197
0.3190740437349796
0.3189168115129823
0.31892477156040483
0.31876492647498283
0.31870918967962175
0.3189433762391749
0.31892956713217746
0.3189262387438941
0.3185322523029712
0.3185395349551558
0.318894513386846
0.3186796848226647
0.31841082352787903
0.3182738855732005
0.3183368778693384
0.3184478137893567
0.31876819292873504
0.3185114800715438
0.3182522835459996
0.31831964284552416
0.31837473537091693
0.31827158978023046
0.3181383981329021
0.31827334655454564
0.3183142524814601
0.3183905173387974
0.3185436263870396
0.3183466880811784
0.3184285099462408
0.3186582713781284
0.3185275800427285
0.31857855539922686
0.3185606692379262
0.31852258344658985
0.31861119239264396
0.3186999327758778
0.31832123616601543
0.31831755309033105
0.3184267352463129
0.31834328946396073
0.3182768859608429
0.3184316596140677
0.3185386339508998
0.3183561934216065
0.318211072164522
0.3182771498402288
0.3182898094277218
0.31847647566996445
0.31866729109694486
0.3186556351819269
0.31872860157961996
0.31895280434921025
0.3190931539968149
0.3189847740489393
0.31889175042557977
0.3190196874789434
0.31860031514319753
0.3186633527704949
0.3187935276787657
0.31898148126443576
0.31870779343463845
0.318841059734519
0.3188796661893323
0.3187299745213493
0.3185799860274619
0.31818210050538037
0.3180015480617167
0.31818483442729734
0.31803927612339217
0.3181218787438294
0.31796323349218214
0.3179637331113472
0.31810569607942524
0.31797504430828494
0.3179699126878508
0.3179778466568122
0.31776456885475624
0.317886153917372
0.31782518225523954
0.3178626630165627
0.31799387174754545
0.3181227166922244
0.3182394185021029
0.31837808063219486
0.31822376165827715
0.3181656079120813
0.3181818311349424
0.3181796801315906
0.31826669232347465
0.3182522729140181
0.31831497357967636
0.3184072397479565
0.3182675258890254
0.3183554073158563
0.3180984955704128
0.31791561443660826
0.31787411054181486
0.3177322762489459
0.317513274071775
0.31757182520386773
0.317708631570916
0.3177101674116964
0.3178189249667382
0.31787402741486165
0.31773841557536076
0.31771317095420776
0.31752010446932544
0.31762976252905095
0.31755538290736895
0.31742432899953704
0.31736855085656834
0.317449829127113
0.317364818758809
0.31743049311756016
0.3174187776292434
0.3173677574023299
0.3174627036493384
0.3175636329182749
0.31767002342458145
0.3176703912053954
0.31749754428200316
0.31732172615766174
0.3173486445730017
0.3173120225877083
0.3173141650677108
0.31728802028273617
0.31722895262622447
0.3172870497016069
0.3174144938808522
0.31732453089271
0.3174789026863965
0.31757515975255485
0.3176423728690399
0.3175290856458503
0.3174485310135067
0.31755329921599484
0.3175507726137745
0.3174870651677479
0.3174176323329456
0.3174350337565662
0.31734860229014206
0.31726316900614937
0.31723396863048875
0.31731510676187324
0.317505586177742
0.31745702044093593
0.31760497665085424
0.31758673086656475
0.3173831411553808
0.31738461490592534
0.3175058752271831
0.31756335751741593
0.3174804084230619
0.31753783779792694
0.31754740785063496
0.31730952567810483
0.31730303525525805
0.3173617984013181
0.3171574958958514
0.3172509063533724
0.3171670416030197
0.31709800935455434
0.31725152842342197
0.3172656927666261
0.31737301664438256
0.31728776840320766
0.317341680578198
0.3172920631197427
0.3172184516110284
0.3171171791833972
0.3168670376038817
0.31691526656885344
0.31707684730700497
0.31714078294966114
0.31697358586833707
0.3168593458900731
0.3167797519720294
0.3169178865178292
0.31685641645815416
0.3169366146483687
0.31690370892496444
0.3168720763527841
0.3169116304622198
0.3169872712976687
0.31693643520324577
0.3168383241225641
0.3168985484564848
0.31677639149408054
0.3165937253591109
0.3165845019961761
0.316602958363213
0.3166710037034728
0.3166650040263181
0.3167497563367322
0.3167109338737799
0.31670060887963075
0.31670423808065196
0.3167719292962745
0.31667804537245653
0.31679320730154154
0.31683524724436307
0.3169622304420159
0.3170830016537091
0.31695004573212526
0.3167758580124724
0.3168576897528386
0.3169205748050397
0.31695206314618185
0.31695499968827945
0.31689874888386727
0.3169197495792923
0.3170029744923236
0.3168378917089083
0.31682957897665487
0.3168964596692323
0.31690666663993916
0.3169392235668368
0.31701395795535864
0.31688528159600465
0.3168594616091835
0.3167894354036394
0.3168385283006101
0.31692888831222954
0.31702524098140755
0.316973344425857
0.3169927412990224
0.31695319741753825
0.31686043076947534
0.3168065301443587
0.3168486767949723
0.31693184640451677
0.3168669575044853
0.3170230319743918
0.31695778552743037
0.31689919367772595
0.31699685551415796
0.3169544950164449
0.31688485590256166
0.31687063041912805
0.31675702233391784
0.31677366306891225
0.3167552663180273
0.3167836951805158
0.31684594286187157
0.31697362324803613
0.3169190306500141
0.31697626146057284
0.31679712446467256
0.31667802942927625
0.3166744761768833
0.3168341296299337
0.3167681243363354
0.3167738464232926
0.3168727793348874
0.3168433732486869
0.31687723020837133
0.31688642437078657
0.31689638434780976
0.3169280024236131
0.31690585748712996
0.31683876337678885
0.31688364697942273
0.3168588764761287
0.3169451197864011
0.3169257115993514
0.31691744980993514
0.31693304663650124
0.31693892230593934
0.3168714516751185
0.31690286124702677
0.31697687675939534
0.3169182302385583
0.3167368848721556
0.3167335620924701
0.31677628011790826
0.31685986846828096
0.31697208109452535
0.31705299157276035
0.31709833506129154
0.317106665261286
0.3171351548534312
0.31716082129345213
0.3172061937550717
0.317210513135815
0.31726119539332637
0.31725360374484174
0.31717427408083304
0.31715137579031183
0.31715591791670217
0.3172430170629319
0.3172365784716962
0.31731013009331555
0.31735097809815915
0.3174143735262446
0.31750114330395474
0.31758040253581166
0.31740204569505387
0.31747047687756397
0.31739304325741813
0.317413225841022
0.3173983388318055
0.31739569080914504
0.31744446833268547
0.3173679775622017
0.31730027135309496
0.3173684294302842
0.3173963228053832
0.31741415756069846
0.31743094485629825
0.31738135075114826
0.31741781428008564
0.31730707390636115
0.31735224089260955
0.31729242882401276
0.31720623429732325
0.31724997551732526
0.317286484757604
0.31729623780482963
0.31732192513265034
0.31736165148878615
0.31736414361372633
0.31741620397292847
0.3174944763675846
0.31754257999950325
0.31755722688526106
0.31757171868714607
0.3175596672137727
0.3175269144978
0.31746854817330533
0.31751765047626873
0.31757671854211506
0.3176054556134122
0.31763023931884304
0.31766185843985245
0.31758944956643553
0.317426474391028
0.3174990142901018
0.3174674151013669
0.3175960779184294
0.31760574605596853
0.31762076481005935
0.3176712474871269
0.31760583409151044
0.31768796707117686
0.3177079851371717
0.31774974273943934
0.31768946232101813
0.317714267566754
0.3177963079829133
0.31775354783021553
0.3177808204438609
0.3177968798586534
0.3178354378483005
0.317807588420869
0.3179293503329953
0.3180427471674083
0.3180113094113492
0.31814052059664394
0.3182852462856469
0.318373293796448
0.31847893382940745
0.3184083159893451
0.31836625599059776
0.31821756088530784
0.31823241044884193
0.31831120839797344
0.31840299108388065
0.31848389647967074
0.3185198142215603
0.3185584278537229
0.31871175651472256
0.3187085424477609
0.3186433611405822
0.3187702357139392
0.31874432701746847
0.31884612824594194
0.3188475146365538
0.31888002756916395
0.31889060492163374
0.31888573523974467
0.3188573546296168
0.318970506788056
0.3189926375508332
0.31895521881921285
0.31900687131690136
0.3189671217143851
0.3189855745642587
0.31893084946028577
0.3189585424103888
0.3190379014736808
0.3190768738502832
0.31917071962737836
0.3191264882135516
0.31911800676792046
0.3191278782947105
0.31920386479868756
0.3191585314201842
0.3191187956051837
0.3190942979525825
0.31909575548736474
0.31920527590731873
0.3192180386844611
0.3192456583321722
0.3193003338880683
0.3193368421258576
0.31925947069338934
0.3192666100219859
0.3193336171867278
0.3194448882635724
0.3193744337257443
0.3194276076100605
0.31944411821697427
0.31947949529715625
0.31955026297771705
0.31941295450874646
0.31947662118702724
0.31945432457005624
0.31939471265598846
0.3194047609339162
0.31944436086030803
0.31940083539828845
0.3194175428446939
0.3194703348075463
0.31948767554822005
0.3194401420951777
0.31947936386046943
0.31954981450560754
0.3195708966115809
0.3195788963834613
0.3195823883167731
0.3195625914626312
0.31959907135337107
0.3196163185529798
0.31957637194175087
0.3195927655465327
0.3196128633725692
0.3195612121320616
0.31953739132104475
0.31946877268221724
0.31939047119835334
0.3193789479664468
0.3194610670417184
0.3194469736423312
0.3194071111665855
0.3193856405755863
0.31945774445269265
0.3195032403601304
0.3194908083185729
0.3194962604330489
0.3195901175713368
0.3194855825368345
0.3194302809926654
0.3194030256819113
0.31938800284906615
0.31937464612560384
0.3193907036805584
0.31939572552778883
0.31946093990686086
0.3194725248550169
0.3195261776055302
0.3194983239564379
0.3195787459472666
0.3196373365647221
0.3196465569522974
0.31950958129600115
0.31946586023595724
0.31952339668471474
0.3196066592104169
0.3196459738581227
0.3197130599603368
0.31973677475939366
0.31963915847841146
0.3196584170971318
0.319645818612494
0.3195877149420455
0.31944651565796695
0.3194811524288582
0.3195325710809141
0.319531628333111
0.31954298034145984
0.31948035810310044
0.31949432789812365
0.3194437498636204
0.31949388771086124
0.3194772482847284
0.3194818459733248
0.31947506946700044
0.31953313892831375
0.3194679496953696
0.3194575604382107
0.31944738671978434
0.31937681454212147
0.31936913428098807
0.31924566287420947
0.31922229266377783
0.3192218388090906
0.3192727707400829
0.31931726481965994
0.31927281520921297
0.3193121705260409
0.31935413346187375
0.3192481464415729
0.3191727980391745
0.31921307300487206
0.31910628471807695
0.31907133345995825
0.3190266414129742
0.31922913620257454
0.31913159670855157
0.31922637309427787
0.31930560187110674
0.31924691235225555
0.319192929839948
0.3192915089959106
0.3192539341868024
0.31919425022904996
0.31920806488659886
0.3191735406681652
0.3192135769730688
0.31916147838201286
0.3191434128912879
0.3191631104444448
0.3191517411665597
0.3191481621179233
0.31920194103782
0.3192095076170166
0.3192030932696664
0.31921206025919435
0.31915942865532093
0.3192094417536737
0.3191567427732649
0.3191573887840861
0.31905014960130595
0.3189755354541649
0.31898969396542626
0.31899124501906095
0.3190185099445791
0.3190121953698958
0.3189161086228998
0.31887237512391986
0.31888926348527935
0.31886882479010126
0.3189031154775925
0.31891048186313964
0.3189472553055875
0.3189153786317726
0.3188841942238183
0.3189114957130535
0.3188292695056468
0.318882274184196
0.31881172238025524
0.3188642089302709
0.31886814368733324
0.3188449079056859
0.3187846363056706
0.3187860593703665
0.31877750203430266
0.31888495900878416
0.31886139140428726
0.31889769514561755
0.31883902875117487
0.31887547843699593
0.31883857687559874
0.3188462625789828
0.3188322805759861
0.31882334775781557
0.318840662514699
0.3188548880873341
0.3188649185660861
0.3187966661142505
0.31881554220730834
0.31885005415668577
0.31891430546545635
0.3189755265339937
0.3189977064676111
0.3189715796979489
0.3190135681386285
0.31897271109766306
0.31904497826600364
0.319011050717346
0.3190699056782019
0.3190986433002905
0.3190649750846341
0.31909733401426227
0.3190891105245213
0.3190709236484413
0.31900950985965365
0.3190921812099863
0.3190843735390156
0.3191951770365451
0.31923143406849086
0.31925971314857626
0.3193039343788846
0.31929578376981954
0.31923862169186096
0.31922989715788164
0.319294799648463
0.31918974434708847
0.3191723808592146
0.31924555373187097
0.319249147580348
0.31924100150773943
0.3191906594265561
0.3191487835884344
0.3191216450939673
0.31905725236729393
0.3190401171596551
0.31909368174890296
0.31907375660927706
0.31910034085480626
0.31907215065152594
0.3189858002336787
0.31901030690918114
0.3190017780478277
0.3189868550753599
0.3190363081879032
0.3190389448664505
0.3190185041153415
0.31903959999074616
0.319063276834534
0.31900074016555663
0.31905548696783037
0.3190531317468359
0.3190083645693795
0.3189807061815948
0.3189045407259122
0.31894156543875246
0.31894582401309435
0.3189916624186169
0.31891900464902967
0.31889464905673975
0.3188663766463932
0.3188036571778548
0.318857162884083
0.31884944341994015
0.3188463213104683
0.31882630631881265
0.31879603237703524
0.31880700359706904
0.3187844158517799
0.3188644053589739
0.3188046495485442
0.3188012877878231
0.31879287996530764
0.31869805316965544
0.31878557523427187
0.3187882322113225
0.31880767274607263
0.3187943381872455
0.31875074997972647
0.3187488341953986
0.3187246371433424
0.3186568437070961
0.31868584689905216
0.3186657243344313
0.31861162630878553
0.31859740961632327
0.31861021240331217
0.31866606482699855
0.31856237078558797
0.3185540863971298
0.31856339617268686
0.3185619182539144
0.31845869174238145
0.3184301347983186
0.3184630751749002
0.31852467501518433
0.3185390047999402
0.31853008486853934
0.3185082291850298
0.3184769759021453
0.31856154783667057
0.3186274359013301
0.31859462429040464
0.31858274168231665
0.3186047931169799
0.3186373936855475
0.31861428957111265
0.31862308416786905
0.31867476588487076
0.31863904027852513
0.31865806119182977
0.3186733582416351
0.3186254260456424
0.31863961444805716
0.31864754059858563
0.3186589462524208
0.31861927716932387
0.3186043750414959
0.3186740568631548
0.3186073995474207
0.3185869280365293
0.31867164709883966
0.3187210695898438
0.31871976825165954
0.318731568882662
0.3187573646760709
0.31874246456024485
0.3186845666289025
0.3186744101829486
0.3186983819265108
0.3187078881373446
0.31867962628152924
0.3187268356143253
0.31867824563807584
0.31872889739769616
0.3186761772473994
0.3186707095557959
0.3186725782962144
0.318639278118107
0.31865490054697226
0.31862368123594004
0.3186885912957634
0.31862091351376337
0.31863456076704566
0.31858882191519405
0.3185345057816251
0.3184984002164413
0.3184765982585392
0.3185229887744698
0.3185139686121748
0.3184874580344075
0.3184755494899938
0.3185103487938613
0.318529532556429
0.3185595642377662
0.31860639640043564
0.318617893439264
0.3186174098908965
0.31860699747769683
0.3186717278612265
0.3186978353341376
0.31869437079699175
0.3186875752700379
0.3186494572870087
0.3186160850400515
0.318613746667427
0.318632897411671
0.31858873628341694
0.3186070654201608
0.3185749693587383
0.3186219361831688
0.3185701761173739
0.31850896742028695
0.31844939332682787
0.31844764408609827
0.3184755520294251
0.31843716178741344
0.31840872697341177
0.3183899827913392
0.3183627280190121
0.3184261872979932
0.3184276802514536
0.31837354886826136
0.3184207014298758
0.31833787632668614
0.31834855786927946
0.3183307888965803
0.31829691942635724
0.3183396963866294
0.31833881400889796
0.3182962250761924
0.3183107524375945
0.3183093329845716
0.31831328668701164
0.3183060881171419
0.31836368392750797
0.3183555565588077
0.31827570681332557
0.31830999923394754
0.31836857096845234
0.3184103748742979
0.31840819834066075
0.31840179496480064
0.3183726335222964
0.31835172344639234
0.31841705625239103
0.3183709047120438
0.31839766413522375
0.3184183034895904
0.3184433851207004
0.31848850642142074
0.31849362156121486
0.3184484580180431
0.3184537476121939
0.3184505004155041
0.31848900637479116
0.3184945141591668
0.318512745046474
0.3184977650316572
0.3185087517718888
0.31851152718242026
0.31846476289783743
0.3184532451393334
0.318429828119697
0.31846120021154395
0.31848310102581867
0.31853165622126467
0.31854226492638577
0.3185222998555807
0.31850365914092815
0.31851337871105606
0.31844441685025215
0.3183391497497766
0.31832485958232865
0.31830391051392654
0.3182671472719232
0.31828189283916264
0.31825932757610736
0.31827872989000155
0.31822990463969836
0.3182522369567523
0.3182494882607834
0.31822951724432175
0.31816901501098394
0.3182020970369482
0.3182572141101075
0.3182584582910692
0.31824486424049586
0.3182918344938079
0.318331594448687
0.31827684718147004
0.31832289694446236
0.3183161117592935
0.3182029895715307
0.31816653654981053
0.3181744050842358
0.318230858738649
0.31821544596973755
0.3182586104571276
0.3182631293742959
0.31828403022024576
0.31829368182044043
0.3183422599218478
0.3183571893983145
0.31840756034617657
0.3183977039311985
0.31838824840693924
0.3184356352717558
0.3184058287435432
0.3184859551093287
0.31850735711508915
0.31843523152466935
0.3184801637683694
0.31846096485855496
0.3184705290179906
0.3184911702474973
0.31850474581054217
0.3185612116810043
0.318537707517549
0.31853999178794745
0.3184796940174091
0.3184993733282522
0.31853222740577375
0.31856710152942075
0.31857452037228545
0.31858588159121703
0.31861627032370904
0.31864313515152654
0.3186922863703617
0.3186816707925393
0.31868643240224975
0.3187555217200936
0.31872989822416187
0.3187523023514571
0.3186719602194588
0.31870540897737837
0.31874099157852726
0.3187788664414277
0.3187660570603906
0.3187646539056263
0.3187576983919357
0.3186832138799239
0.3187056318114619
0.31870525879969147
0.31865602370152857
0.31861441035907206
0.31861033382860443
0.3186022276665579
0.31860754560371607
0.3186346341611653
0.318645854408256
0.31858816964477094
0.31859844848852026
0.3185376687954949
0.3185490624408351
0.31854652756612467
0.3185329088213689
0.31845478660318105
0.3184300258418098
0.3184445629811657
0.3184415998534471
0.318501747354424
0.318498436535983
0.3185023996686909
0.3185347212496178
0.31855197226380433
0.3185971454492901
0.3186185150952294
0.3186250832569944
0.31857652175131723
0.3186278515762597
0.31862071147002013
0.3186119392038812
0.3185385399265483
0.31857059117047243
0.3184955468278834
0.31845348992512035
0.31839661342802145
0.3184008380818674
0.3184200079457859
0.3184439408339046
0.3183928393245802
0.31840359050272676
0.318429425157181
0.31839296521733657
0.31833177824193737
0.3183448294867939
0.31838012021245987
0.31841019273757754
0.3184314758876791
0.31842396953604735
0.31841944791539467
0.31837114326439464
0.3183813234667439
0.3184462089168727
0.31838891828120025
0.3183873751516207
0.31834420941796077
0.3183650518889996
0.31837030610510464
0.31838102868147944
0.31833700024262745
0.3183325732391916
0.31830219780095254
0.31831839066509987
0.31824844508909994
0.3182498315940125
0.31825862422671464
0.3181842440258774
0.318168094364898
0.3181507132127695
0.31817856812040857
0.3181819107693672
0.3181839204404454
0.3181577967258175
0.31817902991191666
0.3180965301788151
0.3181492166594235
0.31813947724970765
0.31809818594535294
0.31809816631246846
0.31811017273373526
0.31814079068240514
0.31812071609627124
0.3180855473326721
0.31811343500587147
0.31818977018932926
0.3181840976765233
0.3181623802428629
0.31819274521980323
0.31817897001032514
0.31818351028061376
0.3181757478355211
0.3181875191732931
0.3182397311528568
0.31826959912383934
0.318315086400481
0.3183357242497304
0.3183652564443767
0.31839690069641907
0.3184260878793638
0.31843279197537583
0.3184003360055026
0.3184330584182755
0.3184369705986787
0.3184270366926678
0.31838151193525865
0.31839831297981347
0.31840703868684567
0.31841881034390906
0.31845766883191035
0.31843974369264155
0.31843943341176206
0.3184765230223865
0.3184771596685108
0.31843480964047305
0.31844374107473467
0.3184462271713656
0.3184429294521716
0.31846256393046724
0.3184472450058585
0.31844346056969736
0.3184543427809136
0.3184640697714541
0.3184369137483084
0.31844002015936296
0.3184433340328558
0.3184412956513884
0.318474338698179
0.31844976457075147
0.3184503409916525
0.31844451201856727
0.31842123704327063
0.3184521999633153
0.31846872485387284
0.31850268421084976
0.31850986191026603
0.3185126501455781
0.3185206015391718
0.31853868148459585
0.3185499423226889
0.31856772845144327
0.31859854693531353
0.31861527789695954
0.3186438885649112
0.31867854027044296
0.31860176800693313
0.31866381282871437
0.31869362565207243
0.3186970462495144
0.3186541933434969
0.31864699054254486
0.3186480587013001
0.318712955296882
0.3187099414268759
0.31872483670972973
0.31869967189352194
0.31866925808457947
0.31871672640043547
0.3187519700030522
0.31876271418808994
0.3187614290952549
0.3186805800106807
0.31868469601621774
0.3186914492682549
0.31868945089555883
0.31864105633273837
0.31865228407940827
0.31863339518130257
0.3186097448556939
0.31867274007021257
0.3186687449359089
0.31865202702854334
0.31864568142629013
0.3186488069309523
0.31862823667023316
0.31866702316141865
0.3186806428202987
0.3186485037355606
0.3187139229676894
0.3186939541275198
0.31869812134259795
0.3187224392611273
0.31872255408097916
0.3187456394797954
0.3187030901891636
0.31874474764506217
0.3187809973477561
0.31876173161964316
0.31878587139571574
0.31879034487702085
0.3187503631934196
0.31876653281019285
0.318731534143066
0.31875432658619546
0.3187112492917227
0.31863602040182926
0.3186525139134787
0.31873681528988185
0.3187061281285268
0.3187250855813234
0.31871267125289343
0.3187371525345827
0.3187220671380867
0.31868264278803915
0.3187273879954434
0.3187153850457583
0.3187287075259279
0.31871436693544974
0.31876254540291643
0.31871907930108345
0.3186976609053884
0.31870280582051397
0.3187213349761729
0.31867228714088236
0.31868870472440947
0.31870582107572587
0.31873154796452563
0.31873944128417225
0.3187553558648448
0.31879547072584796
0.3188104044646622
0.3188130024630083
0.3187963989186529
0.31878846220052015
0.3188262868479798
0.3187911376333432
0.31880367008394306
0.3187729403159776
0.31884995294259627
0.3188457105447182
0.31881533972098125
0.3188303528812906
0.3188052151389608
0.3187709543593498
0.3187516403512298
0.318791131959386
0.3188268825881229
0.31879764385618686
0.31881945478750595
0.3187891168752958
0.3188263142878954
0.31880762057620965
0.31880665208982867
0.31879552800051014
0.3187560184179146
0.3187757407446643
0.31875697763656574
0.3187493254964237
0.31881760880368626
0.31881409430762314
0.31883229960248455
0.3188428572172172
0.318822677838703
0.31887354116894956
0.3189029747504657
0.318917560409037
0.31891001920436407
0.3189575329703332
0.3189675652078899
0.31890686375498656
0.31889944414455595
0.3189389323184917
0.31895249291797084
0.3189699226624429
0.3189729519184805
0.31893356101549186
0.31898088275046027
0.3189770658056221
0.31894123289439635
0.318913051443011
0.3188818851819604
0.3188479955219629
0.31886009666973236
0.31884120956046813
0.31884132864601616
0.31881626447284506
0.3188084953616769
0.3188060190972767
0.3188017833442726
0.3188161228189123
0.3188232276523161
0.3187787820034871
0.3187518273852891
0.3187473811464746
0.3187431272626065
0.3187282196159831
0.3187097086921346
0.31876152456072243
0.31871161575025164
0.3187312964627622
0.3187955153487589
0.3187351584957146
0.31873957616726595
0.3187279083717611
0.31866892842520367
0.31867642299979393
0.31870909835969835
0.3187489264087909
0.318742962930512
0.3187488917756259
0.31876751630288924
0.3187786178577408
0.31876029575500126
0.3187637781498125
0.3187547970126819
0.318769428611119
0.3187614251743903
0.31879366338969756
0.31876100957336184
0.3187880951433254
0.31878943391184955
0.31881321519722666
0.3188131129158208
0.3187808676463495
0.3187875084081333
0.31874849430256985
0.3187430460547093
0.31874313524824915
0.3187792238687577
0.3187953306919757
0.3188075837283671
0.31880162849426213
0.31874561132794876
0.31876003350591825
0.3187819113956596
0.3188178518090949
0.31877890679399407
0.3187827811371728
0.3188353686582416
0.31879796017268175
0.31879956854388214
0.3188083310543398
0.31883721880106625
0.31880874727403075
0.3188246731395426
0.31885778558021255
0.3188725210316083
0.318820182857899
0.3188598696201124
0.3188166737094272
0.3188082498264723
0.31881550801740444
0.31883718814165807
0.31886296513162715
0.3188649396501372
0.31886449222047697
0.3188721034686269
0.3189097395053291
0.31889144333667635
0.31888211549736345
0.31887674638464447
0.3188793111097531
0.3188943846989094
0.31888622119047927
0.31894177373193006
0.31896685388310464
0.3189662270565915
0.3189161373683806
0.3189023269986066
0.31885126364050487
0.31881541858949053
0.31885491051698533
0.31884901969184454
0.31880817987980453
0.318818207186306
0.3188190208935805
0.3188096162417523
0.31881931613645387
0.3188345144877147
0.3188285126546121
0.3188378993905457
0.31884594313508785
0.3188258392584758
0.31883247552348937
0.3188656336343522
0.31887952816740855
0.3188929790545916
0.31883405921376207
0.3188237986781327
0.31882722001442165
0.3188288358237063
0.31882401843202823
0.3188362079139856
0.31877043353639894
0.31877120808791504
0.3187939283113872
0.31880656142134606
0.31879827646590814
0.31882052874884304
0.31884750745774204
0.31888948231991693
0.318859138289034
0.3188198869238414
0.31880342121247873
0.3188123631979683
0.3188629542811823
0.3188291064565671
0.31879567206715603
0.3188088528529809
0.31881637415094266
0.31879428085965006
0.31879337188342577
0.3187922462202401
0.3188023035495585
0.3188109562677411
0.31879878659950966
0.31880875053794494
0.3187835999550641
0.3188310937356183
0.3188657578811991
0.3188367433584713
0.31886529961571797
0.3188824433838841
0.3188619648574544
0.31889363305808094
0.3188678305818508
0.3188747383938909
0.318875976823717
0.31888717140187806
0.3188427798846943
0.31881471738717393
0.31881444185514635
0.31883315706700094
0.31882006690066916
0.31883990507194004
0.3188417155936416
0.3188119973469166
0.3187965320712306
0.3188327887768459
0.318849780461021
0.3188298300028953
0.31887774134205343
0.3188784716289817
0.3188416838069518
0.3188344157735942
0.3188452683378143
0.31879310990290266
0.3188090605524295
0.31879734838500173
0.31881706303768104
0.3187803591162645
0.31878470757011534
0.3188001787362493
0.3188154915114739
0.31883239380925416
0.3188489365447994
0.3188398598873923
0.3187905925486432
0.318814627173806
0.31882035963490796
0.3188278650501527
0.3188694412421925
0.3188824803642782
0.3188700018902836
0.31884787287072247
0.31884234918485055
0.3188182847059499
0.31882983984459773
0.318855536547529
0.31880819950536415
0.31879455350158453
0.3187994254504219
0.31875192223921306
0.3187573976083065
0.3186844845589673
0.3187264902688402
0.3187449992446923
0.31878089473066956
0.31871310983937634
0.3187514814460232
0.3187496211963816
0.3187659258991054
0.3187562968021642
0.3187347440456108
0.31870631962380375
0.3187149179299919
0.3187560904977338
0.3187626073699298
0.31875497317846246
0.3187499861812391
0.318756521310798
0.318734172574493
0.3187189499664728
0.31873325734438734
0.31868687974359855
0.31872200055886823
0.3187135890081632
0.31875442680936295
0.31870532840620275
0.3187365365491193
0.31874474392792623
0.3187364171076597
0.3187301532775107
0.31870681303563025
0.31871516415664286
0.3186910806991448
0.31867502643743556
0.31871819977336885
0.3187005527172764
0.3187116173892131
0.3187401803661297
0.31874185033382757
0.31875511028347125
0.3187720584855202
0.31874862064691317
0.3187476866109003
0.3187588170157546
0.3187607135576485
0.31875135796503296
0.31876344107349264
0.31872942949381666
0.3187566429923274
0.3187620596002258
0.3187333345195492
0.31874122939322014
0.31868304035468986
0.3186873739489223
0.3187390292099133
0.3187940541583279
0.3187912109652568
0.3187906540901386
0.31875518529681485
0.3187609708523471
0.31879733598636256
0.3188182008810125
0.31885174433980756
0.31887791136753574
0.31888520919750385
0.31888816042439017
0.3188887446506471
0.3188402496899917
0.31883096871788924
0.3188265540845638
0.31885451994486286
0.31884047435675467
0.31884726176491013
0.31883660521226503
0.3188406298654625
0.3188825496692495
0.3188164814729787
0.318789692581438
0.318789536279451
0.31880639510379766
0.3188359560351613
0.3188514049236551
0.3188448066634983
0.3188397159381221
0.3188468664413689
0.31879887787934263
0.31882129710117413
0.3188352858399481
0.31885102668068716
0.3188205305527361
0.3188174004880312
0.31880982414385695
0.31882254023289075
0.3188704006182485
0.31883793519781234
0.3187846488487124
0.318800519262453
0.31879060358005307
0.3188331792906701
0.3188431272520521
0.31883877654722953
0.3188514402709704
0.31882631501287884
0.3188026251922677
0.3188237371555123
0.31878462036557326
0.318778850635507
0.3187800266312846
0.3188266148262531
0.31883296792533444
0.31880953693385605
0.31881597291350194
0.31880990872036513
0.318815586564568
0.31879145585210933
0.3188224295519303
0.3188163768809207
0.3187717536041284
0.31877509352437294
0.31875998053808674
0.31871015379596307
0.3187188834682105
0.3187299209678291
0.3187513646720088
0.3187387414259947
0.3187641449824806
0.3187977455533122
0.3187974974271469
0.31882659273921643
0.31885653292263316
0.3188799169430999
0.31887837593284707
0.31887223723265595
0.3188984985959425
0.31889222187737326
0.3188884576643204
0.3188657357202831
0.31888770852215187
0.31888910343235527
0.3188712781120797
0.3188664441383714
0.3188891102224408
0.31889280049970953
0.31888214132622017
0.3188443876330973
0.31886506502843864
0.3188520862233003
0.3188648490164516
0.3188471594502539
0.3188418355117409
0.31883059023482213
0.3188082817441472
0.31880853340583204
0.3187954043399201
0.3187725288506589
0.3187817904424081
0.3187485834495675
0.31870258052151584
0.3187319123056888
0.31874924736209825
0.31875430838131324
0.3187106461053882
0.31871916195765043
0.31871660457428713
0.31874900473864276
0.3187674937413415
0.3187896828565283
0.3187912318904028
0.31876951133875964
0.31878385950385413
0.3187608347061085
0.31875323475620565
0.31878238442583184
0.31882179569369856
0.3188168962693895
0.3188099518709074
0.3188258180810456
0.31881645655379565
0.31882219608371143
0.318829825711954
0.31884170353453695
0.3188623906888696
0.3188911925632745
0.3189129772319077
0.3188980046888495
0.3189022793891763
0.3188680185426884
0.318876408607734
0.31887269872015434
0.318842978792029
0.31882717336973854
0.3188038837853001
0.3188239548682788
0.3187957833437138
0.31879778028288625
0.3187987218908379
0.31878793111849973
0.31877210827877867
0.3187490243529548
0.3187381395110439
0.318734735007789
0.31874287999714535
0.318722227661795
0.31872319556078754
0.31870034459537866
0.31870701910614313
0.3186865405079633
0.31869434446152844
0.31866246328388337
0.3186805731249926
0.3186534153851783
0.3186184612659495
0.31859204468057306
0.3186086137255717
0.3186021258386996
0.3185733574440063
0.31855802821395973
0.3185181850132646
0.3184753784322847
0.3184817862763993
0.318495638647968
0.3185170980927594
0.3185303981133109
0.31850612682745144
0.31851613232058335
0.3185216130511941
0.3185414104977229
0.3185325642144478
0.3185073392595016
0.3185143515093663
0.31854989918417165
0.3185593234144991
0.3185648089301703
0.3185400331420163
0.3185594393072459
0.3185378314681999
0.3185199837605635
0.3184753932583691
0.31848496977217966
0.31847290562575514
0.3184945651340055
0.3184934406923628
0.3184900554023595
0.31850891289758587
0.3185249647342771
0.318557058148154
0.31854744273521735
0.31854782265316567
0.31855676903979485
0.31854162146460874
0.3185417769169033
0.3185316179859567
0.31857132301494867
0.31860939171783736
0.31862376720432034
0.3186229807499836
0.3186102642899308
0.3186471302412219
0.31864291889580054
0.3186177853721811
0.3185965110779583
0.3185938023094545
0.3186130717988046
0.31862371116557103
0.318618866630426
0.31863163280250245
0.318624776429183
0.3186154061718988
0.3186052848451325
0.31860982753947714
0.3186165886674087
0.3186559358986745
0.3186642394368858
0.3187228140653726
0.31869795025670816
0.3187066317833184
0.31871776839414984
0.31867846621551393
0.3186602863036395
0.31864126800139375
0.31866183534570885
0.31864113976978314
0.3186231099542129
0.318652222623363
0.318638436013421
0.3186539634175244
0.3186317557805045
0.3186276727361865
0.3185875066450117
0.3185574274574236
0.3185258928758869
0.31848666440420076
0.31847776958327406
0.3184605040876938
0.31844128279960254
0.3184490295809789
0.31848632631536383
0.3184861631782472
0.31848637355238457
0.3185067407641431
0.3185210799205267
0.31851413599157713
0.3184898244133802
0.3185082975652265
0.3185147699696202
0.3185082959957661
0.318490925411403
0.31852701145720974
0.3185603291667244
0.31856728492478636
0.3185571266655608
0.3185343065698893
0.31854328902352214
0.3185539003691209
0.3185581387873
0.3185967678795277
0.3185984854172354
0.31860766035904503
0.31860077901068456
0.3185606131167412
0.31856843015003355
0.31857416187418114
0.3185634152662498
0.3185896938532817
0.31860632643375114
0.3186217106188792
0.3186349042306174
0.31862068812136035
0.31864846958807075
0.3186466024216112
0.31861996337042264
0.31861469648432345
0.31860653235043185
0.31861711787552194
0.3186113838507469
0.31857593854076804
0.3185861998886411
0.31859546946139883
0.3186054977529617
0.31858046723562045
0.3185784205471214
0.31859510923938883
0.3186119718682621
0.3186451993521444
0.3186476841876244
0.3186093795536413
0.3185657093428935
0.31856643409703744
0.3186006383807711
0.31858394287126146
0.31858983400906077
0.31858135407444965
0.3185652672852089
0.3186067833098868
0.31861999068872415
0.3186584860590029
0.3186618716012532
0.3186778357911312
0.3186764579221728
0.31868156989142615
0.31866442105953424
0.3186877371406449
0.3186972043452626
0.3186946977607179
0.31869312304796393
0.3187073119074614
0.3187163436961004
0.31871835345383237
0.31871373455371355
0.3187247551959722
0.31872579862476286
0.31874945150733264
0.3187448818675896
0.31876178690808005
0.31875015007115726
0.3187771803853857
0.3187546697783462
0.31874507598157475
0.3187250503144908
0.31872888194424964
0.31873706813301633
0.31873607540651244
0.31871941959057576
0.3187252799941475
0.3187606868590658
0.31873063667251594
0.31872477015674566
0.3187070996072737
0.3187064116124648
0.3186984000575121
0.3186979518696222
0.31872442604290036
0.31873062702521127
0.31872818515760987
0.31874028442060115
0.3187470229810403
0.3187327344582203
0.31874842678868737
0.3187425254448635
0.31874897907292365
0.3187548581437457
0.31875268210423424
0.3187487489816503
0.3187546043170631
0.31876383960928323
0.3187826953415696
0.31878079746920474
0.3187717148293492
0.3188058951666482
0.3187984621348712
0.3188032166234348
0.31881277723153933
0.31880722209597173
0.31882438474365893
0.31879584827045476
0.31879954369534663
0.3187942668364285
0.3188100105445312
0.318798834183727
0.31878491339496867
0.31879453978133343
0.3187709701000791
0.31875696837993506
0.3187451674407705
0.31873724788260116
0.31873955301411855
0.3187360556618999
0.3187501141150942
0.31872701868684444
0.3187191934300106
0.31868561788515276
0.31869265625872933
0.3186994578805872
0.31867857705039704
0.31866978600741197
0.31867314101865196
0.31867142385185254
0.31867358763173426
0.3187064261736464
0.31868389988370266
0.3186817662552771
0.3186687281578437
0.3186404768837392
0.3186445307050774
0.318613649406127
0.31858728472393855
0.31858543456337346
0.31859740387506513
0.31861607722124197
0.3186015233909358
0.3185934708333594
0.31859728921422453
0.3186229089665242
0.31862508617990776
0.31862857133018757
0.3186372156251897
0.31861951268835337
0.3186354289858107
0.31862049814693366
0.31863608135872357
0.3186530721508554
0.31866886596878696
0.3186521640913808
0.3186919033795617
0.3187014920163492
0.3186953455835075
0.3186682752602757
0.31865653060136434
0.3186317433517635
0.3186359942695882
0.31867142142263444
0.3186854202301074
0.31869933854508814
0.31871584739397346
0.31871777719728595
0.31870030765715074
0.31872380431562347
0.3187413843800692
0.3187361783868887
0.318740725754805
0.3187471069329027
0.3187539643859631
0.31872231620895186
0.31873346210110926
0.31874585724006665
0.31873369302086013
0.3187505249311384
0.3187320402664434
0.318727330991528
0.3187410988226897
0.3187590348298211
0.3187539065629355
0.31874856392102224
0.31876235410391635
0.3187652438945467
0.3187835632151727
0.31879039950899124
0.3187698175230433
0.31879127787006134
0.3187960760768712
0.3187994063722871
0.3188132581298433
0.3188220468207534
0.31880604603208246
0.31882610701824976
0.3188239554538444
0.3188459013897405
0.3188259110510229
0.3188479488888543
0.318830012591112
0.3188406248857438
0.3188523714303317
0.3188411498759758
0.3188619576429119
0.31887207037303794
0.31889547736583734
0.3189140062915547
0.3189034687590439
0.3188795297172421
0.31887334955982716
0.31888047114847773
0.31885580140345726
0.31886735667709876
0.3189092538246328
0.3188861178949405
0.3188864763591816
0.3188618713828303
0.3188513334161788
0.3187946796239249
0.3188021248172907
0.318775464085256
0.31878715920297446
0.3188024029965035
0.31880192803714985
0.31879935039784296
0.31881434117467417
0.31881415032643917
0.3188251917874544
0.31883341253564673
0.31882344757103376
0.318793394397453
0.31874329979519084
0.3187493171222877
0.31874468289003927
0.3187537597569165
0.3187562339656757
0.3187513353560254
0.3187862872746413
0.3187745352712238
0.3187712595947421
0.3187739971631216
0.3187171831263284
0.3187317484453973
0.3187296602997216
0.31874390681481235
0.3187491291149778
0.31874453590269886
0.3187536601885123
0.31880013005918795
0.3187733740155019
0.31879447157518587
0.31878952643160785
0.31878328021889907
0.3187636565459693
0.31879218378251367
0.31877798674498703
0.31878854894037206
0.31876477782581086
0.31877459901168415
0.31876899760313854
0.31875420609565286
0.31873065718977545
0.3187084156799009
0.31868371387725
0.31865078079711723
0.31865889559358845
0.31868641042811935
0.3186923863308454
0.31867371729635613
0.31864868100359695
0.31867053107750926
0.31866918617123197
0.31863719043668853
0.3186057052274981
0.3185848040116664
0.31856290295393586
0.31852109237959764
0.3185288110913419
0.31852155719351716
0.31850288398611903
0.31852312757656775
0.3185317221904827
0.3185366507395132
0.31856764078099514
0.3185337311911017
0.3185248086913826
0.3185663256059612
0.3185899802545602
0.3185699958386408
0.31857308505959436
0.31858063664204644
0.3185675890831002
0.31857516653163215
0.31857110888654766
0.31857020603636144
0.3185857536835462
0.3185718193026049
0.31856899953182616
0.3185755514760347
0.3185757003831911
0.3185553285219156
0.3185919261553806
0.3185598456612754
0.3185405456794849
0.31853799131577865
0.31851490568121593
0.31853514764764734
0.31853078730559875
0.31850180177103093
0.3185003681283425
0.3184801225617089
0.31847705784466257
0.31848298836234834
0.31847754428107716
0.3185161756297776
0.31851473800604163
0.3185193589519622
0.31850785903535006
0.318493259252958
0.3185111361018253
0.31854267195620606
0.31854442669779404
0.31853264589197905
0.31849861277719127
0.3185071845379875
0.31851765573124236
0.3185163911436661
0.3185182598178197
0.3185064999809046
0.3184773942423532
0.31848278865784013
0.3184922033047064
0.31845875931992706
0.3184434966536743
0.3184529777892765
0.3184175202840098
0.3184122869750977
0.3184252568561543
0.31842413807655806
0.3184320601692471
0.31843376097465764
0.31843693795465466
0.3184495340746422
0.3184512325538591
0.31845702240216234
0.31848255797398356
0.31847492889362405
0.31847158920366236
0.3184561444258216
0.3184674303833167
0.31846717062916363
0.3184455832063941
0.31844075391229076
0.31845373403210997
0.3184450726330666
0.3184435849222869
0.31845606200593246
0.31844843225439073
0.3184531866242654
0.3184568421388872
0.3184617439138925
0.318481678070559
0.3184733530540836
0.31850350532944216
0.31847262024180784
0.31847059569559727
0.3184741238000006
0.3184994071777214
0.3185229978378037
0.31852530267767726
0.31853731194887547
0.31851401302333565
0.3185391622868685
0.3185171944792863
0.31853935021321444
0.31853257571904103
0.31852764194297195
0.3185296091290639
0.318518688232098
0.3185336567624758
0.31854178158117896
0.31854657317645224
0.31859592638164885
0.31856311482833055
0.3185871355145292
0.3185688529752311
0.3185777850015101
0.31859979303192243
0.3186123906108897
0.3186428271797998
0.31864918606325815
0.3186509357760594
0.31863496438855443
0.31865290576768107
0.31867802462241973
0.3186888978032831
0.3186858540352354
0.3186996452371425
0.3187089415653793
0.3187174837530149
0.31870833384264496
0.31870266181044926
0.318666136779703
0.3186474935169359
0.3186695717506432
0.3186916458978768
0.31868760639151716
0.3186934310237441
0.318693456990083
0.3186786095210121
0.31869494686283756
0.31867512470823756
0.3186717617963562
0.3186457563931072
0.31866327645712883
0.3186542443024598
0.3186330861713627
0.318624373855121
0.3186134996642397
0.3186140937326239
0.3186204383115957
0.31862044329275874
0.3186186981603635
0.3186353321965441
0.3186334874807613
0.3186547029876564
0.3186402344523072
0.3186493737662308
0.3186671896579766
0.31867161345592687
0.3186670309200259
0.31866260555898274
0.3186518442723325
0.3186647499268374
0.3186492387855714
0.3186640477049551
0.31867734683084414
0.31866379684739343
0.3186493865006738
0.3186671551757905
0.31867713794821256
0.31868849418558637
0.31869357237767143
0.31867371961646307
0.31869248978521697
0.3186928133318771
0.3186910713582838
0.318691898124553
0.3186908925773335
0.31870560771747264
0.3187277218674173
0.3187271269870456
0.3187420081561579
0.3187376288151561
0.3187157617748181
0.3186956350421453
0.31871810959385977
0.31871903068773005
0.31872259427899086
0.3187305473437936
0.3187477649420213
0.3187589912947163
0.3187756666131578
0.31880498502784693
0.3188070011424489
0.31881995550033654
0.3188292077198739
0.31886054128433167
0.3188597798082623
0.3188309814684898
0.3188594862164356
0.31886923800262534
0.31886099161267156
0.31886283490438627
0.3188714176593482
0.3188778925668351
0.31890539347449715
0.31891442675267595
0.31891369391077284
0.31893427446142053
0.3189086162732684
0.3188792028844891
0.318861025159641
0.31884329805396816
0.31885316610104963
0.31888050912682475
0.3188880743409579
0.318883782094233
0.3188605240978102
0.3188453934520587
0.3188319517804465
0.31882455695383677
0.3188326433645036
0.3188380344214401
0.3188363297889722
0.3188526437125913
0.31885428853051534
0.31885169930146345
0.3188426401935896
0.3188747870186062
0.31886225192622253
0.3188604210920823
0.31886888246263195
0.3188612824296249
0.31886864184004954
0.3188909276537532
0.3188705715202387
0.3188761592381819
0.31886186584018544
0.3188558686471108
0.3188315289218594
0.318799788839902
0.3188020311720576
0.31880021778839246
0.3188112428539749
0.3188313847782499
0.31885497130989354
0.3188630156044239
0.3188730974603381
0.31888255392015286
0.318866773433875
0.31887209727669785
0.31884573298345525
0.3188702083917448
0.31888250489082026
0.3188758970653051
0.3188750230317401
0.31886049124464516
0.3188463038122637
0.3188311563033238
0.3188392906691028
0.3188329976618211
0.31885443311811074
0.31884513539357795
0.31886320747838837
0.31885610536234293
0.31885271666354614
0.31884004320233233
0.3188404192271067
0.3188281132736016
0.31884654800055945
0.3188553388717093
0.31885240272960264
0.31886258832121744
0.31885509068829754
0.31887279935754004
0.3188792915838508
0.31887499406191194
0.3188955484300857
0.31887176610817025
0.31889315212133196
0.31888400449111187
0.31888247146824206
0.31887515279759787
0.3188810728462274
0.31890361553882934
0.31887330368794947
0.3188699288692443
0.3188819989539197
0.3188806258726948
0.3188986915290785
0.31890772451196403
0.31893320866821717
0.3189394874985072
0.3189242488474837
0.3189089419974207
0.31891658373728093
0.3189250157811753
0.3189355525084198
0.3189203324474017
0.318884872423414
0.3188776372730827
0.318864001912089
0.31883427653621915
0.31882517972068947
0.3188413338139691
0.3188500615038112
0.3188246124749688
0.31884036027829304
0.31885669044587134
0.3188449830462936
0.3188462113938316
0.31886094761756456
0.318832459856694
0.31884616478603767
0.318855300377306
0.31886072193239806
0.3188676676808211
0.31889371329867267
0.3189073446155443
0.3189060720832627
0.3189159568692101
0.3189409543835702
0.318950108003067
0.31897692240083225
0.3189633133138643
0.31895651604624137
0.3189561887730884
0.31894452004509805
0.3189612634502426
0.31893469787365175
0.3189131886713803
0.31888900112790985
0.31888356113837313
0.31887237341152674
0.31886015916491034
0.3188348941490832
0.3188538535840821
0.3188508665250387
0.3188656409497741
0.3188659463676259
0.318888792990852
0.3189142814197279
0.31890992647164573
0.31888621142933915
0.31889692159040556
0.31889619380432194
0.3189106078128808
0.318898257156762
0.3189095566312157
0.3189266673916808
0.31894620747171215
0.3189584516948283
0.318963668800617
0.31895053015193203
0.3189504389292614
0.3189219915955155
0.31890144907379503
0.3189104976078742
0.3189019542814518
0.31891022820562376
0.3189127654023359
0.3189004464607324
0.3189007380421474
0.3189106136445024
0.31891028587207787
0.3189150157077876
0.3189212555137929
0.3189366133407226
0.31895185036480556
0.31897271569320934
0.3189871861415211
0.31898109653862783
0.3189615834587514
0.3189854474970672
0.3189682307293282
0.3189750069247834
0.31895474744320923
0.3189891127909119
0.31899768666808986
0.31900198558673476
0.31902828510233877
0.3190337631092751
0.3190284342548648
0.31903294722920716
0.31902252816193344
0.31901082428521343
0.31901021530104395
0.31902418283136513
0.319028233085507
0.3190145142669841
0.31900787624249904
0.319015973569425
0.3190172674788579
0.3190143055081389
0.31902036807887596
0.31902901385012905
0.31905182228809553
0.31909421129772825
0.31906225205675576
0.3190648748554873
0.31906660272121357
0.31906241675837677
0.319081781875168
0.31907935967820933
0.31908968415477856
0.31907663895728083
0.31908226189683064
0.3191010753513853
0.31910110855603574
0.3190921207444435
0.3191021447321421
0.31910939967285595
0.3191059713152573
0.3191015991802871
0.3190931485824096
0.3190873611863988
0.3190928280470852
0.31909087534368413
0.31911019563431386
0.3190950825129102
0.31909257114880824
0.31908827136082807
0.31909359777600577
0.3190757301887392
0.31905380209771617
0.3190679460065795
0.3190777676376748
0.31906654020544106
0.31909004695967713
0.31907359543493646
0.3190671641660024
0.3191012015796931
0.3191003108066016
0.3191177337224839
0.31911132130197445
0.3191177378614321
0.3190902377762262
0.31908899432006027
0.31910841083381747
0.31910529818808026
0.3191146135689474
0.3191226770471167
0.31911253086981556
0.31911911414777017
0.31912311405129107
0.31913100688899804
0.3191397469298527
0.31911883498289806
0.31913058313915416
0.3191337432803038
0.31916584751877475
0.31916211644781023
0.3191474472118995
0.3191348270159649
0.31915841372204895
0.31916063757997465
0.31919977075796446
0.31917347399009033
0.319151494768552
0.31916403798253673
0.31914735412643414
0.3191478534667234
0.3191378775184823
0.319123805335514
0.3191305463106959
0.31913432457413854
0.3191308980224489
0.3191408294261717
0.3191249100843242
0.3191226705022961
0.31911303822549936
0.319130344456919
0.3191478842839599
0.3191510131802616
0.3191437864375719
0.31914650483270296
0.3191261435235849
0.3191311703544174
0.3191223154385166
0.31911370405335626
0.31912587935433884
0.319138234723533
0.3191480325894239
0.319134575074341
0.3191304952218942
0.319134598998653
0.31916547669563033
0.31916666397478305
0.3191898304625139
0.31918898893869535
0.31917867975825825
0.31921119637148027
0.3192235156731499
0.3192331218036501
0.3192111980604156
0.31920346864817317
0.3192267230179944
0.3192292541756266
0.31921745415817065
0.3192213156018813
0.3192408725088918
0.3192670265384668
0.319252149872396
0.31925501204078083
0.31926771236717966
0.31925643864099096
0.31924436811576956
0.3192455534035528
0.3192646346606502
0.3192723082890719
0.31927294175155235
0.3192492632642543
0.3192457683093358
0.31924546906285
0.3192403877293097
0.3192300269994051
0.3192409338460234
0.3192332425306864
0.3192367368906858
0.31922329049591736
0.3192306863523104
0.31925339934675445
0.3192660530945207
0.31925890642341753
0.31926982260831854
0.31928998860250135
0.31927716029975656
0.3192684358712363
0.31923334237197715
0.31923795113236697
0.31920970908647844
0.31921130213483795
0.31922879848026403
0.31924326395054614
0.31925389199960064
0.3192825055450986
0.31926978462015965
0.31928717361869413
0.31929048471014654
0.31926059576909555
0.3192327913242226
0.31924812305851596
0.3192659196655678
0.31926547845474845
0.31928358718709043
0.3192628802247889
0.31924020539808873
0.31923756327156944
0.31924378448394247
0.31923667309086534
0.31922983266315424
0.31920066174968875
0.3192018856271205
0.31917532379375246
0.3191717077501901
0.3191823934068315
0.3191816830248821
0.319165959995813
0.31916258099419753
0.3191569702925074
0.319165617379262
0.3191778394036549
0.3191902947709602
0.3191790728358535
0.31915818588655726
0.3191600669035972
0.3191666093739265
0.3191875895410054
0.31919744666992894
0.31919846256454176
0.31917889247741255
0.3191788707763346
0.3191763132589807
0.3191693713204681
0.31915976647231487
0.3191653454232543
0.31917533494246925
0.31914276416610515
0.3191282738355695
0.319134823989626
0.31915337917827175
0.3191585453755084
0.319150748551101
0.31916095664826466
0.31916154809403013
0.31917429353964794
0.3191583744656645
0.3191749134577902
0.31917384282884415
0.3191972259063152
0.31920446966501514
0.31922159370441744
0.31924172161693193
0.3192286768866352
0.31922986581727775
0.3192525485225088
0.3192525990058435
0.31923220909282746
0.31923291497504164
0.3192346921464808
0.3192545620018439
0.3192636810967598
0.3192588615260892
0.319244164457168
0.3192364308121348
0.3192281216859264
0.3192315789117735
0.31923655477638574
0.3192473075384186
0.3192561760948896
0.3192551775996392
0.3192558156991563
0.3192457367991048
0.3192296150213095
0.319248921026799
0.31925669668636375
0.3192639560190442
0.3192699013852253
0.31928734514364127
0.31930287713678385
0.31930088183597183
0.31930316998655944
0.3192891867577649
0.3192767576092431
0.31928802165182546
0.31929903276741795
0.3192961386700271
0.31929054880888463
0.31930764015213503
0.31930974578341453
0.3192982470244017
0.3192939649775621
0.3193002148675733
0.3193108260383809
0.3193140001969625
0.31930675951710086
0.31930441047318764
0.3193055028183152
0.31932717638080965
0.31931900601460456
0.3193311558425405
0.31930670539645606
0.3192890072013395
0.3192896921973869
0.3192888533070248
0.31928283138657637
0.3192619946328383
0.3192522763121887
0.31923382770297604
0.31921841696046876
0.31922866879299605
0.3192523776575026
0.3192373255832412
0.31923647013596645
0.3192341640450547
0.3192419569644899
0.31923305899483967
0.31923083985841927
0.3192294358482765
0.3192477259965939
0.31924301990600434
0.3192419674189957
0.31925137786600716
0.31924858941725287
0.319275055590275
0.319277304045792
0.3193016393898729
0.31931031334959803
0.31929086541078083
0.3192991883287595
0.31929727288579146
0.3192942792867626
0.31930949546435694
0.31932116239736025
0.3192817622265639
0.3192966005683174
0.3193068285234558
0.31928804336148153
0.3193044445600651
0.3193016639509686
0.31929948709053857
0.3193097273379996
0.3192867346226964
0.3192723437040691
0.3192554088231382
0.3192702121501571
0.3192792106789284
0.31925446144516556
0.3192734004598245
0.3192875822600378
0.31929786713487135
0.31928839791284747
0.3192676190658465
0.31926573600576885
0.31927417967017047
0.3192560070179669
0.31926336071525446
0.31925955599980865
0.31925501909399234
0.3192317924053559
0.319224668259657
0.319217250476587
0.31922240127636753
0.319227523875393
0.31921816882371806
0.319215427148566
0.31921889452703023
0.3192335475810115
0.3192458779655537
0.3192362749294198
0.3192226668908542
0.3192026317520684
0.3192024241842072
0.3192076903821355
0.31923387231868305
0.319246541894539
0.3192505605094045
0.3192562716163712
0.31924595225573843
0.3192336894407845
0.3192310910731965
0.31923035125988636
0.3192265893414943
0.31921488573665713
0.31920865253891023
0.31922179005760426
0.3192231418688748
0.3192290146908263
0.3192416578864067
0.3192326752744505
0.31921950726564324
0.3192360935121765
0.31923609818492826
0.31923283296493227
0.31922497857841986
0.31920505038406594
0.31920359177114616
0.3191916122514252
0.3191913416223102
0.3191757567638788
0.3191682493895116
0.3191823553814186
0.3191741843540517
0.31917953421148704
0.3191831721740203
0.31917138787515653
0.3191546440729275
0.3191507388890498
0.31917255308205295
0.3191764455870454
0.3191926067047789
0.3191971676583426
0.31919990022274003
0.31921210150405804
0.31920729981252965
0.3192066352439139
0.3192111643647507
0.3192083422689331
0.31920557435127855
0.3192122553101089
0.31920563128093066
0.31921539288361567
0.31921583142566146
0.3192258344404135
0.3192218584416286
0.31922644741855444
0.3192479564865652
0.3192221353160541
0.3192058457038439
0.3192210350050698
0.31922084425160024
0.31922929868061684
0.31921786581685013
0.3192379481763762
0.3192387517313361
0.3192477290880645
0.31925132611331924
0.3192582913412478
0.31926631162000446
0.3192899885704621
0.31931118568003913
0.31930456097460735
0.3192808996701679
0.31927778805339513
0.3192874241649916
0.31931542368380944
0.3193072132731036
0.31929841928809916
0.3193189685171261
0.3193192821392282
0.3193282763507798
0.3193332494828195
0.31934453688113645
0.3193485290296186
0.3193478409783595
0.3193703835396335
0.31936355443546377
0.319384228002992
0.31937455506307466
0.31939092504974514
0.319388648357296
0.3193873812011049
0.31939572684056694
0.31940055336619644
0.31940347441315
0.3194040486587498
0.3194139155940348
0.31943322229031684
0.3194522502805584
0.3194682866174018
0.31944305268756007
0.319428014197998
0.3194429494735037
0.3194312039243569
0.3194342973086356
0.3193971811507976
0.3193844774096735
0.31938740925105463
0.3194072616192684
0.3193957172489907
0.31938335077112545
0.3193891807936373
0.3193768563317299
0.3193939434541904
0.3193768635655003
0.31936003081062275
0.3193487838312232
0.3193466593359711
0.3193604077920473
0.31934856180928534
0.3193473573080555
0.3193440879844801
0.31933757337264
0.31930974912019217
0.31930330575265
0.31927800704918613
0.3193013345245383
0.319290549755792
0.31928884804332075
0.3192844909149735
0.31928647359194395
0.319285319294979
0.3192775920671935
0.31926685650445263
0.3192463688189993
0.31925813261385494
0.31926064845090074
0.31925085914567364
0.3192538671617951
0.31926575631072984
0.3192689846204942
0.31927201128103666
0.31926029092997465
0.3192408332687178
0.31922439300310396
0.31922748154453173
0.31923834232448556
0.3192377138257567
0.3192226353482568
0.3192279850394733
0.31922719375491276
0.3192238100682496
0.31922370956234
0.3192206457432709
0.3192129027569872
0.31921959760464136
0.31922091130994934
0.3192379655166874
0.3192427807632757
0.3192545436901363
0.31926083933595384
0.31926304191494453
0.3192427099705964
0.3192439733328587
0.3192060188382868
0.3192053010563481
0.31921135587385346
0.3192202877883354
0.3192127467625348
0.31921388788083
0.3192019963655696
0.3191885331829312
0.3191979052287736
0.31920850103774745
0.3192026021147358
0.3191630623365166
0.3191637618211723
0.31915475235541785
0.31915442035051983
0.31915679201868663
0.31915986861763457
0.31916512823588605
0.31917548403102314
0.3191751159816344
0.31916162302352313
0.3191568062676062
0.3191614398815733
0.3191578693445548
0.3191697988294125
0.31917067314973074
0.3191747489344709
0.31918984196436645
0.3191816194658382
0.31919697098014754
0.3192096504869076
0.31923364585825437
0.31923769768046595
0.3192556106477583
0.3192339956892892
0.31922676462324867
0.31923752661447713
0.31922621623649045
0.3192368430819869
0.3192420614301818
0.3192477461905208
0.31922686362779246
0.31922720009228267
0.3192453324979588
0.3192488458625231
0.31925757515679276
0.3192645319973459
0.31926281701441395
0.3192732992368311
0.3192725032590059
0.3192550570787612
0.31925113347383777
0.31922674653059124
0.3192130513716109
0.3192159746900185
0.3192055135139213
0.3192128822547421
0.31921437786016266
0.31921140209480775
0.3192220548157705
0.3192219236272882
0.319209274203504
0.3192304879954077
0.3192234998907112
0.3192246926730905
0.3192107174763962
0.31923077966161684
0.3192259515092778
0.31921793178918717
0.319213445605862
0.31922860225071503
0.31923174779450647
0.31923152390428733
0.3192326653471456
0.3192194107215099
0.3192138289989202
0.31920913627295755
0.3192012696706544
0.31920282475552464
0.31921057564408445
0.3192009486880029
0.3191956964457768
0.3191621351929676
0.3191785491114276
0.3191943023152486
0.31918668764517133
0.3191960682708017
0.3192012456550013
0.3192004716967193
0.3191912426944376
0.31919970773791323
0.3192134871760887
0.31922865437995196
0.31922944279950854
0.3192242239761031
0.31923344643411694
0.3192439183665847
0.319238375295543
0.3192315933443292
0.3192412587447077
0.31923889445743153
0.319245186330469
0.3192670461990048
0.3192628355375378
0.31927670052763374
0.3192664055023893
0.31928266013848766
0.3192780964441702
0.3192917271374555
0.3192854268161212
0.319288580973239
0.3192701127482565
0.31924309132805706
0.31925641031476026
0.3192647866742709
0.31925663051724407
0.3192867764490144
0.31928237754831273
0.31928629542279163
0.3192893942469818
0.31928987786414315
0.3192915174391323
0.3192913569246322
0.31929598191337477
0.31931091784536975
0.31931844774240725
0.3193302721483904
0.3193338317993211
0.3193395034260629
0.3193243755672064
0.31930911663835143
0.3193365797193798
0.3193377514021199
0.319361302765734
0.31936183994165057
0.3193523360184244
0.31935185383744413
0.3193440932531248
0.3193375550258815
0.3193544253177585
0.31937234053106
0.3193641026934368
0.31936816445824096
0.31936702886465623
0.3193681776803045
0.319356745044253
0.3193592479602073
0.31937321995423734
0.31937678559425353
0.3193796225366013
0.319393247816816
0.31940695918927475
0.319400551370361
0.319411323946745
0.3194184531470492
0.31941180302134586
0.3194135200016241
0.3194054186215157
0.31942498720619966
0.3194085346253882
0.3193974464027967
0.31940995686374485
0.31940479438521613
0.3193935886595947
0.31938904312583277
0.31939346127230933
0.3194012596801356
0.3194090289334569
0.31941947772430085
0.31940165866336584
0.319411306148188
0.31940443677853914
0.31941193202784024
0.31939817219990113
0.31939504491589
0.31939018243165046
0.3194090782289584
0.319425723558703
0.31941473084416533
0.319412537528736
0.3194052616302208
0.31942273351651024
0.3194319975604279
0.3194371433896465
0.3194461955463369
0.31943188624060237
0.31942664061907006
0.31941870525781374
0.31941071896154827
0.31940125842205497
0.3194024822147457
0.31940483758620236
0.3194057885272285
0.3194072316399389
0.31940171741301704
0.31941387208295474
0.3194058215453261
0.3193888035653693
0.3194001793733871
0.3194015472609915
0.31941276169693494
0.31941716456327507
0.3194134735813556
0.3194187175357013
0.31942700508693606
0.3194283584613949
0.3194321490452024
0.3194115914472001
0.31943620405597983
0.31942726753840106
0.3194350928652988
0.31942383852115513
0.319405021793928
0.3194094931886017
0.3194334015910509
0.31943088177322865
0.31942592536545994
0.31941287574746213
0.3194158214104934
0.31940365707910073
0.3193937446334952
0.31940771161183124
0.3193900067299738
0.31938568416269414
0.31938274975061104
0.3193729862277007
0.31936698425001075
0.3193734204154131
0.3193410199575968
0.31934372742658546
0.3193360911815067
0.31933284747247026
0.31932085882435945
0.319329136948195
0.31932646869779635
0.319334176121535
0.3193444147546889
0.31934220304908867
0.31934907026657916
0.3193359407666542
0.3193404570867678
0.319344387235858
0.31933916187229655
0.31935072260978886
0.3193504177156973
0.3193526816934038
0.3193607255047225
0.31935989083373595
0.3193608807111409
0.31936094999289905
0.3193530735610525
0.3193657403664371
0.3193629174530129
0.3193822130568583
0.3193764739116831
0.3193777775245499
0.31936457274356805
0.31935870725277726
0.3193553637932749
0.3193375258746514
0.31933425671566645
0.3193274723915623
0.3193259121586076
0.3193232294597173
0.319326959255923
0.31934186973032325
0.31933446259132603
0.31934404370037456
0.31934015627781964
0.3193483278803369
0.31932798066844453
0.31931691915538096
0.3193248879991246
0.319336673260028
0.3193423215569147
0.3193290318436196
0.3193247803021076
0.3193190050525537
0.3193077501380233
0.31931575695114683
0.31933564183293556
0.31933706678888346
0.3193445183572182
0.31936049963772206
0.319361901630838
0.3193617396049161
0.3193761370978429
0.31935432855384455
0.31936831678747646
0.31934886222007375
0.3193464208847675
0.31933584830950257
0.31933310517677355
0.31933304290283626
0.3193459243704829
0.31935177231796197
0.31933817599049685
0.31933354216844634
0.3193421691456727
0.31934958308562555
0.31935979340962356
0.31936716199387577
0.3193623680049127
0.31934878623980567
0.31935987779800845
0.3193728088234036
0.3193426810008935
0.31933574855419916
0.31935434835667814
0.3193387858576248
0.319341575466632
0.3193277075270791
0.3193336815284021
0.31932570852503545
0.3193312138871777
0.31930519265448953
0.31930476691053244
0.3192964408765688
0.3192973045389783
0.3192941237374631
0.3192716066888755
0.31925101244189075
0.31927284524343574
0.31927277021451356
0.3192813123976861
0.31927136697612535
0.3192898569658526
0.3192701108844802
0.31927792523025533
0.31926853681512835
0.3192734037208479
0.31926559394013504
0.3192678047931834
0.3192810797964323
0.3192803319464481
0.31927694376525967
0.31927678397307896
0.3192462678274502
0.3192409442170933
0.3192269562524072
0.31923082843228623
0.3192478074237703
0.31922974089297507
0.31922628962850097
0.3192299814630193
0.31922779578906874
0.31922944570753853
0.3192201696958821
0.3192105456118111
0.3191984238260483
0.31921571085306294
0.3192185354818776
0.3192082675587249
0.3192024133006444
0.31919045495035914
0.3191997661007188
0.31920657651517
0.31921313468975826
0.3192139420611488
0.3192179390550617
0.31921327099120766
0.3192234383064097
0.3192276638244469
0.3192209482199258
0.31921994744041937
0.3192282486331876
0.3192072133456338
0.3192155215698438
0.3192227819806056
0.31921840448821537
0.3192084716335888
0.3192127685639248
0.31923570369960813
0.3192546501773113
0.3192684120117945
0.3192740978506903
0.3192800241283716
0.3192820155497656
0.3192880475235143
0.31929575570582114
0.31929984828239855
0.3193058486600581
0.31931206572883297
0.319294282952101
0.31930112023948504
0.31930181821886733
0.31931286762860056
0.3193095709351653
0.31930381602478264
0.3193040809626026
0.3193200550730565
0.31931017844692494
0.319292547933772
0.3192859980260285
0.31929381160270265
0.31929681282854544
0.31929014028115377
0.3192877962665228
0.31929318473370255
0.31930040195629666
0.31931251027407376
0.3193259506447872
0.3193251248957047
0.3193241267455832
0.3193216877593037
0.31932282503604
0.31933241493218595
0.3193501238012611
0.3193563669406014
0.319347547626902
0.31934044900742437
0.319330990788613
0.31933462283397435
0.319337409114898
0.31932788833767656
0.3193424849937295
0.31933734188908924
0.31935420587857083
0.31935104776777556
0.31934924608523046
0.319363470756777
0.31936183424567327
0.31937031871486277
0.31937012561269024
0.31936532967268777
0.31937517485833533
0.319366439809633
0.3193707869484481
0.31936298318742123
0.31936269620112706
0.31934759840551713
0.3193546309085948
0.31935967058808856
0.31936352626349085
0.3193549478150332
0.31936749819751037
0.3193665896722358
0.3193748549637228
0.3193890312480691
0.3193821876068087
0.31938569487474266
0.3193983547654879
0.3194031579354561
0.3193948698410264
0.31938553588236746
0.3193735177004785
0.3193781513434793
0.31936610735703175
0.31939104982484195
0.3193940895292965
0.3193812596026539
0.31938268369019895
0.3193795269594123
0.319393838997093
0.3193788338778442
0.31938128086107265
0.31938176781906835
0.3193874759583133
0.3193987138087418
0.31938828709694733
0.31937750075609356
0.3193719272823785
0.3193459587657166
0.3193547238468714
0.319368496107763
0.31936258242087473
0.3193536801617003
0.31935984183776456
0.31934799200366926
0.3193457191391786
0.31935781894684984
0.31934535281139215
0.31935738066202546
0.31937782622413086
0.31936672331135035
0.3193776479024706
0.3193571384671046
0.3193655379723682
0.319351236299433
0.3193644850642777
0.31937065109196533
0.31937200852952324
0.3193713254353856
0.3193592556659826
0.3193473858077222
0.3193602590547227
0.31936069463556793
0.3193711641260346
0.31937888340123427
0.3193742135102914
0.31938558078600876
0.3193888085068306
0.3193852519902783
0.3193804242236628
0.3193945117184046
0.3193716663743061
0.3193780836799311
0.31937905569078623
0.31938656220821915
0.31938269078418957
0.3193719055699675
0.3193736684429949
0.3193841486998419
0.3193823579215592
0.3193984334147423
0.31940028348615973
0.3193992047433205
0.31942759467324366
0.3194203574898719
0.3194135142899619
0.31941063120229646
0.31941505484181076
0.3193978681549805
0.31939500310182867
0.3194094341792404
0.3193925073803421
0.31938363590198243
0.3193744735941574
0.3193880323407486
0.3193832249409974
0.3193947721983462
0.31940610629470745
0.31940813580342925
0.3194031064324369
0.31937803293842115
0.31936732819423713
0.31938582085164907
0.319385695198815
0.3193696650275255
0.3193635598124755
0.31937180957889405
0.31937265130929776
0.3193728820136909
0.31938397469807683
0.3194064487670742
0.3194210203011997
0.3194281927286242
0.3194119749086813
0.31941619492222567
0.31941311432306946
0.31938560091638313
0.3193691469202713
0.31936221927778996
0.31935819894354855
0.3193779921015653
0.3193830796456971
0.31940391607094354
0.3193839246705636
0.31937413708928875
0.3193840063442587
0.31936718819273585
0.31935905055472963
0.31935349938892443
0.3193617093300971
0.319362938303478
0.3193557983628462
0.3193655629101185
0.31936008777964836
0.31937513274766605
0.31937848717987805
0.31937233643293883
0.31938060735934015
0.3193716488030836
0.319387322732474
0.31939654097966075
0.3193979523753537
0.31940462361911187
0.3194194118810833
0.3194395344670106
0.31944496296769487
0.3194510801932999
0.31945440095875577
0.3194481599569124
0.31944884192957274
0.31943341593476343
0.3194369008910363
0.31943231636432873
0.31943712337052677
0.319442342474457
0.31946082865280356
0.31944030561767184
0.3194437043173371
0.31943479668753666
0.31942957732210625
0.3194258756673758
0.3194411632885064
0.319445227920893
0.31944512906061723
0.3194336442736093
0.31941989277803845
0.3194140341018282
0.3194136699738653
0.319419114971799
0.31941804857949835
0.3194034280802201
0.31938625652282376
0.31936764920948474
0.3193690649579914
0.31935706794128466
0.31937635882454396
0.3193758989524965
0.31937501512554844
0.31938318700061513
0.31938653938230427
0.3193857864537396
0.3193962345133561
0.3193929460221628
0.31937850274097
0.31938160233048085
0.31938129756705935
0.31938155664330453
0.3193808422677759
0.3193881561672881
0.3193842384424167
0.3193840163857251
0.3193965024609071
0.3193828343460136
0.3194002172333341
0.31940996330451493
0.3193991009304858
0.3194031010442799
0.3193887706939574
0.31938754150423626
0.31938306707739345
0.3193689016438744
0.31937026416152947
0.3193655183821759
0.3193690149379155
0.3193698493750399
0.31938669086680355
0.31940501956659534
0.3194217012444693
0.31941867225860443
0.3194244603254625
0.3194114510979564
0.3194179357329646
0.31943020984363457
0.31943511966202837
0.3194289088134655
0.31942113531399513
0.3194169325317537
0.319435170259796
0.31943853269851447
0.319423774878615
0.31942423827835015
0.3194209362586533
0.319423233552869
0.31943809818429114
0.31942975884965047
0.31942297313803014
0.3194300598148896
0.3194435391446236
0.3194239748018228
0.31941273212219556
0.31942921217901954
0.3194353401374923
0.31945560290950753
0.31945462682244646
0.31944748962688196
0.3194412994681475
0.31942169997357533
0.3194244849203499
0.31943259093280885
0.31942362438660493
0.3194356878986958
0.31942915632397473
0.31943365526696926
0.31942298279312514
0.3194350384968886
0.3194289787634647
0.31942888417887294
0.3194332250782208
0.3194314743518921
0.3194305429928337
0.31942081595774907
0.31942484552439937
0.31941084060008273
0.31942354185119537
0.319411481743065
0.31940571429454
0.3193960728218914
0.31940489332856825
0.3194006691444215
0.3193945503886915
0.31939427466777465
0.31938700260871755
0.31941106152242094
0.31941565420062923
0.319435935206104
0.31942372098364424
0.3194305407330108
0.31942058231815923
0.3194183254711233
0.3194239389969693
0.319416485514418
0.31941207571405933
0.31940545769437645
0.31940520430531216
0.31941692700196833
0.31940049896247674
0.3193930215446573
0.3193995473778379
0.3194017805394457
0.31940895808320646
0.31941162304097787
0.31941783365377646
0.3194005152678747
0.319399955001576
0.3193781202894215
0.3193626839674975
0.3193709801656535
0.3193649146503047
0.31935608120735776
0.31935383880063295
0.31935925417375366
0.31934633230991594
0.31934599661756347
0.3193550202750368
0.31935514439811236
0.319352836087204
0.31933749570573033
0.3193416155615841
0.3193475662411347
0.31936608183811455
0.3193454446287435
0.31935247590952004
0.3193486481085777
0.31934995746674844
0.31934787732932207
0.31935456654609334
0.31934237702310714
0.3193323866535146
0.31934012057071354
0.31933130021234735
0.3193308385563542
0.31932854388107546
0.31934143485180905
0.3193541164748822
0.31934188135378017
0.3193506275374276
0.3193632942384746
0.3193671454157303
0.3193477627837187
0.31933299020866424
0.31932239117888517
0.3193239729561014
0.3193177698519395
0.3193074251088947
0.31931643061459763
0.31931566699941244
0.3193071253264999
0.319306153990481
0.31930819377227526
0.3192977317332805
0.31930075533395735
0.319306122359961
0.3193138872875095
0.3193340830852204
0.3193189436578157
0.3193256675129507
0.3193064300602636
0.3192878761028733
0.3192828308656427
0.3192883095173539
0.3192863256316538
0.31928656727421834
0.31929132738453225
0.31928241387690687
0.31928655130015465
0.31929434392142797
0.3192997086475229
0.31929495480935605
0.3192902761137148
0.31930625169496446
0.3192896185306883
0.3193028431199185
0.31930960092014576
0.31930820117052594
0.3193003868203111
0.3192999015997582
0.3192997076868261
0.3192855739217311
0.31926586037543236
0.3192511019533851
0.31924955548810835
0.3192499093289782
0.3192444905875383
0.3192333639180436
0.3192241361239591
0.3192331968158591
0.31923615941768546
0.31922381584073695
0.31921921143059334
0.3192245760788621
0.3192286522886215
0.3192188376916017
0.31921218886666247
0.31921962646904417
0.31923132362803197
0.31923470744395005
0.3192286786270112
0.31921200861813065
0.319220377447322
0.319227648355831
0.3192286642583696
0.31923238097498496
0.319226309308214
0.3192336030265494
0.31922808426661686
0.3192343853984946
0.319226911878944
0.31922825968537694
0.31923116393706047
0.31922884521194195
0.3192347840722159
0.3192517348183631
0.3192454756761822
0.31923961817300633
0.3192317640581733
0.31923915381452633
0.3192483250819902
0.31924448736964667
0.31923579063073626
0.31922140867551685
0.31921614773654344
0.31921614127333814
0.31921031197977134
0.3192018695602551
0.31919709707844324
0.31919478099103227
0.31920811222877105
0.31920952488414717
0.3192169899938232
0.3192132480545052
0.31922652696671866
0.3192187143840632
0.3192233008255911
0.31921198313887844
0.3191972653510005
0.3192003940308561
0.31920395369015503
0.3192008437209605
0.3192103200426333
0.31919360453532236
0.31919224903568066
0.31918450180307606
0.3191822236917788
0.3191830252662821
0.31919688351057046
0.31921542299855804
0.31920612517508884
0.31921257612539106
0.3192130056559038
0.3192080632851054
0.3192077915389774
0.31919956472734035
0.3192102209370046
0.3192247941889269
0.319229324792281
0.3192366470434655
0.3192413010529517
0.3192468154262863
0.3192550917514287
0.3192543803346925
0.3192576286439511
0.3192702756705651
0.31926791856727765
0.3192524485029493
0.3192565154457761
0.319266844005681
0.31924940469225294
0.31923392051647537
0.31923548494142767
0.31924160358349907
0.31922726753560543
0.31922811720448674
0.3192354122218584
0.31922434435900887
0.3192121873247066
0.31922012956345686
0.3192301599313434
0.31922989074170155
0.31921859131394476
0.31920533028701104
0.3192015948168945
0.3192064111607007
0.3192069791589488
0.3191952895030236
0.31921145905222914
0.31921376567446363
0.3192084843037371
0.31921108594276804
0.31920709369912764
0.31921592626154754
0.3192192313073616
0.3192115919927236
0.31920075559418415
0.3191965140629264
0.3192047296222146
0.3191951387652606
0.31917477913777736
0.319164538646311
0.3191497728464467
0.3191623264755367
0.3191565153332741
0.31915671727020195
0.3191535210484166
0.31915335446775706
0.319160987343601
0.319152481982389
0.3191631772900428
0.31916486503038843
0.31915160125328873
0.3191555342593246
0.31915316782229536
0.3191541910035639
0.31915536099664027
0.31916008547122593
0.31915789529300387
0.3191420328441424
0.3191453740264245
0.3191633659613029
0.3191503174114887
0.31915059390502926
0.3191612512615975
0.31915070732900486
0.3191671600491828
0.3191632332804691
0.3191613327753911
0.31915816843425454
0.3191674055710459
0.31918297135425383
0.3191860302167859
0.31918544330318815
0.3191741902586632
0.3191890698921034
0.31916989271304946
0.31916920296431905
0.31915032472147437
0.31914055883124826
0.319138599196837
0.31912088554880347
0.31912926119288504
0.3191271342087461
0.3191149084293677
0.3191318471423136
0.31913760978800965
0.3191442418192006
0.3191453754914497
0.31915476939456466
0.3191518833311102
0.3191540720243495
0.31916277543489585
0.3191641512745796
0.319160031297124
0.3191627769037482
0.3191577047483589
0.31914349159776756
0.3191510633764297
0.3191560641009661
0.3191674888534833
0.31917878231783686
0.3191661631566307
0.31916116493029395
0.319180282822696
0.3191806552518205
0.3191979964136712
0.31920451888109214
0.31920053989444247
0.3191930564818424
0.3191999159691676
0.3191886339120233
0.3191887940921418
0.31917870856089997
0.3191655182212428
0.3191735496258988
0.3191727545019637
0.31916019453533195
0.3191764452891871
0.3191780346233371
0.3191772734115588
0.3191614813770482
0.31915349403298954
0.31917136653800443
0.31917618132257547
0.31916584948852955
0.3191792756321083
0.31918124359252636
0.31917065251418936
0.3191502309719313
0.3191508589242382
0.3191611336051574
0.3191529505931711
0.31915461938578926
0.3191490627470987
0.3191562844901887
0.31916405479562504
0.319156621174329
0.31915153408502744
0.31916744738554914
0.3191545845807394
0.31916785860697805
0.3191664451759326
0.3191589952735876
0.31916210951729634
0.31914218269047656
0.3191322491799202
0.3191300677846775
0.3191408709638875
0.3191442660963698
0.31916206207181225
0.319147333909738
0.31912856489303104
0.31912474502734106
0.31913478110799587
0.3191437141624069
0.31915191719185015
0.3191576981235954
0.31913417557037466
0.31913759568127176
0.3191462911994544
0.31914946324270316
0.31914575016996105
0.3191495932100662
0.31915216834620297
0.31912559687586994
0.31911308116929854
0.3191181906717877
0.31909154190163247
0.3190951292608214
0.3190824888729527
0.3190859407497363
0.319069450813547
0.31906540384905124
0.31906503284743704
0.31904750147323735
0.3190516086097855
0.31904844629586787
0.3190518406557482
0.31906352193836973
0.31905225476807925
0.319038311781304
0.3190343012174599
0.31904284055871185
0.3190452805477396
0.31905349255374554
0.3190630420555187
0.31904263556884443
0.3190412976696143
0.3190479414495203
0.3190604908954671
0.319071134547205
0.3190910168050324
0.319079150436879
0.3190741310511473
0.31907203618957397
0.31906439564472344
0.3190599046050461
0.31906669202367255
0.3190716384465443
0.3190767749081594
0.3190648121927617
0.31907836804594875
0.31907095245802886
0.3190804105332336
0.3190720700856081
0.3190651442836954
0.31907768566265504
0.31906552336833705
0.31905241358331116
0.3190640672389419
0.3190804612429123
0.3190821863484881
0.31909296702403955
0.31909792407604115
0.3191050467933848
0.31911629271461556
0.3191113131129169
0.3191201032201683
0.31912850623328026
0.31912132561141754
0.3191020340134478
0.31909312447622834
0.3191170655691036
0.3191226748531044
0.319132035239409
0.31913612446998585
0.3191312334158188
0.3191374611367077
0.31913486118079143
0.31913500363512465
0.3191137718854405
0.31909430144055057
0.3191049401849088
0.31909091015973223
0.3190823523093175
0.3190751309151509
0.3190659005838883
0.31907720265039036
0.3190680856000094
0.3190618771918798
0.3190599254146795
0.3190464231452345
0.31905819111417816
0.3190367268330097
0.31904883437765275
0.31903672393718147
0.3190332674089101
0.31903754759187325
0.31905211375250697
0.31904088698358707
0.31904381924595826
0.3190398592348413
0.31903008002773925
0.31903062202536636
0.31904903967223297
0.3190568977593845
0.3190579755345718
0.31906394408109146
0.31905976380777673
0.31906465081418306
0.3190742624172942
0.31906747426627186
0.3190776705920314
0.3190853792827439
0.3191016861930676
0.31911412065351846
0.31910683503228304
0.3191023602186562
0.31911157228327436
0.31911851423104803
0.3191180674978018
0.3191219841596843
0.31910941756542793
0.31911127330416167
0.3191203506712541
0.31912780696716114
0.31912357266463787
0.31912443445328625
0.31912123284832816
0.31912992811567853
0.319130937951125
0.3191348889845285
0.3191523727641956
0.3191594343850675
0.3191475939335864
0.31912658837772795
0.31910002324610715
0.31911147620087216
0.3191031293531101
0.31910419375376714
0.3190865308212788
0.3190892213975843
0.31907945831461526
0.3190834316153114
0.31909617992851025
0.31909023173008577
0.3191014840748018
0.31911048440954876
0.31909892310118226
0.31910649671435354
0.3190999280727125
0.3190994180493
0.3191092871345338
0.3191043656489395
0.3191046907304473
0.3191110778541153
0.31912188248241463
0.31912065657207106
0.319121767582838
0.3190974898028007
0.31909996044348593
0.31910579948403656
0.31911094780207283
0.31911314946362235
0.319105407973777
0.31912082363979727
0.31912544244230384
0.3191318767557823
0.3191288153141561
0.31913285901247923
0.31911937608158175
0.31911456415538764
0.31911435336099603
0.3191176069124792
0.3191282444462611
0.31913131025656843
0.3191289830139202
0.31913135686826
0.31913249084325485
0.3191329072969467
0.3191275005037316
0.3191087703067423
0.3191147623810244
0.3191012445531372
0.3190978228976553
0.319109854028015
0.31910999983974314
0.31911790686253666
0.31911521479590643
0.31912336295950205
0.3191272552571927
0.3191324913923399
0.3191346607114511
0.3191386472285913
0.3191378673798699
0.31913926825657063
0.3191486592568551
0.31914362024555926
0.31914545073437073
0.3191569343937999
0.319159093122
0.3191674290737658
0.3191575163716511
0.3191701602577663
0.3191751520396267
0.31918273656258345
0.319181666906192
0.31917227782827134
0.3191671611111604
0.31916108788343245
0.31917569989122574
0.3191865967773818
0.31919843234515166
0.31919360314065537
0.31919863456686576
0.31919758538797555
0.31918555244118957
0.31918262415449405
0.31918114784709606
0.3191952877627916
0.3191973851165954
0.3192025115012107
0.3192114772481437
0.3192136264931627
0.31920945569008824
0.3192110810456675
0.31921648117286433
0.319210453202204
0.3192003256057368
0.31920960469993304
0.319208922456326
0.3192046827205246
0.31921585387337587
0.31921619761451486
0.319214267766495
0.3192211476532766
0.3192258011099125
0.3192380020375855
0.31926085893351985
0.3192604246988471
0.31924700303605663
0.3192468273239234
0.3192496971295332
0.3192380799016077
0.3192444046944371
0.3192591120174022
0.3192558096894931
0.31925745394439614
0.31925472072588196
0.3192403658075072
0.31925594363096943
0.31926119721291824
0.31927611629840974
0.3192610179753201
0.3192634167763266
0.3192649487728749
0.31926829698351655
0.3192687318519717
0.31927564626246524
0.3192566241426486
0.3192685513441018
0.31926317815483074
0.31927158926883165
0.3192553079869399
0.31925547485832073
0.3192724459437873
0.3192793889612757
0.3192706385603996
0.3192768007552145
0.3192739669823403
0.31929378002068176
0.3193002267739432
0.319290149905015
0.31930265866069935
0.31930452801176834
0.31929933040245767
0.319298745856437
0.31930152712407855
0.3193038632187459
0.31929705265925884
0.3192946549606611
0.31928693959644644
0.3192730267186576
0.3192754673475727
0.31928006339062853
0.31929089728020926
0.31929355848006213
0.31930237962309266
0.31929631519360846
0.31927826975733026
0.3192813706893564
0.31928902299467865
0.31928342926868997
0.3192766455478174
0.31926989225290603
0.31926571742295246
0.31925782718040313
0.31925078439156535
0.31924326299702654
0.319238428381803
0.319254034593144
0.31926153327745976
0.31925273547981553
0.31926075600030396
0.3192537098196513
0.31925293178187064
0.31925459626659375
0.31926452098716446
0.319263504307178
0.31924595693594415
0.3192314867632752
0.3192384030104098
0.3192368485874553
0.3192462405411065
0.31923456696127317
0.31921651325165074
0.31920937445574166
0.31921170576591584
0.3192233468932567
0.3192226306012304
0.31922349319265403
0.3192371519461212
0.31923979007632614
0.31925490818916236
0.31925101553631113
0.31925479634636567
0.3192650233407596
0.3192705516887243
0.31927817713526
0.3192781845739106
0.31928482005685593
0.31929491552832423
0.31928996480468785
0.3192980299946122
0.31930159964066696
0.3193059416950493
0.3193043399719491
0.31930045492492515
0.31929356728988106
0.31928708448295084
0.31928743478292865
0.3192848595830858
0.31928529350887735
0.319285324270173
0.3192706105200451
0.31927276106154806
0.31927409658771927
0.31929352838653563
0.3192916461631953
0.3192894076187442
0.31926942212112724
0.3192644585207652
0.3192588979742046
0.31926405461838425
0.31926987926892897
0.3192698028736243
0.31925978223752943
0.3192649585336865
0.3192665371156936
0.3192587382761385
0.31925501241664067
0.3192415400641375
0.31924702000786387
0.3192521682620357
0.31923999273561826
0.31924590667773983
0.31925526426548934
0.3192712470465697
0.31927724486032194
0.31926639476508806
0.31925736471529026
0.319263216986941
0.3192594222094474
0.3192534904929146
0.31925124591706877
0.31925878530118207
0.3192558583281438
0.31925669623662806
0.31925457719581035
0.3192473334504822
0.319260797732956
0.3192573678305181
0.3192707256844036
0.31927317840829256
0.3192628980299194
0.31926794407622355
0.31925060830148905
0.3192514794597496
0.3192373869797438
0.3192494524514946
0.3192456828694987
0.3192424479756484
0.31924920910431726
0.3192582400307287
0.31925543209878865
0.3192549696741556
0.3192625444285987
0.31927343297573635
0.3192759797022113
0.31928343276659493
0.3192775140935822
0.3192743690413582
0.3192661053679234
0.31928140997997184
0.3192853046172965
0.3192883490013146
0.3192807265195016
0.3192721267710988
0.3192679933078617
0.31926988602037765
0.3192730386867345
0.3192751284540522
0.3192768746796689
0.3192783985438442
0.31929545952013416
0.31930593738870294
0.3192972655491794
0.31929688539174983
0.31930868085652026
0.3193138612546894
0.31931156088321794
0.3193122722722266
0.319287140833743
0.3192918782845783
0.3193025960045439
0.3193057437526913
0.3192969921057736
0.31929567152591337
0.3193061236304476
0.31930914201798544
0.31930482475709443
0.3193005587291185
0.31929846173617443
0.31928284250483197
0.31928121791304415
0.3192931046377253
0.31929191737673573
0.3192941700253088
0.3193004280464245
0.31930713001681993
0.319308710526425
0.3192893830049732
0.3192886700293495
0.31927417700947724
0.3192569120459331
0.31927642276682133
0.3192803560820238
0.31928301547570925
0.31929164606643046
0.3192823160746394
0.3192731859421565
0.31927688126803555
0.31925684744399846
0.31924928674082725
0.3192291988610691
0.3192289192862619
0.319223360805019
0.31921895761239366
0.3192145865624458
0.31919444904380667
0.3192014883478151
0.3191844759731792
0.3191629808426746
0.3191623152774735
0.3191562504521445
0.31916384701006645
0.3191578603393164
0.31916385797604374
0.319155860208044
0.31914550958406945
0.31913499302618326
0.31913200086123783
0.31913371551325864
0.31914541068864055
0.3191533077488294
0.3191504880819106
0.31914146299692886
0.319136325038745
0.3191447765961911
0.31914773852143685
0.3191445744998899
0.319147182310759
0.3191532620695589
0.3191465546369173
0.3191516030450606
0.3191488271055121
0.31916300201769343
0.31916981753767865
0.31916786293286337
0.3191715411309712
0.31917296954711766
0.31916696281056356
0.3191629276532935
0.31914008746534217
0.3191598832441292
0.31915004830587246
0.31915059091193676
0.31914817834512055
0.31914527350142935
0.3191507395123807
0.319145812411829
0.31914313885051343
0.31914752881297437
0.3191551508706874
0.3191622190566351
0.3191567415915831
0.31914179912619806
0.31912869470097244
0.31911489297828777
0.3191142813611399
0.31912914002333453
0.31911789517402656
0.31913068750402435
0.31911900652746145
0.31912957434316663
0.31912819998601083
0.3191427075914248
0.31914349974756856
0.31916034425925605
0.3191678479593283
0.3191657529787079
0.3191697711421326
0.31918955322595105
0.3191813664297184
0.3191770594502451
0.31918252684966736
0.3191796102854184
0.31918494370171835
0.3191781937404367
0.31918035045309967
0.3191632107356799
0.3191644011114564
0.31917510487026485
0.31917147157823583
0.3191645177780324
0.31916896950106977
0.3191631154465294
0.3191701233776409
0.3191659191186594
0.31915895949999046
0.3191623353205656
0.3191640170706159
0.31915352225606963
0.3191470048441847
0.31913772591625045
0.31913606724442983
0.31913131263674493
0.31913488404849943
0.31912931238834685
0.3191235479037416
0.31911882976475897
0.31911858751171673
0.3191300566258398
0.3191390360021048
0.31913509054112876
0.31912981923391565
0.31913368401632175
0.31912640864266445
0.3191213702555126
0.31911686495033376
0.3191274172171976
0.3191103514085362
0.31911585201234044
0.3191130426505226
0.31911334627942306
0.31911838786876934
0.31912036659514653
0.3191090144629436
0.31909790512066927
0.3191016468564333
0.3191175565916508
0.3191132237198953
0.319123266028797
0.3191307933627638
0.31913629950694206
0.3191384734736212
0.319144315096438
0.31914009900909135
0.3191422659913152
0.31914575235962556
0.3191313593237774
0.31913448494872726
0.3191501619982119
0.31913710066802364
0.3191223464483831
0.3191272174699287
0.31910466912561536
0.3191064027420507
0.3191121944907758
0.31911841657638024
0.31912767975178463
0.31913589302183754
0.31913781080311343
0.3191446446679809
0.3191460457777704
0.31914376444257214
0.31912532957218853
0.3191126109338938
0.31910905866191774
0.31910950021004325
0.31912352987618264
0.3191245215162543
0.319114153848011
0.31910687964122997
0.3191090991292143
0.3191174618383927
0.31912311276299443
0.31913019354589034
0.3191366847842571
0.3191499832018331
0.31916215613555027
0.3191519096756166
0.31913314145829985
0.3191523231252784
0.31915553924427864
0.3191514966780144
0.3191569277991511
0.3191346337478221
0.31913718736406654
0.3191220310508714
0.31911654640626397
0.31910416529705127
0.31910709576644763
0.3191072265735447
0.31911794715481945
0.3191178891319676
0.3191268176385032
0.31912482630267247
0.31912322346434563
0.31914233876242054
0.319132463712415
0.3191291544966071
0.31911811679329866
0.3191170083314893
0.3191188791475885
0.31913014749108826
0.3191271338050915
0.31911887622046303
0.31912421195933505
0.3191164191860667
0.31910514810030927
0.31910225305374157
0.31911666874309846
0.31911773238447333
0.3191114540973939
0.3190938268094437
0.3190969041763974
0.31909506165731805
0.31910120100492073
0.3191080071312659
0.31908705094862744
0.31908999986511905
0.31909752462461344
0.3191089139654086
0.3191105758189487
0.319110556730986
0.31911099164530055
0.3191024354215241
0.3191093443603921
0.31910884638427
0.31910932972665723
0.31910310831291194
0.31910591777070296
0.31908918474262643
0.31909589067740185
0.31910411439207853
0.3191089891547352
0.3191056220046874
0.3191062893184756
0.3191174929114025
0.31911445729379795
0.31912187264943503
0.3191171765644064
0.3191194553565916
0.3191197210985414
0.31912188974919437
0.3191169560035968
0.3191062737950103
0.3191109806963886
0.3191096656729333
0.3191163691595814
0.31912339155743547
0.31913720270136275
0.319146959072845
0.31912981445876837
0.31913350258007583
0.3191335945326175
0.3191066848118977
0.3191055364795067
0.31910479038618145
0.31909243238504637
0.319087897811559
0.31909589386409526
0.3191049806916295
0.3191151295505116
0.3191032724531596
0.31909926108896836
0.3191025711109077
0.31910279842638845
0.3190990332699212
0.3191053451970465
0.31910147829721075
0.3191083944642834
0.31911678073338723
0.3191043270099191
0.31911184184609753
0.31909959213030403
0.3190972510912791
0.31909608195104777
0.31911130778491936
0.3191149124387548
0.3191136303547731
0.3191163062713349
0.3191089541131171
0.31910664126119126
0.31909674936828897
0.3191041023138962
0.3190997542676674
0.31909509248620216
0.3190987154861536
0.3190956493229714
0.31910006262849505
0.31911324130443086
0.31910456131774806
0.3191038062313952
0.3191052507661268
0.3190985082857365
0.31909966651651367
0.3191016682925943
0.3191039926323296
0.31908811268202064
0.31908377438792324
0.31908486050305596
0.3190851354210401
0.31908291616271683
0.319081938188586
0.31905929525071913
0.31906121528235226
0.3190555367641974
0.3190689427485219
0.3190632112670487
0.319070063262796
0.3190791898815801
0.3190734638242753
0.3190847498967993
0.3190812712583458
0.31907717396302077
0.3190736017474429
0.31907332077849176
0.31907273859532265
0.3190735813624574
0.31908199564385337
0.3190744114326466
0.3190728248955642
0.3190782868874379
0.31909085292805234
0.3190925968626735
0.3190838880609535
0.3190877268228821
0.319087234665784
0.31908944876709894
0.31909242052414233
0.3191037877793981
0.31911694630023585
0.3191235169187902
0.31912238688481803
0.31912766544037335
0.31911568018539316
0.3191114367206191
0.31910172148637794
0.31909540962599336
0.3190933315254335
0.31909317368391527
0.3190897499847504
0.3190893938225884
0.31907864048493023
0.3190757573021227
0.3190795237935687
0.31907815190314415
0.31906959442111105
0.31907346427974737
0.3190777904408543
0.31906296447493954
0.3190715533258532
0.3190699316447541
0.31905683995354206
0.31906344954180993
0.3190573136555713
0.31907175253882786
0.31907492913001156
0.31907604628198716
0.3190661152260308
0.3190650469401664
0.3190657497341987
0.31907465674338537
0.31905327498452957
0.3190471155642763
0.31904538659319
0.31904236122045143
0.319044115638385
0.3190470284436653
0.3190439786924498
0.31905266330131593
0.31904962840879236
0.31904655170115853
0.3190452184100655
0.31903624532157754
0.31904106703176144
0.3190447731893917
0.31903458201159923
0.3190353274465661
0.3190373803388255
0.31904496487867284
0.3190276326449965
0.3190320268303197
0.31902777037984664
0.3190297848540168
0.3190334020364667
0.3190371781049392
0.3190418222151391
0.31903034916915457
0.3190169079569092
0.3190158990619587
0.319010190329161
0.31901640764434386
0.31900393770103364
0.31900861074713627
0.3190181023512419
0.3190308740685017
0.3190452406919167
0.31903105857562397
0.3190239567067006
0.3190126043553068
0.31900881890251026
0.3189985594866121
0.318998544121539
0.3189974739912726
0.3190017440863873
0.3189970025502679
0.31900721951380634
0.31900925637380106
0.3190159319059943
0.31902274366115063
0.31902297344096797
0.3190208461157227
0.3190308866874621
0.319025617221126
0.3190362420249739
0.3190291289643239
0.3190235843739821
0.31902683102576346
0.31902812274727826
0.3190268848338844
0.319030097501019
0.3190327555373212
0.3190226859179885
0.3190394745965191
0.319032628137842
0.3190498669246199
0.3190509135555459
0.319045388014477
0.3190461963837407
0.3190390698316012
0.31905101786981616
0.3190565130636502
0.3190435492381211
0.3190384753950784
0.3190532711019757
0.3190583338683908
0.31905870315722407
0.31906938177138533
0.3190557075159257
0.31905750788174436
0.3190413420969398
0.31903939418236044
0.3190484720879316
0.3190524303611963
0.3190454219824602
0.31904182687565347
0.31903880003903345
0.3190454718750939
0.3190422074571295
0.3190441346608347
0.31904119665543995
0.319050019906025
0.3190480452626526
0.31903297625455246
0.319033709729573
0.3190232134893289
0.3190354723713319
0.31903506257799896
0.3190475729473976
0.31905428290675436
0.31904549996241327
0.31904720918630736
0.3190544410591381
0.3190447607564046
0.31903749165178896
0.31902793750333375
0.3190142602833597
0.3190106828560085
0.31901458145798506
0.3190039737068954
0.3190083475817184
0.31902316602630015
0.31901768095819727
0.31901477236111275
0.3190171297648107
0.31901645185872474
0.3190128766852973
0.31901269801959703
0.31901581124848155
0.319019723981325
0.3190125780758886
0.31902352481190255
0.3190250336488378
0.31902941911781757
0.3190352117091243
0.31902474419758
0.3190276295916374
0.31903553565188014
0.3190407026917221
0.31904696992162396
0.31905344656172874
0.31904158321653664
0.3190461609916588
0.31905339153193885
0.31905602532473515
0.3190575201072192
0.31906478889201656
0.3190564854157523
0.3190388245710722
0.319042544910313
0.3190466762217114
0.3190481435100281
0.3190468457508267
0.31904293883522017
0.31904942408876374
0.31905399179898114
0.31906250981590945
0.31905915100828086
0.3190633452429353
0.3190612093284696
0.3190579667026231
0.31905565007635384
0.3190579460906205
0.3190544032400296
0.3190577458754333
0.31906218543342074
0.3190544791851967
0.31906000520752653
0.31905898020558504
0.319047090193275
0.3190324250901885
0.3190312572644211
0.3190363486768559
0.3190349460469175
0.31904624684216026
0.31904325459210076
0.3190570744325721
0.31904091653038413
0.31904458124618956
0.319036284691655
0.3190425470331205
0.31905149605224264
0.3190583897240242
0.31904308010454197
0.31904698093917794
0.3190627638685857
0.3190637379515824
0.31907999778123247
0.31908253199305614
0.3190890479772974
0.3190909952902406
0.31909759600459764
0.3190835744445406
0.3190740313649154
0.3190771781556965
0.31907836128534967
0.31908865813071435
