0.3043978083625203
0.3283931867397203
0.32739449959064165
0.3221434592410651
0.32462423881291114
0.329641848455341
0.3221024023718515
0.31845996773584073
0.31432751512685214
0.3193721569026405
0.3164095354991628
0.3193844134075503
0.3152022770491819
0.31947268654144384
0.315115613237025
0.3188071344485297
0.31952665554718673
0.31700771723807153
0.31361940683819645
0.3146871684566976
0.3159367783039793
0.31721336491926694
0.3178947288603725
0.319122146002587
0.3216788989492349
0.3183208662803763
0.3177915791298152
0.31821705225174357
0.31794294185184657
0.31704928277646177
0.31614623793434377
0.315319026407197
0.3168864513873017
0.31826327519686365
0.31804828827631754
0.31878325525665197
0.3190725016585759
0.31845168751955333
0.3170462307614053
0.3185335430988128
0.31891341883465507
0.31723481899336126
0.3176270261848023
0.3184606613756266
0.3187162481853431
0.3186868626233051
0.3203325119382648
0.31899570537881344
0.3180941485841945
0.31827715203395024
0.3172424032324575
0.31798942079909154
0.31738060876320473
0.3185000826250992
0.3174279836750228
0.31781715004079764
0.31730770456596263
0.3191665793827114
0.31801652029392974
0.3182346999578533
0.3180162521588661
0.3181664515566451
0.3189987360551404
0.3183062769776333
0.31779389619347786
0.3178626557992032
0.3170204393903868
0.3176019411499688
0.3181579941205008
0.3184351467562481
0.3187131099705917
0.31784637544952665
0.31858587579991
0.3184899477936527
0.31921085548466516
0.3192622690622821
0.3185746731069158
0.318733372759853
0.3183252807844657
0.3182140443559525
0.31776057453241496
0.3176294811184487
0.31821203747657406
0.3180689153304589
0.31731790284675243
0.3171902635649905
0.31796343896446017
0.3184154922133983
0.3184781630690505
0.3191599207444982
0.3197287459731691
0.31982141604652237
0.3195412882316459
0.3192029107627289
0.32018888837044607
0.3194984854980843
0.3196826803314638
0.31991752737544826
0.3192932419813409
0.319386922842153
0.31924922156348673
0.31921304746410634
0.31922707401214145
0.3192912924780688
0.31881433713485713
0.3194426247219804
0.3189925796780351
0.3194590451337587
0.3191888279982184
0.3193753014030024
0.3191756495548264
0.3192206617266934
0.3192909344606457
0.31921847761817407
0.31960769916609877
0.3191554036953942
0.31861962712748276
0.31877198639377724
0.31838590538167133
0.3188023747583824
0.3189735164125986
0.31937137305177943
0.31879442215004383
0.31896623421191694
0.3189722557297951
0.319137137901944
0.3190201074808244
0.3187685300914153
0.31855701764614514
0.3188540410132692
0.3186920223920943
0.3189381167613761
0.31910237975219136
0.3188988711448788
0.31898018558619956
0.31892693886309453
0.31854637519374784
0.3185213292462871
0.3183549482009579
0.3188205415146715
0.3185164753668577
0.3188519142234341
0.31866111565124744
0.3183812955884656
0.31850979476326335
0.3180813775119647
0.31813548475183817
0.3179572003005665
0.31832699439527523
0.31799515553165614
0.31786684840801943
0.31850742121555864
0.3181486322783506
0.31823704512093776
0.31873515307191647
0.3184692188071205
0.318332029801071
0.31822691354813215
0.31841504900271134
0.31828741080122663
0.31838202219603
0.3185099240728271
0.3183673886083605
0.3182863555785412
0.3179704760482879
0.31813105314130796
0.31778130776103847
0.3182393714094704
0.31780275039100453
0.31794355738429486
0.3181701134209026
0.31763495196033664
0.31708071609530925
0.31740803737390394
0.31744821643977256
0.3174518779141129
0.3174181627657612
0.31768169164915444
0.3172875258810308
0.3171167016275799
0.3168721671402603
0.316966065457498
0.31699005875387093
0.3172755821102631
0.3169447640266016
0.3172748896672335
0.31722179740293494
0.3176170920882926
0.3177354525037173
0.3179148770818146
0.31789543055288494
0.3180398690661318
0.31797425267988827
0.3180298426241995
0.31791706493786215
0.317855066656424
0.31777602901487334
0.3178783342603883
0.31794783500831425
0.31827055386806563
0.31803550734996217
0.3181184650939986
0.31825235303344723
0.31822109982539953
0.3182763665211316
0.3181877944513716
0.3179014058015245
0.3180318262005988
0.31801194423372536
0.3178914036293371
0.31782616490923804
0.317710071457736
0.31779219018482036
0.3177528598549184
0.31738168878842415
0.31755249116019074
0.3176088007871344
0.3176295336390324
0.31732055375856727
0.31780811148971344
0.317474946481229
0.3177224661695716
0.3179147483495296
0.3180090299159759
0.3177680307074698
0.3180218659580193
0.31811023606923483
0.3180457720667443
0.318013241645529
0.31802856888296854
0.31767185295314676
0.31796459787822284
0.31803250629942
0.31804079390153456
0.317836025466236
0.3179160427360931
0.3180734910753546
0.3179077502496629
0.31781176418936136
0.3178557474772428
0.3178009185232586
0.31792894894534895
0.31808030944310656
0.3180570171687161
0.31807689239021986
0.3179988836454409
0.31821036827236443
0.3180208596555955
0.31791500736329975
0.3179259087011493
0.3179779262475434
0.31775066836361443
0.3178006925598327
0.31770752357758847
0.3176150511362128
0.3177061949547282
0.317584747140524
0.3174615368929357
0.3174447771291113
0.3177450024650888
0.3178182608280686
0.3180398774445656
0.3178822994233993
0.31784896467105367
0.3176383655568169
0.3177875491554176
0.3178101979760026
0.31751280729203807
0.31748906739464045
0.31754423134166443
0.31750019319775474
0.3174206369222007
0.3173624308072835
0.31725347499548856
0.31749380678762834
0.31747817303724757
0.31774667792332195
0.3177225202848168
0.3175129510089332
0.3176014846911337
0.3173455930449017
0.3175296983947387
0.31760321965762656
0.3175299321617496
0.31760143743024893
0.3175262599826958
0.31760051052256477
0.31755536924537686
0.3175704189990725
0.3177107381315951
0.317606545965489
0.3173847794635418
0.3173730042051139
0.3176237259913336
0.3176330502439515
0.31769145993552633
0.31754791215892525
0.3176102000313489
0.3175978050767076
0.31768750756948144
0.31768420861529595
0.31785160276989344
0.31792526194064286
0.31782403087048183
0.3177360624050114
0.31765599734257133
0.31752341404927664
0.3175036130611142
0.3175363075264739
0.31750029652834433
0.3175087668910525
0.3175260241112913
0.3175103060646875
0.31751920515419313
0.3172891231766053
0.3171361952980569
0.3173309342058998
0.31734041795696316
0.3173317142178568
0.3173302725376776
0.3173704479372002
0.31745819411880916
0.3173647778024598
0.3174465453288826
0.3176335860282549
0.3174204570247656
0.3173892457869456
0.31750392224699175
0.3175903764651072
0.3174246145674922
0.3172963677859479
0.317488050651893
0.31761013124101156
0.3174506249320648
0.3175138593370292
0.31753656881532655
0.31753048640460313
0.3175241905946852
0.31748026511503036
0.31757136970503147
0.31766774479528265
0.3176833845869582
0.3175314176836622
0.31782397494711334
0.3178007798751515
0.31788791653221843
0.31789414814331113
0.317972459698617
0.3180620408157143
0.3180054354934815
0.3178611324454041
0.3179068601965706
0.31800877035412606
0.31789447253551806
0.3179525584626684
0.31804263447849457
0.3179495327713828
0.31807988468757975
0.31808694401072474
0.318090758692187
0.31790584342321315
0.3181331969709169
0.318123736609699
0.3180627825529504
0.31812000252443223
0.31816641876489693
0.31830515628182243
0.31827303576291816
0.31840768390970464
0.31824045243668214
0.3182087778084069
0.318075063005436
0.31802735638804097
0.31796990636989786
0.3181543738282439
0.31810396888738096
0.31802850390083115
0.31805841321515566
0.3180419530702927
0.3180553194939618
0.3179070050516358
0.31799638064950897
0.31809052611343597
0.31807476816191155
0.31814292527998955
0.3182475484668347
0.3182115094127829
0.31834794439968694
0.3181698423028413
0.318328546625958
0.31825698234399413
0.31819592320192835
0.3180870074650296
0.3181497182695744
0.31815713480726565
0.31822682035669064
0.31808293844509894
0.31821647660161934
0.31804383063694935
0.3181810644265843
0.31815175897511133
0.31822166508426064
0.3181613288018439
0.31814491301325387
0.31796694888386123
0.3180446291515332
0.31814852347210953
0.3181217062958424
0.31807825886822855
0.31805674904744147
0.31819775735062306
0.3181083581047931
0.31830136799457753
0.31817602396790173
0.3181634713895913
0.3182206032536939
0.31799816182050783
0.3180957894639488
0.3181233641898217
0.3182715352189387
0.31815525038933806
0.3184313882425579
0.318341236172951
0.31816040135231954
0.3181133964653049
0.31816826762699035
0.3182581159281728
0.31830044663734364
0.3181881227661454
0.3180520573048781
0.318153885290026
0.31822220526658307
0.31827125583488525
0.31827932655281904
0.3183580192405578
0.31829864360664184
0.31828258120856007
0.3183393753144342
0.31822642601422557
0.31832452961313396
0.31833622040577725
0.3183526194686995
0.3183462979726622
0.3183718540579034
0.31845930230184644
0.31850308078859174
0.3185288689184081
0.3185346136398083
0.31858633148469934
0.3184826350032216
0.3183794177080099
0.31834435321267357
0.31834387133528413
0.3183409042556564
0.31833497326572174
0.3184682798236309
0.31839792011391155
0.31842508915038176
0.31842938346731153
0.318496778323237
0.3185078436408646
0.31845410561456905
0.31853263083729283
0.31842779378401265
0.31839722796395914
0.31833886174496556
0.31841741551306874
0.31843603730439385
0.3184322589779646
0.31848764150357056
0.31850179601721146
0.31855550947836664
0.3185733321358382
0.3186013326948448
0.3186324065865393
0.3185515373472483
0.31847881926839466
0.31853204035081345
0.31857384637001523
0.31858881545482304
0.318629701137295
0.3186325730271944
0.31853158086345945
0.31860655394109316
0.3185564373320325
0.31855077609878085
0.3185673410992251
0.31846662391621905
0.31844914718484535
0.31846244879569985
0.31843424198095704
0.3185468225545686
0.3184992646775084
0.318478297772288
0.3183678222778897
0.3184660799702957
0.3183016771695618
0.31840103010907117
0.3183967685396226
0.31831587483831597
0.3183262756391675
0.31844759262830963
0.3183877680622271
0.31843223892179673
0.3184612951681321
0.3184239659640292
0.318383114832045
0.318370152437109
0.31848309055456303
0.31853583638463595
0.3185109533950674
0.3184538620025942
0.31849633878596656
0.3184625223917641
0.3183932911544758
0.3183829209733145
0.31831993050727286
0.3184167757466985
0.3183869079727151
0.31846755026042745
0.3185483209356321
0.31848358730319415
0.3183999076753635
0.3184983203932406
0.3185051465555484
0.31849949942642786
0.3185270937279698
0.31850955747543297
0.3184325088039054
0.3183926821837729
0.31841326582936186
0.31850235501262053
0.31845341611502664
0.3184692606780655
0.318460477763279
0.3184832103380665
0.3184602985940838
0.31837353584723777
0.3184103189009251
0.31841756518097586
0.3184680866976442
0.31848095402633503
0.318563903662956
0.31846155732701614
0.3183414291510504
0.3184261163478394
0.31850711163081835
0.318455300072911
0.3184225256871316
0.3184189425758743
0.3184473274980438
0.3183900309898534
0.31838559835749924
0.3184950722050518
0.3184526689550888
0.3183808025011676
0.31838212465283233
0.31847575783763354
0.31832973321738156
0.3184105204204722
0.3183491725427866
0.31823176612368803
0.3182713916427139
0.3182514056431048
0.3184157662493437
0.31834813112993227
0.31839098340374866
0.31850237815633325
0.3184154307674433
0.3184408894545869
0.31845500385262504
0.31836039612573985
0.3182721856168953
0.3183839597998928
0.3183455146436694
0.3183233284969392
0.3183907621546809
0.31834603765821495
0.3183805956401844
0.31842900406584546
0.31855042317348187
0.31854499439814654
0.3185805918815204
0.3186104233182711
0.3185451390790965
0.31856022218947394
0.3184505241174182
0.3184080206995235
0.3184293741780083
0.3183984089123767
0.31836286381065837
0.3184319344669128
0.31832583457833313
0.3184046196850127
0.3183580036865997
0.3183503600139014
0.3184300519266146
0.31840459862210685
0.3183426832785508
0.3183989371236453
0.31844075329274113
0.31843156844845083
0.3184059091330544
0.3184554416870222
0.3183594740444796
0.3183516087304226
0.3183032745246002
0.31835499495920316
0.3183941575425401
0.3184507461712221
0.318487911239762
0.3185779139168372
0.3186115970265649
0.3186455704430118
0.3185421860438902
0.31857148094831034
0.31849761855907815
0.3185262934460034
0.31850904263060925
0.3186103791015262
0.3185934486358925
0.31852901659738225
0.31853270882770923
0.31853350350460025
0.318496441350444
0.31854090324694384
0.3184437092133143
0.3185186914862666
0.31849222831364704
0.31854329605168913
0.31843504156427166
0.31849141692052607
0.3184864269132396
0.3184865416313972
0.3184938975147763
0.31854935274703755
0.3184879103174377
0.31860934858772894
0.3186918693650219
0.3186731250999172
0.3186093472195295
0.31866067021091593
0.31860602224072065
0.3186227305884937
0.31856090899350764
0.3185791990258029
0.31867081386102275
0.318633170935989
0.3186351574085331
0.3185853586005896
0.3186561279611171
0.3186398520588529
0.31862036099776253
0.3186587098274129
0.31873726233029054
0.3187120447721038
0.3186672562318278
0.3187384204874539
0.31874964948360207
0.31878282512658374
0.3187373276568477
0.31876076421473487
0.3187891082585449
0.31875274580671864
0.31870940303656375
0.31881144155186036
0.3186782035900822
0.3187787714642945
0.3187506342071646
0.31873814686938523
0.31880039758717754
0.3188307620452515
0.31876637262039514
0.3188441078406254
0.31882376308612015
0.31884624672235173
0.31881706927597603
0.31886446476577446
0.3189310186163929
0.31884939887272074
0.3188039489971812
0.3188290746691828
0.31889526715515787
0.31891390079395737
0.31892975793181794
0.31892268190388956
0.31896808847158475
0.3189485795455505
0.3190138639613805
0.3190442432656097
0.31904395559996385
0.3190104078501893
0.31906639712967555
0.3189796762267293
0.31899110356954014
0.3190300990159214
0.3190430976762211
0.3190994052839046
0.3190908500613553
0.3190931964978646
0.31903685735786386
0.3191531790664146
0.31921236759277255
0.31907916304432554
0.31899721360611194
0.3190555892861385
0.319005136417796
0.3190275690482483
0.31907449964858464
0.3190009041415496
0.3189893204410788
0.3190882149924973
0.319110958796859
0.3190693010966939
0.3190077363449258
0.31909658162134824
0.3190987549736626
0.3191252141096449
0.3190777137551078
0.31912319765592323
0.3190384582318909
0.31910602288057155
0.3191548207857281
0.3191552466354966
0.3191226794787819
0.3190934009893365
0.3191312426247217
0.31915850546767455
0.31920732416628333
0.319166001547708
0.3191534293557325
0.31920984378495604
0.3191367411200647
0.31909929994528385
0.3191041945285388
0.31917672328270436
0.31919108724048084
0.31923262991259116
0.3192814704218756
0.31924937319780866
0.3192189493164072
0.3192067722376864
0.31924653742603143
0.31921163192792174
0.3191509506748913
0.31913092108162344
0.31911319419358747
0.3190818070602659
0.3190032420359316
0.3190691489722459
0.31906277070523015
0.31907534534617166
0.3190784311897602
0.31906861960678146
0.31907580056202883
0.3191171506252093
0.31907942724714705
0.31906616315384545
0.3191196747014184
0.31908378546246435
0.31912719855707916
0.31905584211030835
0.319136673455208
0.31909873181203324
0.3190709164622728
0.3190696507175005
0.3190071793315501
0.319034593591495
0.31907045248575366
0.3190547756485815
0.31908322413958234
0.3190054241227866
0.3190506712148766
0.3190338372594369
0.3189926231248977
0.31899026846195666
0.3189518500809503
0.3189922779797281
0.31892379743955723
0.3190015159459402
0.31898516563624946
0.3190067871001496
0.3189552928146084
0.3189072036156738
0.31893011922298303
0.31897915514025266
0.3190481546739883
0.31903161192651047
0.31896008679371585
0.31896500999953453
0.3189479056802959
0.3189631832150035
0.3189357640175287
0.31900805923069087
0.3189964162816914
0.3190391074941028
0.3190389484131409
0.319085806571015
0.31902795785123367
0.319075664539945
0.3190931565316487
0.3191389849094327
0.3191855932292503
0.31917704485551074
0.31920058870220025
0.3192285802042545
0.3191272810940084
0.3191467700514582
0.31914901865473005
0.3192047984638369
0.3192024540416009
0.31920471883194934
0.3191977324455906
0.319157739900542
0.31918467597773464
0.3192008792995011
0.3191892569354625
0.31922772150712597
0.3192162544583081
0.3191979403683755
0.3191778581998858
0.3191807706997499
0.3191220477740745
0.31913206364051044
0.31913182018566616
0.31912617040097147
0.3191033402246039
0.31917598191229957
0.31920773027080157
0.319271685547544
0.3192863304126433
0.3192272564089519
0.31926452212114204
0.31923376089774463
0.3192076143902987
0.3192486639871887
0.3192284658042782
0.31927154134183133
0.3192581595758517
0.3192937543729976
0.3193520479235314
0.3194105603034988
0.31933859697748945
0.3193606996202096
0.3192601138094607
0.3192831159180604
0.31927551610789423
0.3192026281606384
0.3191501765158215
0.3192122159253631
0.31924210017642096
0.3192713923022487
0.31924476351449466
0.3192856565945629
0.3191952148211492
0.3191984497746573
0.31919106626674737
0.3192317720018388
0.3191927148625619
0.31922891329674724
0.31927682147916386
0.3192247797455722
0.31916318876782995
0.31921624811805843
0.3192288172051319
0.31918930552174385
0.31917230867027896
0.31917837002035804
0.3191743828483208
0.31917616140699384
0.3192351334237496
0.31926320169846156
0.31933246688934896
0.3192554929037572
0.31921286247869285
0.319242492052915
0.3192771747206448
0.3192016522528282
0.3191596656245436
0.31916803522897363
0.3192335065689917
0.31924650918980796
0.3192864127755969
0.31925001284003296
0.3191661717508539
0.3192235759649761
0.3192159468843532
0.3191963874799558
0.3192013140290695
0.31922368265705897
0.31917503042921463
0.31917100154256106
0.3192040394207787
0.3191457583151965
0.31916327371200115
0.31915435306623685
0.3191327546186536
0.31916130406139387
0.31913903785269776
0.31919907696729805
0.3192524080973034
0.31923620221567056
0.31913800137611853
0.3191626900226629
0.3191795997243308
0.31920352224289494
0.3192401019299638
0.31925321954936303
0.31921435897858946
0.31920340650237294
0.31911851564256205
0.31920887951526733
0.31928119943602723
0.3192607511976779
0.3192668333957949
0.3192253260385368
0.3192663232841993
0.31924714555534406
0.3192624943754217
0.3192520051359787
0.3192394683349056
0.31920390704585433
0.31919852884780886
0.3192689341798441
0.3191789898812147
0.31920882968076614
0.31913171951080127
0.3191104394074778
0.31916333799805024
0.3192376369558546
0.31923459939480753
0.3192375251769409
0.31913215757930835
0.3191819052945441
0.31912528642271404
0.3191753171480886
0.31919950439382655
0.3192043577407872
0.319166092720988
0.31915364406577856
0.3192203447530629
0.3192200223913175
0.3192024116636753
0.31924721796141625
0.31925434866007746
0.3192692425739291
0.31924714690612865
0.31923895671246755
0.31925783674048747
0.3192177524777541
0.31924458631044605
0.3192673686097745
0.3192454582461142
0.31919132935227695
0.31916819007441455
0.3192140963934471
0.3191931427112488
0.3192575232292507
0.31927244077080486
0.3192888002553032
0.3192690522996449
0.31928930168862124
0.31925988717882153
0.319278487901121
0.3193205926827993
0.31936061382844133
0.3193354118857911
0.31935112220107315
0.3193139623891974
0.3193327174365948
0.3193044509922429
0.3193403810778414
0.3193072163314962
0.31928558525857903
0.3192468223082548
0.3193024197881123
0.3193177275901103
0.31930811154510197
0.3192668058973795
0.31934417713195395
0.3193341131594025
0.3193297986868845
0.3193606274622422
0.3194094318372078
0.319412791417825
0.31944011988025056
0.3193777968061818
0.319405399565963
0.3194169083279981
0.31937880703645805
0.3193218173525834
0.31930648583672794
0.31932234054677594
0.31935264704918215
0.3193941936344708
0.319393247266392
0.31935955088658946
0.3193510220114681
0.3193660560730771
0.3194079148923801
0.319340785364591
0.3193462276835721
0.3193434998679459
0.3193790579539501
0.3193923185676107
0.3193815293597463
0.31934572429028024
0.3193607764390897
0.31939235300623914
0.3194189343215281
0.3193361218208122
0.3193478151725417
0.31934668083355633
0.3193571453571834
0.3193121947940198
0.31933214798347864
0.3193005362254838
0.3193413338062448
0.31937348245186903
0.319383948908527
0.319343906582404
0.3193330478225532
0.31932773383826046
0.3193150130868771
0.31937914002652174
0.3193031127465583
0.3192552616268337
0.31925814149191567
0.3192796973289169
0.3192812610367454
0.3192463895237015
0.3192967426132843
0.31918969837359945
0.3192670545221112
0.31930444808551883
0.3193212669784821
0.31924863024759814
0.319290241703407
0.319225307125888
0.3192852932561647
0.3193038270029465
0.3193576976988711
0.31931479356691583
0.3193700178192911
0.3193483415889797
0.3192862327999723
0.31926470437381516
0.319278767016981
0.3192873746426277
0.31925920327873636
0.3192701335055735
0.3192252385453975
0.3192554836103702
0.3192287400483752
0.31929129193498673
0.3192679548658503
0.31932097264256337
0.3192313323288894
0.3192693778699446
0.31923193696560626
0.31925167155047085
0.319288494302837
0.3193314507902531
0.3192949009275265
0.31934055732264954
0.3193488524649707
0.3193290977061481
0.31932554903475624
0.3193667261131425
0.31940288215079204
0.31937490698654725
0.3193473975118379
0.3193884589675317
0.3193499540817476
0.3193013055391541
0.3193035076346032
0.31924463970035893
0.3192621624849245
0.31927601876509104
0.3192292962225529
0.31924374075755796
0.31927607282788684
0.31930303506210156
0.31924531459914884
0.3192621115671239
0.31923389631140864
0.31921206509537536
0.3192385828882836
0.3192191362958874
0.3192059627494164
0.3192348443327788
0.31923765130379295
0.3192680027834464
0.31926426085054865
0.31927011249054593
0.3192099060219112
0.31918630181134067
0.319203742534456
0.3192174672538516
0.31928146317036993
0.3192739813096188
0.31929174075032524
0.31934973461251376
0.31934435965922753
0.3192704704160704
0.3193247940336615
0.3193045984940741
0.3192959467697514
0.3192660334286926
0.319325220550968
0.31937880040856276
0.3193418291367169
0.3193739037839752
0.31938307443824815
0.3193441719514278
0.3193427132137772
0.3193024293464761
0.3192834768730239
0.31928098920355047
0.31929166000552284
0.3192640231833352
0.3192983839397638
0.319311411410918
0.3193321336636745
0.31929384058146554
0.3192953203649068
0.31927316236280373
0.3193069482972571
0.31933956088237114
0.3193549148824769
0.319327909816097
0.3193429478398148
0.3193323238282257
0.3193369132672789
0.3194006372545976
0.319402777610041
0.3194595927816605
0.3194731267762715
0.3194021454802011
0.31944103249388905
0.31942048983637983
0.31943448790249307
0.3194472776955173
0.31945948996285456
0.31944387068874325
0.3194495689704042
0.31942645152446114
0.3193896220550043
0.31945557333504965
0.3194327839495604
0.3193981119730548
0.31938805432829037
0.31937688599448794
0.3193670795303943
0.31937955069380664
0.31942869964294607
0.3193999452252672
0.31938868181087643
0.31941932639159903
0.3194259818693268
0.3193982251495331
0.31939463390165135
0.3194260314728073
0.3194002665556336
0.31939964312693775
0.31941488536271995
0.3194565816641806
0.31945567396077706
0.3194311525811969
0.319428952704201
0.31938777205966423
0.31945154277550647
0.3193927190069223
0.31942568588449116
0.3194597556099718
0.3194309685011681
0.3194687085973143
0.319528140311661
0.3194795948836154
0.3194898220593935
0.3194517074209721
0.31947349137661285
0.31945494669624946
0.31949602889437334
0.31942837726438283
0.3194862289370095
0.31947382609053293
0.3194994805408718
0.3195086858363462
0.3195362256112061
0.3195065483117901
0.31952767433428964
0.31952049728463494
0.319554864443864
0.31956666494171165
0.3195280527040567
0.3194916018227294
0.31951073473932423
0.3195228611612666
0.3195209499033529
0.31957054889330905
0.3195569840906612
0.3195221140979574
0.31953603601232916
0.3195285001580282
0.3195242908029745
0.31947307580757717
0.319504373351818
0.31952966992232973
0.31952144500001023
0.3195168748133895
0.3194904736887571
0.3195183713442181
0.319486706711026
0.31943696990825593
0.3194789972696322
0.31950616898858214
0.3194772219661177
0.3194395809333792
0.31945123292116445
0.31946989803893905
0.3194607609600487
0.3194516281281684
0.31947144523124316
0.3195314287849807
0.31949147260165095
0.31948874063236476
0.31949117199792526
0.31949532946147186
0.3194761853616473
0.3194532152868234
0.31948479102756655
0.31948392126260855
0.3194764810758697
0.31953614195994684
0.3195762578814915
0.319497214914366
0.31952206674505007
0.3195450122251274
0.31958585890314056
0.3195891936907878
0.3195666344568031
0.31958155930013354
0.31958545494955215
0.31961502002312164
0.31955639358896293
0.31953741372218475
0.31949420582953525
0.31955361664598747
0.319523979827634
0.3194562979987921
0.31941275432123883
0.319436126850575
0.3194867893086711
0.31948244518112545
0.3195151056694259
0.3194672913926552
0.3194877630924666
0.3194538007007042
0.3194503685371622
0.319431568217677
0.31949021398584826
0.31948719611044213
0.3194885246349496
0.31948904224343866
0.31947573048785355
0.3194850783626404
0.3195340643070624
0.3195944485966007
0.31955068319019475
0.31951415272930106
0.3195223824949069
0.31947929287186966
0.31951763058315774
0.31952279935038547
0.31949568013898144
0.31952893922452114
0.3195555982687555
0.31956668454044457
0.31959699776185585
0.31962070263465464
0.31962198885589405
0.31955399981791915
0.31954603868049924
0.31954369406017497
0.31953689135348534
0.31952425762503245
0.31953293585523734
0.31948790481889283
0.31949705743612955
0.31948308764767874
0.3195117655562892
0.3195114368287343
0.31955315777084903
0.3195322252444349
0.31961092706617045
0.3196271068913117
0.3195620549858505
0.31955283252427935
0.3195607647254139
0.3195400457698371
0.3195437260931349
0.3195797055264451
0.3196343448791282
0.31963873073370275
0.3196345723309654
0.3196710004049896
0.3196614758855034
0.3196439675494049
0.3196306429411975
0.3196011313086274
0.31960733907710065
0.3196428831348979
0.31962681821579403
0.3196466304797777
0.3196450377057931
0.3196836851294654
0.31968304363816974
0.3196613291313467
0.3196726086272937
0.3196992306877921
0.31974312283561396
0.319736227816386
0.31973563516709946
0.31972652519173833
0.3197553451419553
0.31975869203034635
0.3197593942266664
0.31978696084115654
0.3197012019344511
0.31970023361656974
0.319703588585752
0.3197345628935613
0.3197407796167319
0.31972720962052653
0.31974812891112886
0.3197343997946673
0.3197272822838903
0.3196713544513733
0.31970486667336245
0.31972907240341913
0.31972701478640786
0.31975605068234475
0.31976251334824074
0.3196895697101799
0.3197491849577922
0.31974376020878675
0.31974629483345246
0.31975241865109716
0.31975274910121687
0.31974245278716906
0.3197743551274501
0.3197503893593737
0.319784064514236
0.31978745404615116
0.31978980966512616
0.31974670020752377
0.31975112004072465
0.31972153653745644
0.3197632935773467
0.3197295426226383
0.3197422339491082
0.31974482390327386
0.31979556741375353
0.3197956251895534
0.31979010996893514
0.31980724494812435
0.31982667724630587
0.3198216588776713
0.319796614013661
0.3198051226213915
0.3198274880585623
0.319775919663656
0.3198037592608943
0.3197558387954717
0.3197658385386022
0.31977742063808345
0.3197461282028152
0.3197645034028775
0.3197753957035467
0.31974623012050435
0.31976083210326983
0.31979189887406706
0.3198027756031345
0.31981789066356775
0.3198066360869567
0.3198222777274188
0.31983025527402426
0.319815673106493
0.3197605166698681
0.3196880046760162
0.3197162239908432
0.31973710061449206
0.3197611959295042
0.31969151779954064
0.319696433606513
0.31970907930733505
0.31974749487448
0.3197625501328459
0.31977709701463125
0.31978992912210885
0.3198072957568866
0.3197967299755811
0.31981320889426196
0.31980307701665117
0.3197846178317109
0.3197709312252937
0.3197965290265132
0.31973424023706165
0.31981944975703985
0.319788770811468
0.3198004087962757
0.3197794047168729
0.3198215653488598
0.3197899917837477
0.31979132411554195
0.31977691295071947
0.31975410544606475
0.3197825134828572
0.3197836385382508
0.31980105967443745
0.3197899485539949
0.3197741559924188
0.31978134920783985
0.31973928193250456
0.31978818591531255
0.3197748240869833
0.3197899167805831
0.3197685551689125
0.31980652887304845
0.3198287247865356
0.3198131850541712
0.31983554108399403
0.31984485073250507
0.31987263977122515
0.3197989801355074
0.31979049464540127
0.3197910785632015
0.3197727803624876
0.3197912286459874
0.31978150835907315
0.3198102616603516
0.31979860386853876
0.31976650172526827
0.31981995273575775
0.3197475967667979
0.3197607443971892
0.3197818170562276
0.3197804015538689
0.3197882843716283
0.3197731282389099
0.31978453746597724
0.3197969222209072
0.31978077288088225
0.3197860822619693
0.31980670032294517
0.31981255817663695
0.31981686494198425
0.319795561510057
0.31981263155966744
0.3197972720311327
0.3197777941778386
0.31977700491675143
0.3197752726581941
0.31978551967909863
0.3198043081969338
0.31982308893228323
0.31978821007415265
0.3197810732979967
0.3198180348483372
0.31978829502085065
0.3197988991419606
0.3198150871366432
0.3197909481102424
0.3197630680559947
0.31980320489544967
0.3198267860179671
0.3198126929252979
0.31980249937815414
0.3197964901041261
0.3198019086099651
0.3198346773202607
0.3197760275864609
0.3198140824934091
0.3197990984297611
0.31982621783625936
0.31979601940884944
0.3198199320883676
0.3197981363723957
0.3197793936409819
0.3197503525569149
0.319810759091434
0.31982287429653056
0.3197922028534932
0.319785657065206
0.31978878532520916
0.3197798826976552
0.3198004885591349
0.3198001510407631
0.31978579117434774
0.31978737909230953
0.31980608760794627
0.3198161005006136
0.31983151531774523
0.3198428171204672
0.3198396216559008
0.3198352278338837
0.31986773136515834
0.31984509393515625
0.3198519960380592
0.319807016964562
0.3198501398321185
0.3198722095850334
0.31981791812947064
0.31981052468901766
0.31982139787351377
0.31981183043886907
0.31983679771221624
0.31982050278443885
0.3198495171084951
0.3198370200454069
0.31984601389473744
0.3198696581637215
0.3198783708487819
0.31985212236555244
0.31990108865489464
0.31987937007330547
0.31989271132236724
0.3198886710758047
0.31986781820629107
0.31987022893872064
0.3198735187737632
0.3198613143425625
0.31984979280613135
0.31987234462973413
0.31987048578814664
0.31988864518302873
0.3198432951194237
0.31986002168414257
0.3198498019776379
0.31985195977496794
0.3198531091222905
0.3198853092998224
0.31988947590207084
0.3198953999327325
0.3198842983028575
0.3198781168716684
0.3198816624067267
0.3198569162349422
0.31984029006801173
0.31983834524505644
0.3198272877115267
0.3198265665983554
0.31980001174269207
0.3197868122387347
0.3198404506730443
0.3198055484545358
0.31981230340607986
0.31977531616844673
0.3197843158846764
0.3198197248881359
0.3197970349509039
0.31979859638921976
0.31979561181862454
0.3198042187828149
0.31981078508952837
0.31980719931092194
0.3198495846338013
0.31986141615592045
0.31983936144106223
0.31985614204778023
0.319882257415744
0.3198402386117168
0.31983066681053585
0.31981157509583413
0.3198387009673716
0.3198280258588444
0.3198425288065812
0.31982045621030314
0.3198314511347371
0.31982282722124605
0.31983063732545525
0.31985245040874916
0.3198220909371302
0.3198059052296373
0.31980532714722226
0.3197928831353334
0.31976803825280076
0.31973922772631985
0.31977589398036427
0.3197839305611265
0.31980034205354685
0.3197873714490447
0.31981260879197343
0.31980230286586453
0.31983957397381146
0.3198182698260694
0.31982754341454595
0.3198210031661464
0.3198258244074005
0.319801804297271
0.31980661063812227
0.31977882823057446
0.3197758606448693
0.31975680406710777
0.3197701166442401
0.31973921283334217
0.31977783394709863
0.31978245091432783
0.3197577380677812
0.3197316377441533
0.3197483468792724
0.3197746140085753
0.3197541345871467
0.3197453405476017
0.3197555146717603
0.3197413388253607
0.31976897167608237
0.31979328758306014
0.3197860314958625
0.3197830735537244
0.3197891896447537
0.31978247334214893
0.3197970418936498
0.31976039110510907
0.31974161786758637
0.31976708070137205
0.31974825946405877
0.31975057714970634
0.3197623841774553
0.319751773362785
0.3197975085255519
0.319742867130743
0.3197533389430735
0.3197309622283025
0.31973354174496726
0.3197342617051107
0.31975938413001503
0.3197405874987551
0.31975112961776786
0.3197943258380729
0.31978362238198893
0.3197669124893793
0.31978723979061
0.3198023156529234
0.31980409623402745
0.31981413848644286
0.3198315966384658
0.3198265346008778
0.31983853210847557
0.3198305538775728
0.319826962921976
0.31985414176238475
0.3198450860281802
0.3198636292406314
0.3198602499015485
0.3198521479956019
0.31983830035387006
0.31982488552227833
0.31977704005669083
0.31981509203902164
0.3198058891490853
0.31982030908506226
0.31984087179189064
0.3198670477124705
0.3198454928063921
0.31984694432630917
0.31986983000690883
0.3198298706893553
0.3198423377930581
0.319828463725069
0.319818716807424
0.3198346734398185
0.31980622508625817
0.3197965574918728
0.31983772325989623
0.31984561156035407
0.3198395737274355
0.3198463279820079
0.31982126334045485
0.31985079838668323
0.31983380956300483
0.3198307249498178
0.31985428742525274
0.3198629392090957
0.31986359683913795
0.31981670352411135
0.319840225358698
0.3198420457224365
0.3198351946268025
0.31984819733823494
0.3198746796165835
0.3198515427698754
0.3198224817499814
0.31984074903540444
0.3198704458341368
0.3198664555643199
0.3198539322609463
0.3198265207576675
0.3198211177214359
0.3198433729557019
0.319833386038986
0.31986295314813423
0.3198135002505139
0.3197876256111332
0.31981645365800637
0.31983809701654936
0.31984917235661986
0.31984812328116896
0.3198678667009692
0.31985285466781016
0.31986567228747265
0.3198817354134482
0.31987382511538276
0.31989882123068647
0.3199002019194735
0.319925983069523
0.31988021344242545
0.3198748185998132
0.31989417737716686
0.31987848654676676
0.3199002108727867
0.31989017013876886
0.31990395172724495
0.3198799683972164
0.319908191655229
0.3198799502033539
0.31992293241455333
0.3199273223836976
0.3199097139515063
0.3198823596846135
0.31990136181361617
0.3198921297636666
0.3199070711955308
0.3199238064252648
0.31993378560575436
0.31994159127431465
0.3199398350480274
0.3199622828470899
0.3199762763044194
0.319993913333174
0.31997306998425235
0.31996683815500965
0.31998715943665357
0.3200141969296374
0.3200017543301518
0.3199713077142045
0.3199721510693248
0.3199841099776416
0.319991512491462
0.31995206765159806
0.31997370814122233
0.3199711941777243
0.31994925024450377
0.3199103640858117
0.31992306283532596
0.3199249351698057
0.31992633746139937
0.31991449284782586
0.31995843859041856
0.3199538996431
0.31994413316215076
0.3199207931898858
0.31993577157732
0.3199606552317729
0.31992578137337946
0.3199051686685551
0.31990129516313187
0.3198635711724386
0.31985844381389755
0.31984505929510293
0.31987511868264
0.3198397651519788
0.31986849677026646
0.3198753533306167
0.31987814410905485
0.31988909073628446
0.3198848458975986
0.3198759304698053
0.3198640155014282
0.31991451860805076
0.31988480865581587
0.3198938880478365
0.31990750383815536
0.31990065745949037
0.3199088900350337
0.319924455734758
0.3199266394680661
0.31990489710190867
0.3199016120956257
0.3198641362766964
0.3198745976387892
0.31987971301283114
0.3198504715150207
0.319874871835812
0.3198676493945838
0.3198890683067534
0.3198832168966179
0.319841720313095
0.3198452531476937
0.3198299782054609
0.3198209763554408
0.3198263792521791
0.3198423289900799
0.3198287964887298
0.31983527246456867
0.31985771193261525
0.319833988644138
0.31983744310149886
0.3198335555766647
0.3198022225869711
0.31979349186422923
0.31981111286995906
0.31983644182890913
0.3198324926979654
0.3198345541500271
0.31982920665549375
0.31984658607997546
0.31984960314735916
0.3198676477939494
0.31989324898754856
0.3198986994548798
0.31990676521713135
0.3198899950318708
0.3198629328690082
0.3198805408228628
0.3198785798045703
0.3198978191910216
0.3198858673983096
0.31987618174253357
0.3198565166371338
0.31986746454848797
0.3198798459262439
0.3198965151826779
0.31992264664473036
0.3199192680432625
0.31986237031576525
0.3198799561303087
0.3198996984836101
0.3198531296739911
0.31984653055847406
0.31984202867272027
0.3198110277253608
0.319833462783623
0.31980329489228065
0.3198263876910032
0.31981129801727504
0.31983270761047783
0.3198146683526889
0.3198405606909107
0.31983613024434066
0.3198357075465825
0.3198160750142059
0.31984257939311533
0.31981292648051873
0.3198416998972143
0.31980866322264934
0.31982390315852555
0.3198644948782183
0.3198585477752878
0.31987216507524113
0.3198545716620743
0.31984464063059087
0.31985011677559805
0.3198419685072417
0.31983849430434663
0.3198414490360625
0.31984091585472857
0.31985527123606766
0.31984848497801655
0.31984979760854765
0.3198384526631475
0.31980752650517175
0.3198202296901524
0.3198036657123068
0.31981139157415195
0.3198333003731404
0.3197899936902739
0.31979238222641804
0.31980275618295934
0.3197702405422249
0.31979859820443457
0.3197893110101678
0.3197811421941873
0.3197976256116997
0.3198198024224432
0.31979657022269864
0.3197812744096547
0.3197492886844567
0.3197711803808571
0.3198018980842171
0.31977970461299837
0.31975396380964144
0.31979732222856405
0.319810146947297
0.31977493811191726
0.319737710115631
0.31976914612631263
0.31974621215573873
0.3197533673517003
0.3197935328365929
0.31978271275770287
0.3197575394253363
0.31975351711455025
0.3197340631009933
0.31972165677584347
0.3197073315175395
0.3197226068090255
0.31972460331817076
0.31973343832894174
0.3197645456055629
0.31973977162973555
0.3197463755963209
0.31975320957037956
0.3197382772815067
0.3197326919965208
0.3197152386633397
0.3197257132745896
0.31973716227185933
0.3197295371171055
0.3196986248425584
0.31972507531245287
0.31971704284190106
0.31974734113470016
0.3197410351068556
0.3197607652122985
0.31976519025347183
0.319765250682844
0.31974703391775033
0.31974071878305554
0.319765110972407
0.31976455146647326
0.3197741471265237
0.31976870950081454
0.3197517311369641
0.31975858002387086
0.31977030407282214
0.3197695591397323
0.31976722447034467
0.3197547570306846
0.3197467927429446
0.31975483762197765
0.31974870059727817
0.3197479331913128
0.3197082805625647
0.31974046788990546
0.3197679404117555
0.3197438456028348
0.319731918257419
0.31974403021755765
0.3197522055187056
0.3197383951356455
0.3197226886418299
0.3197300768846877
0.31970903008031987
0.31974965957207646
0.31976193302277683
0.31973917496249704
0.3196830674621595
0.31971929469681976
0.31971079828362337
0.31970153645350574
0.3196649748810861
0.31970213357193766
0.3196819136877716
0.3196979968783783
0.31966359208924366
0.31966840485600045
0.31967281858295926
0.3196774476743932
0.31970371733015346
0.3196908461746383
0.319672183543779
0.31966465485761975
0.31967738710717714
0.3196366322181817
0.3196080120860883
0.31963956626500134
0.31960279917640305
0.3196002212600813
0.31961767651467826
0.31961681321085617
0.31960317120216986
0.3196004034426353
0.3196105106024482
0.31961475324144306
0.31965158242339775
0.3196258195034726
0.3196456467961844
0.3196642688495887
0.31966230571324766
0.31967024068777883
0.3196661012542545
0.31966002648461583
0.3196778960350137
0.31966954459152996
0.3196679180265593
0.31967818749614185
0.31968133920899705
0.3196821406252269
0.3196786843545394
0.3196863050911328
0.31967314916270617
0.31964826868129226
0.3196865155407582
0.31967549616182606
0.3196707030212079
0.31968254121740236
0.3197013153049854
0.31967700411136274
0.3196784305992364
0.3196666246363288
0.3196732097817741
0.31968245765623154
0.31966181163185203
0.3196658690883932
0.31963276902818827
0.3196715981962041
0.3196836788198684
0.31966889593751024
0.3196988454112196
0.3196830497242123
0.3196628988556691
0.3196740247726196
0.3196876006909287
0.31966798744663855
0.3196510872890573
0.31968810137517245
0.3196683370961767
0.3196718836817853
0.3196342266110766
0.31965960448082026
0.31964220143669664
0.31966615996957487
0.31969323231462243
0.3196806816755147
0.31969123270878846
0.3197090329590669
0.3197402172739061
0.3197175012403262
0.31971764720023266
0.31972315087580405
0.31971606208235254
0.31972012629443636
0.3197356227935385
0.31973673624701243
0.31972678206720373
0.31971936321318134
0.31970596658977996
0.31970632100321605
0.3196946444444974
0.3197264314561131
0.3197162508761897
0.3197214994868235
0.3197282939264121
0.3197104993785413
0.3197078596237554
0.31970909871519465
0.3196759215846354
0.31971049880480373
0.31970141052372386
0.31968977044366925
0.3197147463852839
0.31970926387965526
0.31969438747697654
0.3196794980406704
0.31966996528555225
0.319656963009167
0.319653250376367
0.319681747917879
0.3196660373699948
0.3196788953579687
0.31965854897124063
0.3196883960879549
0.3197105527053933
0.31969949916878154
0.3196975702672814
0.3197090806770854
0.3197045058861443
0.31972195500010614
0.31971668701750755
0.3197349009195233
0.3197206466052139
0.31972916567348086
0.3197231759261011
0.31971306599513316
0.31969042747006027
0.3197048039919755
0.31973077816824863
0.31971909918200564
0.3196919408835574
0.3196973350320281
0.3197122655223796
0.3197201468626258
0.3197072604555795
0.31971874435929143
0.31974111563143665
0.31971462142149354
0.3196880575978159
0.31971619927928147
0.319697285705721
0.3197107846867471
0.3196965454054775
0.3197044934635872
0.3196763276066999
0.3196788480478123
0.3196814109313788
0.31972084128062844
0.3197089531625567
0.3197183632740992
0.319724684985692
0.31970196004987156
0.31970990195550364
0.31970832913567254
0.31971903045627914
0.31972621468839313
0.3197550350302087
0.31974535443276325
0.319730413498418
0.31976362239361883
0.319775814587245
0.31976810740013717
0.3197465647990209
0.3197749028731994
0.31974551221276215
0.31977899148040306
0.3197756452232253
0.31976137542178285
0.3197436737415632
0.31976323309173077
0.3197816419660956
0.3197764965446624
0.31980204166881887
0.31977766437393457
0.31977796156503185
0.31977730931587445
0.3197521800770629
0.3197755688784628
0.31978552893165757
0.3197889702050256
0.3197886775027038
0.31978772353913737
0.3197863588104014
0.31978198428266474
0.3197590232711659
0.31975797383800175
0.3197688377653596
0.31973493369668465
0.3197064146682891
0.31972470756592164
0.31971595510514295
0.31973044531703704
0.3197394779480757
0.31974329472615926
0.31972549061791145
0.31973965764205126
0.31973066723441945
0.31974749171814787
0.31974360515537503
0.3197493472078906
0.3197497507716071
0.31975539190334995
0.31975358776387003
0.319780799045534
0.3197797655463044
0.3197972070660368
0.3197901932969025
0.3197838161364449
0.3197941204141721
0.31978242354106207
0.31975478216136255
0.3197707764861069
0.3197642704443692
0.3197560456324317
0.31976469715641404
0.3197840564432569
0.31979747977137946
0.31980515348136507
0.3197667594588005
0.3197607701531327
0.3197868111408404
0.3197714300352356
0.31976991336299715
0.3197802317583008
0.3197656164180783
0.3197844306437523
0.3197701776243257
0.3198056806696334
0.3198021540816729
0.31979470005872423
0.3198052826201032
0.31979766357479966
0.3198032229976177
0.319779816529076
0.31980609193328813
0.31980770941809383
0.31978091880874576
0.3197940903472363
0.3197958055932169
0.31980956549082606
0.3197953322836574
0.3198199330916881
0.31979994223713676
0.31982415529462893
0.31981110462216
0.3198160434587549
0.319830585539694
0.31983978684971176
0.3198402479434426
0.3198242293168767
0.3198147957780189
0.31981456912619627
0.3198089758926799
0.31982978415635405
0.31981353870992113
0.31981810394259796
0.3198462325103958
0.3198377138925055
0.3198496957740467
0.3198648890872066
0.31988097304870017
0.31987185042570127
0.3198538499084726
0.3198283427119104
0.31982996242706563
0.3198358564852239
0.31984004783715625
0.3198442308605036
0.319830685766182
0.31982824513174923
0.3198249103174584
0.31984477919720705
0.31985971443674976
0.3198548919525908
0.3198442883832023
0.31986480137476136
0.3198511636394555
0.31986048177938964
0.3198466361622677
0.31984461584058105
0.3198605464987021
0.3198562587901334
0.3198512770680539
0.3198609154433802
0.3198624855042233
0.3198583339844032
0.31986715497614
0.31984367654908913
0.3198677449802677
0.31985332112527326
0.3198455731128832
0.31985417238182723
0.3198652481779527
0.319872775578216
0.3198482725404655
0.3198679306451483
0.31986065909577804
0.31988668243594764
0.3198855743010748
0.31987051250573795
0.3198529758065989
0.31986397208342365
0.31987777155903335
0.31989263408516927
0.31988472282791464
0.3198974359776893
0.31990526694508975
0.3199052738548479
0.31992711545415753
0.31989449580256707
0.3198817735978742
0.3198619423752539
0.31985475469744695
0.31988326582458065
0.3198776357567761
0.31985067283918356
0.3198328653315224
0.31985232567592176
0.319896799687456
0.31984691798748555
0.31984329319388677
0.3198365381699249
0.31983420001253965
0.3198659633177367
0.31986088510217553
0.3198603086745191
0.3198506714557044
0.3198481454816203
0.3198305340211108
0.31983655059976324
0.319861616482447
0.31984246866903515
0.3198052357665945
0.3198304592775195
0.3198195286724925
0.31983053302807446
0.31981349294610084
0.3198213610519899
0.31979720267417433
0.3198005726161583
0.31980007100209445
0.31981347694138923
0.319806788256259
0.31983888383247505
0.3198554061760414
0.3198364466311246
0.3198383838742731
0.3198590655161618
0.3198520855621901
0.31985028768277574
0.31982867096438305
0.3198256753268495
0.3198254639217771
0.3198208706956674
0.31977351053707964
0.3197793442562791
0.31979623012004094
0.3197946669375556
0.3197786105542113
0.3197885283073143
0.3197784044584253
0.3197634855446509
0.3197399908148629
0.31973779048268075
0.31976619845661475
0.3197580522967896
0.3197735987788041
0.3197716830786765
0.31976079750091313
0.3197945774930199
0.3197863499678721
0.3197977533350112
0.3197833443702281
0.31978487285244483
0.31978391409743073
0.31979738629153476
0.3197761029764567
0.3197752082562967
0.3197432771864007
0.3197618440729605
0.3197775933348027
0.31975684794249354
0.319767300398181
0.31977681947690534
0.3197599527717014
0.3197752938582014
0.31978815113099
0.3197601120374497
0.3197419422864439
0.3197550428596297
0.319761005294233
0.319759236226064
0.31973829358467626
0.31975544267683614
0.31976141394540974
0.31974844353770887
0.31975453233053347
0.31974547976896367
0.31970111236242393
0.3196855777878332
0.3197150132850154
0.319714183053983
0.31968599283769417
0.31969386304471564
0.31970194352183584
0.3197127014871406
0.3196975223258304
0.3197102094273483
0.31970916159657453
0.31969979381574776
0.31970124664311883
0.3197060289196132
0.3197009638918009
0.31970808388759725
0.3197181547471071
0.31970980876143124
0.3197136284556952
0.31968098002527084
0.31967065459268745
0.31966664032741426
0.31967850325729236
0.31970341432637644
0.31972609794767265
0.3197213648759592
0.3197325987534968
0.3197381663942332
0.31974323984936165
0.3197547632748108
0.3197381574390929
0.31974431848759166
0.3197379991167748
0.3197341153650024
0.31973337839883287
0.3197266526342208
0.31972422029571484
0.31973909359544367
0.31972750393061283
0.3197242500335727
0.31973523783014657
0.31975232595036335
0.319742894682745
0.3197326217716916
0.3197271540996529
0.3197065747842712
0.3197209676878895
0.3197242311161263
0.31972643458338373
0.31974844281324794
0.3197504075612605
0.31976406434089155
0.3197728603001546
0.3197626121334745
0.319731596256756
0.3197534561358294
0.3197744866887097
0.3197668709492342
0.3197790051753772
0.3198057631454316
0.31979238883715994
0.31979005535545746
0.3197983438125425
0.31979786697858786
0.31979989294704636
0.3197785870518104
0.31975034247144885
0.3197765884960777
0.3197717496104019
0.31978109854776315
0.31977878494188205
0.3197675307104902
0.3197601047175174
0.3197772045741214
0.31978268814124494
0.3197848335953187
0.3197677776743561
0.3197665387464515
0.3197629523515606
0.3197525248452969
0.31976633359427314
0.3197781362551989
0.319768336928411
0.3197765022979026
0.31977845974592733
0.3197879790282251
0.3197870597593107
0.3198059871235457
0.3198038912096175
0.3197949007648655
0.3197858725606244
0.31977877369501134
0.3197910484151125
0.31977857017895595
0.3197687724002473
0.3197549157406595
0.31975933687654384
0.31976739663967785
0.31973846921744653
0.3197472812333191
0.3197209801368542
0.31972046295157375
0.3197254997071556
0.31975569133630893
0.31975426791317835
0.31973964407596694
0.3197567444064298
0.31976603315990243
0.3197838423753193
0.31975426402919355
0.319748701828171
0.31973265124788103
0.31971930036835144
0.319746440997221
0.31973022098045273
0.31974470634820407
0.31976366745631485
0.31974921224366337
0.31972768330089857
0.31973174947135746
0.31974153954300005
0.3197273750045122
0.31969090804064393
0.31970503757681534
0.31971044563932594
0.31972269128143355
0.31973120452773157
0.31973132644820945
0.3197437178071124
0.31973190704396737
0.31972490664126546
0.31974016256284726
0.31974273399323216
0.3197452934454271
0.3197489141788789
0.3197573838584263
0.3197428525136367
0.31973142174338987
0.3197291497133312
0.31973151297063335
0.3197401616771811
0.3197165532576626
0.31972419397668855
0.31971435713492646
0.3196961065588559
0.31969468902947534
0.3197261395937323
0.31971127854052495
0.3196814762257174
0.3197256778077616
0.31975485024588873
0.319716438792333
0.3197247980816043
0.3197076351011908
0.3196861899531304
0.31969717124324964
0.31966830146766284
0.31968461968100753
0.319681378450912
0.31970759966524903
0.3196805087935667
0.3196943919050317
0.3197170906968699
0.3197198165812827
0.3197125403083815
0.31972899944277855
0.31974258720798454
0.3197175183604486
0.31973359193093837
0.31973694065477204
0.3197250642959504
0.31974779487172994
0.31974605737173883
0.3197496863206746
0.31976697196896314
0.3197673384238944
0.31974929274345354
0.3197797969073555
0.31978616257034775
0.31979206053024606
0.3197620822638462
0.31975108454104584
0.31974775739865696
0.3197381375426586
0.31972531110102215
0.31974486127590673
0.3197188445697445
0.3197363720243894
0.3197385842714012
0.31973790863480234
0.31975096585708596
0.31972028951682685
0.31969625445552685
0.319687890684921
0.3196916668387277
0.3197032621257563
0.3197120241344396
0.3197043507396899
0.31970474691416495
0.3197110044340747
0.31967634373923415
0.31969257476982704
0.3197187173805285
0.3197047201243423
0.3196914386296691
0.3197005531332331
0.31972480756766003
0.3196974999179026
0.31970742347702236
0.3197109577391671
0.3197202420795727
0.3197135675104089
0.31971669277789866
0.31973444847117943
0.31974093756481375
0.3197429351192775
0.3197479653585707
0.3197410563591905
0.3197509775209392
0.319749504418217
0.3197244053903028
0.31973862065368086
0.31975197519588644
0.3197506790426733
0.31973038975109436
0.3197331238258256
0.3197408758538268
0.3197286814477801
0.3197139459605304
0.31971433031248897
0.3197125469872028
0.3197266221622754
0.3197065388605047
0.31971260651326194
0.31972979121202705
0.31971903824178105
0.3197384194314368
0.31974350309208815
0.31972888131579896
0.31974616149445817
0.31971598706930676
0.3197139607888731
0.3197207432764408
0.3197088522188079
0.31971030663692357
0.3197069070978537
0.31973184724013276
0.3197243246180008
0.3197299747977822
0.319745211688852
0.31970834781683594
0.31972337473237783
0.3197074040941241
0.3197244390734399
0.31972438857372676
0.3197450985313154
0.3197335935155558
0.31975528245939333
0.319775391528793
0.31975555556616464
0.3197554838674125
0.319742692165729
0.3197464814119051
0.31976092282665464
0.31976244382081237
0.31975797638020365
0.319755301751552
0.3197539945030521
0.3197472350418219
0.31974560391595835
0.31977526535308143
0.31976055303419076
0.3197652932974536
0.3197794849546788
0.31975388415460915
0.3197778399650075
0.3197681693003244
0.31978037444711566
0.3197750911205087
0.3197661845083751
0.3197606208860074
0.3197738679248189
0.3197483088297609
0.31976289822368653
0.31973431681869446
0.31974740315425876
0.31976296043867014
0.31977088718616237
0.31978265020994706
0.31978082977575895
0.31977013760314543
0.3197719900701193
0.3197694345190252
0.31978667197322247
0.31979542290430973
0.3197793104088781
0.3197795668371999
0.31978450484251275
0.31980621134757625
0.31981478919514683
0.3198270291960691
0.31981831386057363
0.31980390859243
0.3197989095403852
0.3197898101794858
0.31981292954558727
0.3197973525262259
0.3198148493261496
0.3198224424426343
0.3198211387787871
0.3198310467978198
0.31981744029287995
0.31979093802965314
0.31980505939158616
0.31981523915435656
0.31984062300631033
0.3198415668694866
0.3198267280310907
0.319803857230843
0.3197967791478045
0.31981320554656556
0.3198175656373036
0.31978991429069364
0.3198218672733369
0.31979388825737737
0.31979110472007066
0.3197661020317021
0.31979506740994706
0.31980706820984534
0.3198135711249268
0.319802285914904
0.31980636479937957
0.3198039656990684
0.3198065044480963
0.3198255823018117
0.3198186854682962
0.3197995711324294
0.3198285665202355
0.3198250479803093
0.3198325586906349
0.31982122479471237
0.3198376301076169
0.31982684133950573
0.3198378074149989
0.31983666173310493
0.31981134167579417
0.31982116389901083
0.319829667848534
0.31981209182412507
0.3198050343715026
0.3198066404763868
0.3198356309431099
0.31983354860660296
0.3198488591255612
0.31984410568724253
0.3198237583130512
0.31981931631918553
0.319816678753936
0.31985082114995433
0.31983845398449634
0.31986640246265446
0.3198488771662251
0.3198616632420759
0.31984548096584686
0.31986543806893103
0.3198418912787338
0.31983472985133365
0.31982976861678236
0.31980099904662
0.3198277550701016
0.31984964896927315
0.3198201318110626
0.31982230057287925
0.31983439802051156
0.31984198460989477
0.31982805897423955
0.31982271849652605
0.3198418884519515
0.3198301992782581
0.31983396768443745
0.319816996573634
0.31980070458371884
0.3198288470719774
0.31983651414022357
0.31981808383799437
0.3198310763901611
0.31983665511644777
0.31981330692748733
0.3198188457355978
0.31984989859089186
0.3198629928664768
0.3198661859192441
0.31985481418935974
0.3198764001499303
0.319884637494566
0.3198689346504331
0.31985285758262694
0.3198586286755721
0.3198764076494963
0.31984057297322216
0.3198352896917177
0.3198306157972211
0.31982510097176536
0.3198282701921427
0.31984387072789194
0.31982311331742136
0.3198300790025907
0.3198396252941395
0.3198287611925664
0.3198367873412526
0.3198572453272829
0.3198227207908855
0.319828973449063
0.3198286296586611
0.319813121689919
0.3198155889032639
0.3198218833014707
0.3198402920142202
0.3198551935902666
0.3198533579432321
0.3198452416719336
0.3198597678021922
0.319846034016414
0.31985221125653035
0.31988075756337186
0.31987246905762856
0.3198616409404085
0.31985818641404945
0.3198646063398317
0.3198638623422561
0.3198473176433245
0.31986199047327446
0.31983921638296187
0.31986204050755607
0.3198732892099569
0.3198673831472358
0.319866918208102
0.3198663470440308
0.3198690181158292
0.3198659294944107
0.3198723497649231
0.31987523538925605
0.31984348057211887
0.3198567034272597
0.31988367873260537
0.31988923482493226
0.3198932553783244
0.3199025058169612
0.31991951600147267
0.31990498206780665
0.31989017495410205
0.3198993988394063
0.3198884089900982
0.31990398763349837
0.3198993422464003
0.3199022767441479
0.31991114229698125
0.31989873973908534
0.31988027724536305
0.3198954661377177
0.3199057140321949
0.3199037043381797
0.31991802386782786
0.3199165195446947
0.31989299841037044
0.3198972864980011
0.3199129286984714
0.31990631333068764
0.319890062887899
0.31989990852177363
0.3199096305785673
0.31992006986716165
0.3199053622242773
0.3198956259295319
0.31990490228270396
0.3198837719394283
0.31988514457623657
0.31988263896215613
0.31985288382739285
0.3198597556116273
0.3198612970524934
0.319874925209255
0.31987364357891734
0.31988081083963277
0.3198806133174621
0.319872536518859
0.31987292082591684
0.31988779281913093
0.3198663045168782
0.3198759301379216
0.3198614150813777
0.31988047472730063
0.3198849575215482
0.31987860336464385
0.3198703739472618
0.31985005355412033
0.3198497749880197
0.31986852438593366
0.3198772541269232
0.3198904740628906
0.31989006737232073
0.31986749193370567
0.31986262025852885
0.3198589813858358
0.31985333941479044
0.31987461406299317
0.3198810802231018
0.3198740150537472
0.31987521710699435
0.31986564394061656
0.3198555541641283
0.31985573240790777
0.3198503674838025
0.31985311453906007
0.31984070507886214
0.3198676941308675
0.3198645683799862
0.31987311953353675
0.31987795081858317
0.31987164488542824
0.3198714444351449
0.3198803729190986
0.31985624066253276
0.3198688439368168
0.319863560312907
0.3198785102078621
0.31985713839169166
0.31985993020480746
0.31985794676393053
0.3198586710904039
0.3198359669055498
0.3198573900830778
0.3198674366452247
0.3198591285894967
0.319848599797855
0.3198574241830572
0.31984896604361485
0.3198547224573301
0.3198580096863509
0.3198695387683991
0.3198663675716304
0.31987257310929124
0.3198567748714987
0.31985986842791186
0.31987200931323373
0.3198661317252576
0.3198760613231642
0.3198702749067074
0.31988726297232456
0.3198809259334294
0.31987835874721554
0.3198715336892564
0.31988345547176583
0.3198589008002471
0.3198885277356859
0.31987511366254834
0.3198546499953466
0.31985203269206675
0.31985741678396185
0.31986918281910814
0.31987545056107236
0.3198525352131458
0.3198324651162078
0.3198370737652468
0.31984427468938953
0.31986304522312475
0.3198372690912108
0.31984410295567395
0.3198523974078022
0.3198504170134229
0.31984371325015254
0.31984642952679937
0.31985616123921795
0.31986378313336244
0.3198449651867466
0.3198494789011461
0.31984727396773227
0.31985063292978866
0.31982678981988033
0.3198472705340314
0.31985280286507123
0.3198447436875832
0.3198362743975456
0.3198537146093923
0.31985189398539265
0.31987604466747216
0.3198538689565058
0.3198539765749331
0.3198460446371611
0.31986122954696816
0.3198608540557188
0.3198374189855039
0.3198229754438591
0.31984025769341906
0.3198679068512185
0.31983917237561965
0.31982449056788126
0.31982401383816117
0.3198286243683894
0.31985191885116526
0.3198626907075344
0.3198568754200445
0.31983891509589163
0.3198164184632256
0.3198282590028959
0.319825185006225
0.31983619847690364
0.3198481056314138
0.31985489333110106
0.3198606863441655
0.3198590207824409
0.31985797340034516
0.31985094410657355
0.31984840670750053
0.31985581073030733
0.3198521548079535
0.3198358516630303
0.31985762273577717
0.319843472347492
0.3198573133914451
0.3198615030410403
0.3198622540452852
0.319875592200299
0.3198819242232157
0.31989760541372664
0.3199029794882999
0.3199073104707045
0.31991754974461817
0.319920265370731
0.31993321482090537
0.3199138417544995
0.3199161558628457
0.31991510110529303
0.3199231663758557
0.3199224984446995
0.31990565004712057
0.3198863516841871
0.3198871917683566
0.3198949473887582
0.3198677653080598
0.31986071260216703
0.31986805218461256
0.31985808723236353
0.31985256688447716
0.3198644951388127
0.3198642067140185
0.319845738908418
0.31984614829134156
0.3198177467510332
0.3198362169322513
0.3198318869987134
0.3198312855154045
0.3198419588014212
0.31983997823579124
0.31984002777679504
0.3198587464900544
0.3198794315467098
0.31987404828845206
0.31984180179076266
0.3198367196504142
0.3198385060934365
0.31984685689129266
0.31987272354908575
0.31986877576030365
0.3198745530130607
0.319855859957339
0.31985054470841684
0.3198729208861846
0.31985747142019305
0.31984527145683944
0.31986491533490247
0.3198462289003614
0.3198277250157206
0.31984625661092536
0.31984999724306107
0.31983863341003294
0.3198389416195031
0.31982956739108276
0.3198350615013068
0.3198407600930643
0.3198421991671116
0.3198486460603377
0.3198583528752507
0.31984776435000034
0.3198330075941789
0.31984640301185585
0.31984848555356826
0.3198492135848571
0.3198460266107071
0.31986093934546306
0.31986303440728064
0.31986748774845825
0.31986732616029007
0.3198748023347387
0.31985541751666374
0.31988142635500566
0.31986984538954555
0.3198648438986744
0.31987603875515674
0.31986934373824966
0.3198350282265659
0.3198561216649274
0.3198434782190048
0.31984422116835104
0.3198510028483619
0.31985396081391726
0.3198531395865267
0.3198682350116245
0.319861552708146
0.3198371044992935
0.31983370611824996
0.31984450250757995
0.31984993376699933
0.31983973334910765
0.31983776208150017
0.31985602019449205
0.31985856421065073
0.31985782190977097
0.3198202194653734
0.3198294250419705
0.3198343722373575
0.31984910880971557
0.3198395101696259
0.31985070731799903
0.31983907886100355
0.31984153941973065
0.31982686356941464
0.31983246063987947
0.31983950365827696
0.31983236310304264
0.3198417408642312
0.31985032944501207
0.3198686758512171
0.31988059914704847
0.31988202418013656
0.31988099114139595
0.3198804518259528
0.3198884939520563
0.31989292498591626
0.31990180653602174
0.3198993055916561
0.31987892360914094
0.31989020394463374
0.31990513753244115
0.31989625209619027
0.31991536370445356
0.31990635853320404
0.31989457881625993
0.31991398497550855
0.3199029019843031
0.31987836694620664
0.3198937210876945
0.3199029623559531
0.31991157889455135
0.31991010568437184
0.3199120441501131
0.3198741603080293
0.3198977207423196
0.3199107047452318
0.3199193269237998
0.31989277590193466
0.31989973301389607
0.3199117092617511
0.3198990278418232
0.3198970556526701
0.31988540028654017
0.31986714468004657
0.31987777880587076
0.3198675439315618
0.3198687155893289
0.31987712393881995
0.3198787719003434
0.3198641693390573
0.31986206313730575
0.3198576490783499
0.319853487324853
0.31985507529567025
0.31984775220129125
0.3198448141820306
0.3198592671756984
0.31983158908783005
0.319850894207086
0.3198302514024117
0.3198340745847865
0.31982837116814505
0.319832306694341
0.3198499778290475
0.3198479908389835
0.3198635426412892
0.31985224485430147
0.319850672563201
0.3198691610603474
0.31986245365931965
0.31987319751657245
0.3198656338997654
0.3198846231957617
0.3198812632325092
0.31988310122895997
0.3198811060666077
0.31988827079015725
0.31987649752557334
0.31988021300820635
0.319895597002186
0.3198873772339784
0.3198795389787043
0.31989078605455235
0.319861899590426
0.3198872461163096
0.31989268280411176
0.3198912819644989
0.319890195240772
0.3198813624851732
0.3198703133532741
0.3198746073208659
0.31987918164663476
0.3198726556859872
0.31985394179703097
0.31986002335814656
0.3198775425447586
0.3198818425939303
0.3198731645650088
0.3198767951154591
0.3198580069423799
0.31986514178514935
0.3198619065349913
0.31986663199950455
0.3198821169736498
0.31987748722736703
0.3198724107492852
0.31987905991444493
0.3198893517049969
0.3198829637193812
0.3198849800547342
0.31986489815889385
0.3198553030890635
0.3198811101945242
0.31986616712692467
0.3198800805823644
0.3198925888176175
0.31988361951007493
0.31987657345632386
0.31988365509686456
0.3198867636625477
0.3198987578132592
0.3198754808892955
0.31990123244907576
0.3198900267897582
0.3198883478184895
0.319925625945529
0.31991345592882586
0.3198927392136529
0.319899574171232
0.3199200841958031
0.3199107947562672
0.3198848141934467
0.3199016559661942
0.31991091271343114
0.3199056140302161
0.31990019124235214
0.3198972770080452
0.3198943542001555
0.31990014467508165
0.3198964805548111
0.31988800536431444
0.3199079393791153
0.3198880848473884
0.3198887263926517
0.3199011501401558
0.31990737676772507
0.31991728016275345
0.319926383014958
0.31991686712341705
0.319892114814511
0.31990103983275314
0.31990001385955447
0.3199036658145881
0.3199056748319315
0.3199127315735956
0.3199103998743145
0.3199230769942002
0.3199163848652588
0.3198939761189237
0.3198731354366665
0.31987625231486566
0.319883094957033
0.31988786447597967
0.31989804626025314
0.3198988122196399
0.3198912018646582
0.3198820318860038
0.3198750263152365
0.3198689462498779
0.31986890457380956
0.31988181785403186
0.3198773389550725
0.3198798342877392
0.3198707129720144
0.31988217836387295
0.31988992906828156
0.31989281091871374
0.3199023726209587
0.31989644592267047
0.3199019615091876
0.31988729847854436
0.31989352880031097
0.31990773042143683
0.319889069390465
0.3198922928730125
0.31989737076111685
0.319897017305905
0.31989314475111746
0.3199146622456665
0.3198958449377117
0.3199099120771631
0.31993497746596167
0.3199220844358156
0.31991251822084
0.3199218202183011
0.3199279473072391
0.3199079322535472
0.31989741623316925
0.3199039501440396
0.3198995665080833
0.319899332567765
0.3198859279546568
0.31989779192614226
0.31989330888004913
0.31988578698534126
0.31986927416615907
0.3198891438010406
0.3198882423131592
0.31988712801054003
0.3198765109248694
0.31988076436033236
0.3198662855239631
0.3198763585788632
0.3198783604722429
0.31987284090747087
0.31988651037247995
0.3198693019434576
0.3198595067762336
0.3198668083893854
0.3198812023358737
0.3198937314959312
0.3198704506443688
0.3198815190547185
0.31987937141901834
0.3198895384725997
0.31988446720868896
0.31986864306096013
0.31986498840052824
0.3198805266291272
0.3198760326448451
0.319883266830718
0.31988322205071845
0.31987388582965665
0.31987966428316567
0.3198881517739084
0.3198743682870598
0.31986994433407956
0.3198783311848423
0.319884675680062
0.3198570705039541
0.31987137026568696
0.3198518352814921
0.3198606027844284
0.3198485929533086
0.31986112584284837
0.31985649505318786
0.31987103996155297
0.31988109474372955
0.319883712247134
0.31986723666876027
0.31988794369608786
0.3198793927091339
0.319883212015727
0.3198701676673394
0.31986051747495525
0.3198684786511309
0.3198747392030967
0.31987532802067026
0.3198672464828066
0.31985706306976164
0.3198545468818722
0.3198605409580281
0.3198765179498326
0.3198633290756317
0.31986779014433725
0.3198941281174751
0.3198722083946505
0.319873251002454
0.3198842858968049
0.3198712657785185
0.3198725696131885
0.3198737127290053
0.3198784893810678
0.31987271856134736
0.31987863290304286
0.3198760020446161
0.319875922807381
0.31986162000443397
0.31988437594942865
0.3198829706748613
0.3198828708709031
0.31988831698377057
0.31989422688048413
0.3199039883960796
0.3198902052630591
0.31990914666514464
0.3199030347441235
0.31991001600645924
0.3199217878554979
0.31993232184312026
0.31990499635535574
0.3198979489547943
0.3199042700892808
0.3198970289952188
0.319897264668527
0.3198864936333027
0.31988176692095915
0.3198732180412082
0.3198885292133903
0.3198944660726808
0.3198938374727159
0.31987710178093165
0.31988325106154764
0.3198945999684551
0.31991236288090674
0.3199180011299661
0.3199279154263576
0.31991841026179596
0.31991681662010973
0.3199087308164243
0.3199214515731855
0.31992580073504007
0.31992267808878616
0.3199276677354527
0.31991850106397635
0.31992596485819164
0.3199192573972351
0.31991210877342424
0.31990662372757833
0.3199180474067358
0.3199209331502066
0.31991322826895746
0.3199238889335662
0.3199224748480853
0.3199378245059504
0.31992605034959254
0.3199219429920699
0.319897466976716
0.3199149927927517
0.3199104325549084
0.31989700245709896
0.31988797985248435
0.3198892725668079
0.3198845077328242
0.3198915719490845
0.31987553807996827
0.3198871984963694
0.31988981919164594
0.31988502376806593
0.31988557294966974
0.3198981876792955
0.31989258943290794
0.319905838221605
0.31990556723826735
0.3199044191486268
0.31992802601512516
0.3199172069902314
0.31991344948300027
0.3199234860715102
0.3199316504678214
0.31992934156594766
0.31992240093070284
0.3199362440597663
0.31992928937847703
0.3199384790306053
0.31992406610895335
0.3199266290473825
0.3199209078490282
0.3199318510048829
0.3199205323887399
0.3199323973724779
0.3199264776862775
0.31994564168924544
0.31993307166594914
0.31992710379746836
0.31991142515746
0.31990471970473716
0.3198921790741521
0.31991239010692096
0.31990579422432647
0.3199103687188844
0.31990287442846305
0.31989990944098085
0.3199046781095807
0.3198926221068425
0.3198993286126008
0.3198945116878032
0.31990527295505566
0.3198985807751944
0.31988695211262297
0.3198937160587579
0.31988405582689156
0.3198815008919242
0.3198758218058574
0.3198778546557346
0.31986436782544847
0.31987678740137776
0.3198836453666
0.3198845469654935
0.31989517089703623
0.31989688490527673
0.3198890748427292
0.31990006229952755
0.3198949362375601
0.31990201516447864
0.31989478107347996
0.31990221701118193
0.31990174407251837
0.3198999809395222
0.31991465271464176
0.3199056923924931
0.3198973585258867
0.3199073868358747
0.3198852536586903
0.31990702064438026
0.31992372867372276
0.31992389412454375
0.3199032957476313
0.3199299827185732
0.31993495129333865
0.3199285204522544
0.31991278325977696
0.3199272524463014
0.31994799993421447
0.3199338163035466
0.3199336555255263
0.31993212625635065
0.319909213943281
0.31992940087075805
0.31992618001628365
0.31992611834406415
0.31992369684385796
0.31992442853357295
0.3199271161140481
0.3199346650072105
0.31990622833237403
0.3199290331512266
0.3199334351825848
0.31992139746597814
0.31992696854277747
0.3199244301009921
0.3199110569677989
0.3199149615482245
0.31992414430856614
0.3199307656857473
0.31992373379795436
0.3199131638551022
0.31991669802458345
0.31992438583151506
0.3199152524585565
0.31991786488648993
0.3199161228228409
0.31991869392957434
0.3199213126406501
0.31991294984999996
0.3199088904258682
0.3199126783757132
0.3199212813292322
0.3199176561150161
0.3199261482409695
0.31993485199570343
0.31993381883078464
0.3199073536142512
0.3199203532402673
0.31990328240898297
0.31991244874647967
0.31992822880439814
0.3199153774730812
0.3199285321860313
0.31993601837738134
0.31993525790684263
0.31993988051703304
0.3199331034419854
0.31992381339001286
0.31994673486563235
0.3199238359433997
0.31992870717628513
0.31993793609505733
0.31993548232584373
0.3199352416683219
0.3199432563822264
0.3199320078799765
0.31994062216664493
0.3199336966030481
0.31994167453565764
0.3199406599070489
0.3199313334600079
0.3199306628764434
0.3199319375331385
0.3199216133188053
0.31993026095410065
0.3199419384962365
0.31994503379766936
0.31993003296759176
0.3199374063444103
0.3199325996331017
0.3199350061076141
0.3199282685042543
0.3199340378818693
0.31992984186951196
0.319935246275546
0.3199413025341962
0.31994542466491527
0.3199490151890339
0.3199423352203671
0.3199444310362684
0.3199440983014491
0.3199445048080897
0.3199331662289455
0.3199468966993934
0.3199370613489103
0.319933558366797
0.3199311964113125
0.3199270808192514
0.31992706816371985
0.31991004774432164
0.3199130599397314
0.31991013763636644
0.3199019711709867
0.31993424498295053
0.3199196285708352
0.3199256267458106
0.3199333830607085
0.31993412304635555
0.3199267718463787
0.3199103515577338
0.3199387948146001
0.3199387999485191
0.31993572843848195
0.31993904227411496
0.31994258506119067
0.3199502838150531
0.3199488130571332
0.3199454539740866
0.3199530677418448
0.31994961304335623
0.3199515401977383
0.319932793733656
0.31993942106402434
0.3199311108551986
0.31994796308695334
0.31994308673537275
0.3199284736098735
0.3199401481012262
0.31993589329509664
0.31994133647513057
0.31993354232996357
0.31991794404982765
0.31992009317117
0.3199160444404629
0.31989482509424166
0.31991014272056406
0.31992309302235766
0.3199080346175679
0.31992377762139507
0.31992559080946037
0.31992245130504077
0.3198989871882683
0.3199054387805131
0.3199020348436119
0.3199092691368286
0.3199049063267235
0.3199126513562745
0.3199153532110194
0.3199020532439682
0.3199031900999862
0.3199057660888963
0.3198872714182237
0.3198801161778034
0.319879004553322
0.31987990794424676
0.31987546583343035
0.31988019090034264
0.31989312624367466
0.31988451427905396
0.3198914912946871
0.31987947146021656
0.31987383674162073
0.3198911412127345
0.31989569091387504
0.3198837996961861
0.31987201882733546
0.3198644250476381
0.3198489313185668
0.3198670116320344
0.3198417993755908
0.319873630016997
0.3198599984661076
0.31986597619491736
0.3198654759288995
0.31986989197346183
0.31987715674113815
0.31987416443234024
0.3198819130108886
0.31989679522244346
0.3198938222006686
0.31989722441918195
0.31989941584465836
0.3198897306603638
0.31988246097793566
0.31987406646224226
0.3198652206916542
0.3198707616364211
0.3198812658378271
0.31986921066199014
0.31984964830839596
0.31986865397664066
0.3198577011756762
0.31985901333345085
0.3198533561665322
0.3198481070500454
0.3198496949963897
0.3198632737178104
0.31986132844116927
0.3198598238496106
0.3198661989377808
0.3198482286916082
0.319811517377191
0.3198272115992481
0.3198359712106591
0.31983915008332425
0.31984463809698294
0.319832430862912
0.31982269285194204
0.3198316376593111
0.3198222774094129
0.3198317680945193
0.31981675273966736
0.3198185763626341
0.3198219163488697
0.3198272080213212
0.3198141081339728
0.3198168941636322
0.3198263636634117
0.31984138376651255
0.3198423532113053
0.31983118862135
0.3198194748121138
0.3198226826652162
0.31982706015608153
0.3198353055122195
0.3198454025381538
0.31983753633224055
0.319833177635511
0.3198439163143069
0.3198419050179302
0.31985149963748943
0.31985614093984244
0.31983688167198515
0.3198278463688398
0.31984906352118675
0.3198310216650751
0.3198198358874164
0.31980992647169965
0.31982714008621144
0.3198490215136467
0.31984358415037967
0.31984421210925074
0.31983555627542853
0.3198463041194581
0.31985504377148466
0.3198622654449846
0.3198444763746887
0.31984324740160874
0.31985509798393624
0.31984736587906243
0.31985942519271093
0.3198521197468768
0.31983968566187854
0.31982422062226273
0.3198426109135522
0.319846255678254
0.31984244236231646
0.3198487035669106
0.31986399262463416
0.3198610650695914
0.3198619670856684
0.3198702888367517
0.3198650280736937
0.3198561063492197
0.31985035519920757
0.319858556162322
0.31985738540760467
0.3198530496647473
0.3198446042365754
0.31985111642565284
0.31984999491794863
0.31986436779979976
0.31985879096294284
0.3198547573775932
0.3198727829477986
0.31988346657790495
0.31986662874904853
0.3198510432137959
0.31985549396014257
0.3198652225181785
0.31984264958537945
0.31985064657052104
0.31983539473171346
0.31983433829844277
0.3198378281600084
0.3198263864010374
0.3198325028535955
0.3198485572996813
0.3198568119362604
0.3198478433683258
0.3198592567053483
0.31985764854744564
0.3198669958905831
0.31986518781204853
0.3198653831638468
0.3198646686819112
0.31987237888273456
0.3198736922311304
0.31988917898629887
0.31987893147842567
0.3198697003505001
0.31987774042474004
0.31988306169223313
0.31986276210287656
0.3198638176256348
0.31984681369616547
0.31985654042949985
0.31985521167042713
0.3198593619700419
0.31985472611958926
0.31985998330854837
0.31985101687526435
0.3198550889482628
0.31984355066692693
0.31984353164892004
0.3198487130241824
0.31983788429872145
0.3198516263481805
0.3198560740785444
0.3198681877808615
0.3198588152215551
0.3198628012225133
0.3198705142273447
0.31986902568605574
0.3198820526493255
0.31988575127551916
0.3198948901774898
0.3198997118861971
0.31989758161702747
0.3198899711201018
0.31988105782145965
0.31988146175823245
0.3198815135620631
0.3198788823071352
0.3198774464346483
0.31987518789310965
0.31988789568335313
0.31987771422025235
0.3198597479311943
0.3198511672992047
0.3198492135689027
0.31984446387132287
0.31984174677716
0.31983948823415725
0.3198514271090719
0.3198457471482282
0.31984649532547793
0.31984813292832004
0.3198508994639502
0.31984226092905654
0.31984493061313873
0.31985617282036427
0.3198378685126507
0.3198414105459247
0.31984373343973854
0.319858404926236
0.31985258136638656
0.3198474472508735
0.3198513139705898
0.3198319709440393
0.31983842041285265
0.31983597430676686
0.31984362509175335
0.31984108115973736
0.31984724123600533
0.3198420376918667
0.31982833514550835
0.31982125532917377
0.31981737834318763
0.3198176049002009
0.31981726213357126
0.3198170720719007
0.31980396846296233
0.3198219470052272
0.31980997599263566
0.31980560970698363
0.3198122630855628
0.3198002910854889
0.31980419811802346
0.3197997713207987
0.31981847701968763
0.3198176571915934
0.31981856076553655
0.3198151136126499
0.3198343158795941
0.31983597658370816
0.31983615232746115
0.3198311330852022
0.3198380843694303
0.319832434825653
0.319814989079371
0.31982188819444324
0.31984032132908974
0.3198380885060543
0.319840063733735
0.31981991707605073
0.31982978232057463
0.3198379987340407
0.31983841576280925
0.31983837716955826
0.3198371966323642
0.31984723085549227
0.31984616969868673
0.3198352980117649
0.31984247207931926
0.3198363936554143
0.31983897905360054
0.3198377974984738
0.31983320291566897
0.3198325880777016
0.3198436390548544
0.3198445463908277
0.3198496004990542
0.31984774781045405
0.3198581723664364
0.31985347505201706
0.3198506262289358
0.31983595451635927
0.3198494306495784
0.3198613937221465
0.3198471857087563
0.31984155852116025
0.3198688161337293
0.31986863213944033
0.31986968016076917
0.3198607566831994
0.3198542799270003
0.31986667095058674
0.31986184565960246
0.3198610296294493
0.31986763910948285
0.3198755453981013
0.31987329391913377
0.31986206297470005
0.31986785169822923
0.3198740238672587
0.3198778902864803
0.31985687132447116
0.3198727611124811
0.31987664673480604
0.31987937562419944
0.3198816278018786
0.3198805638857599
0.3198859767677653
0.3198702521025342
0.3198795027370148
0.3198760712835506
0.3198658782777645
0.3198580325597891
0.31985165155093415
0.3198460639306101
0.31984667327794475
0.319835097863301
0.31983272371642574
0.319835843383632
0.3198300958333753
0.3198453244046139
0.3198201965443166
0.31983505344002205
0.31985315855537205
0.3198589975522765
0.31987418848239324
0.3198692633752852
0.31986931765243976
0.319864420541667
0.3198416163269964
0.3198532594365918
0.3198604065528049
0.3198509218712207
0.3198601969442021
0.31986255496687577
0.31985314007064075
0.3198505375084424
0.3198572041037531
0.3198513796834305
0.3198530291721593
0.3198564189775056
0.31984854799096146
0.3198564822955088
0.31985064341677416
0.31985935333907267
0.31985108199516005
0.31985491854538933
0.3198373344158488
0.3198474384712632
0.31983742990928826
0.31984955819289784
0.3198515011407803
0.3198468983271928
0.3198358175449065
0.3198394653524897
0.31984138916005084
0.3198454262826618
0.31983228122031343
0.3198511443545449
0.3198423838176225
0.31983989447989114
0.31983632103609655
0.3198363473692645
0.31982864732722033
0.3198331449214146
0.3198430885568964
0.3198354268539364
0.3198420143493097
0.3198393018251241
0.31983024589833337
0.3198268288388947
0.3198485510058755
0.319857455010491
0.3198398155513455
0.31985316564280003
0.3198508464879812
0.3198586313892474
0.3198447212647831
0.31985544462352433
0.3198656488907019
0.319847074169308
0.3198376555153711
0.31984406904401985
0.31983793973057423
0.3198482150469353
0.31986449290961344
0.31984935563919775
0.3198387754413071
0.3198399670695928
0.3198263360589477
0.3198504766069776
0.319852418430087
0.31984177500760314
0.31982276018710476
0.3198337110800885
0.31983518757076795
0.31983676021624186
0.3198272551020313
0.319840057817946
0.3198464584593642
0.3198438538042307
0.31985639370976104
0.3198573360386974
0.3198455421328006
0.31984871685115335
0.31982720232317396
0.31983980473162155
0.31985832637756656
0.3198518707202863
0.31985770300971245
0.31987528306544294
0.3198642468313162
0.31986099446257027
0.31986115043316504
0.31987397140797585
0.31986146646057967
0.3198637558031087
0.3198755689494488
0.3198651878185148
0.3198556475925849
0.31984782130530115
0.3198458453046037
0.31984791204719415
0.3198452022502501
0.3198443162121964
0.31984215027947765
0.31984345907958256
0.3198368339532135
0.3198418886763836
0.31984055416759016
0.31984155591493774
0.3198384673855958
0.3198482726847454
0.31984895296381427
0.31984915908565204
0.3198501177350812
0.319849111038865
0.3198466722548276
0.3198533840618573
0.31984113189062846
0.3198388831867836
0.3198433370442668
0.31984944650567004
0.3198297137334799
0.3198345738387641
0.31984153459498765
0.31984303029850647
0.31984633989010447
0.3198424371886357
0.3198454216621611
0.3198351961812397
0.3198329029335269
0.31984151264763433
0.3198288744850254
0.3198280812940935
0.31981829694980163
0.31982273698497876
0.3198298849449681
0.31984446273031386
0.31984556746149717
0.319854432646542
0.3198631952973522
0.3198496747956766
0.31983496182442106
0.3198420764231274
0.3198435813938187
0.31984209082326254
0.31983149300199054
0.3198476394106214
0.3198593958930449
0.3198495989245243
0.31985107962348563
0.31984502465342285
0.31985619385503355
0.31984559721843164
0.31984921934429944
0.31984913084920724
0.31985146959286076
0.3198552236894749
0.3198593415051253
0.31987019459549326
0.3198525183337303
0.31985064416786935
0.31984778185046847
0.31984937116277157
0.31984578794563645
0.3198608159492053
0.31985371553357916
0.3198471360059219
0.31982672697142744
0.319830078000155
0.31984252464069857
0.31984044524590405
0.3198238991160133
0.3198335864420982
0.31984100102057295
0.31983082340487673
0.31984733774205254
0.3198370168533967
0.3198253777017112
0.31982158180198816
0.31981103367301766
0.31981546647499476
0.3198281554976007
0.3198252508730455
0.3198093717780617
0.31981401640289964
0.3198215978268937
0.3198237252026581
0.31981151260250956
0.3198121437518418
0.31980741498542287
0.319819948681056
0.31982425336809633
0.3198133650892555
0.3198023742738173
0.3198156830745991
0.3198066799523481
0.3198107458031871
0.3198123011617162
0.3198056544260409
0.319809061562258
0.31981306507682195
0.3198121872634731
0.31980784960557684
0.3198152454984415
0.3198109823863876
0.31980639396786636
0.31981382582142415
0.31981652697736
0.31983237477118626
0.3198380069248605
0.31984074332533696
0.3198387635307625
0.31984816709190583
0.3198492025215933
0.319843697421214
0.31982483792590055
0.31983774553239647
0.31983864527076117
0.31983420449299355
0.31982514202652207
0.31982715176497994
0.31982009834870534
0.3198239284954231
0.3198315862471143
0.319826922481082
0.31982409652979515
0.3198338503653707
0.3198404887576093
0.3198326727365688
0.3198268829527415
0.31983540104429947
0.3198320618250832
0.3198397870545171
0.3198369272663373
0.31983889963904916
0.3198338164053853
0.3198460203460572
0.3198338914148117
0.3198423456932385
0.31983621286621594
0.3198475879800635
0.31984947849251905
0.31984263868945856
0.31983044814134226
0.3198164045930684
0.31982549704860647
0.31982643439437825
0.3198328283388121
0.31983039939092955
0.3198405614446633
0.3198249336371328
0.3198195576478202
0.31982443238207897
0.31981459625482545
0.31981455513593143
0.3198163202472219
0.3198163136703641
0.3197922559192159
0.3198148008611677
0.3198151413091949
0.31980821281958055
0.31980840577946623
0.31981335826871365
0.31981003413561476
0.3198174901209948
0.31980930578100153
0.3198230334346564
0.31981192876978376
0.31981317242304036
0.31980541753274383
0.3198050605702397
0.31981484717700615
0.31980579773705076
0.319800518388885
0.3197987261160527
0.31980956026526625
0.3198082661780662
0.3198034252176168
0.31980892026819774
0.3198146975379113
0.31982214104210727
0.31984261811105125
0.319825901907435
0.31981919653721486
0.31982541154531546
0.3198229231519459
0.31983290746427073
0.3198207559759538
0.3198275235629084
0.3198283428131333
0.31983378416394803
0.3198259394758139
0.31982741523226815
0.31982727924101373
0.3198259138015512
0.31983121771768175
0.3198203323049004
0.31981911983732936
0.31981070013932117
0.3198132863156274
0.31980818493030116
0.31979791900871724
0.31980990620972344
0.31980586545036466
0.31980872260773646
0.3198049397556506
0.3197943168397953
0.31977663622450736
0.3197930900922352
0.3197918427020361
0.31978909748210305
0.3197916964644989
0.31978767944480085
0.31978690097140755
0.3197892878024261
0.31979898012196756
0.3197867405928434
0.3197845066613492
0.3197870591671269
0.31978505962895826
0.31979308587530014
0.3197928709469148
0.31978357921098605
0.319782965230848
0.3197994686219521
0.31979150828354475
0.31979879371649494
0.31979152532833804
0.31979588400503733
0.31980450309480685
0.31979641357437333
0.31979461760356664
0.31978937834756144
0.31978903820082144
0.31978531036765473
0.31978980765073983
0.3197842937227077
0.3197885173416172
0.3197938876840808
0.3197922598137316
0.31979440202942383
0.319788740905692
0.31978910422761464
0.3197779880571454
0.3197856661531859
0.3197839330765376
0.31978305716770977
0.3197868324919707
0.31978474801928775
0.3197797399021291
0.3197788684913306
0.31978113111417955
0.31978713762274896
0.31977295210808865
0.3197837297516704
0.31979532180944253
0.3197868343390527
0.3197911231873726
0.3197830971691024
0.31978454471796125
0.319768139402368
0.31976844651589925
0.31977524359005555
0.3197677368277111
0.31977418629201715
0.31977272249246463
0.31977522943163794
0.31976086661902225
0.31977186576558914
0.3197743714971726
0.3197691187448278
0.3197804998662475
0.3197817861403986
0.3197612498389125
0.31976886738752247
0.31977369244954384
0.3197791814211933
0.3197812323487658
0.3197886476548296
0.3197948545193544
0.3197881897653627
0.3197957850700364
0.31978641294260585
0.3197822515217536
0.31978198079972614
0.31978811147804087
0.31979267795781957
0.31979935140093174
0.3197984539314087
0.3197989740086551
0.3197958450764754
0.3197960599017416
0.31980450955409784
0.31980839767072444
0.31981218688297797
0.31979751883338847
0.3197977015624109
0.3197855791684539
0.31980136087271616
0.3198061223699647
0.31980525625171896
0.3197952756430428
0.31979658908604813
0.31978507383078253
0.3197851899257098
0.31978467365893576
0.3198042125261483
0.3197901476474748
0.3197830688688652
0.3197698489311771
0.31977777389419465
0.3197893887790541
0.3197879019281015
0.31977716592553695
0.31978708228293823
0.31979114573843515
0.3197870127160353
0.31978655341318873
0.3197676757942878
0.31977000828270796
0.3197804668919269
0.3197650221635747
0.3197733696487446
0.3197724517181995
0.3197674784898112
0.3197612284244385
0.31977280957086707
0.3197899807649559
0.31978880490414785
0.3197894798909568
0.31979261322551966
0.31978498469753863
0.31978808144334164
0.31978135751647563
0.3197788287840778
0.3197685790284507
0.3197761030451439
0.31977526335612433
0.3197776088681978
0.3197672129663681
0.31976918215784716
0.3197468150317828
0.31974905525911823
0.3197729909286939
0.31976475581744124
0.31977497138936434
0.31977896226352304
0.31978423726078375
0.3197864394519714
0.31979093523254903
0.3197890479565724
0.3197689460295664
0.3197887662436484
0.31979844139588337
0.31979259344649025
0.31979462974469713
0.3197977945765852
0.3198150114401785
0.31978617955550565
0.3197850316386939
0.3197889168385162
0.3197804447372969
0.3197925645912911
0.31977378071085316
0.3197823383668668
0.3197707513012915
0.31978799122003043
0.3198007401339865
0.31980457818589547
0.31980232199043496
0.31980212505763245
0.319792175006123
0.3197903063872701
0.31977815702762247
0.31978012963928726
0.31978292517021856
0.3197782884035836
0.319778024598492
0.3197656394484015
0.3197663425881555
0.31977581897658197
0.3197818696438653
0.31978347583094
0.3197759159611243
0.3197760034848669
0.31977802547650386
0.31978023183037024
0.31979540676930246
0.3197966996243247
0.3197929253579874
0.31979270128991943
0.3197934154267955
0.319792873369642
0.3197944446136198
0.3197920070069334
0.31976684556717655
0.3197857897155531
0.31976935482943897
0.31978015850620684
0.3197774031643219
0.31979163771671787
0.31977591339206907
0.31978744235126144
0.3197996910013188
0.31979447740406514
0.31978213201407757
0.3197957724270376
0.31978960564279313
0.3197956485131942
0.31978068292551703
0.3197885645924653
0.3197881733227984
0.31979533940367944
0.31978435621088164
0.31979138828624404
0.3197981911120077
0.31979643533162
0.31978396638871076
0.31978156865239243
0.319762100040245
0.31977048108714146
0.3197528898839745
0.3197577897457099
0.31976426270694713
0.3197658902544537
0.319755197973402
0.3197652699743768
0.31976898702696444
0.3197707549936286
0.31976535354781027
0.31976566916985316
0.31976559088229717
0.31977826619567606
0.3197796566419292
0.31978396352945726
0.3197790373013469
0.31977968894972203
0.3197876436432807
0.319794813342785
0.31980284536850667
0.319793215045843
0.3198093054014127
0.31978992131417533
0.3197823364077395
0.3197895880161611
0.31979206506310526
0.3197820827860272
0.3197831284091407
0.3197847647343444
0.31976425265084607
0.3197779549140666
0.31978629631375066
0.31979449086758277
0.31979577687676886
0.31981275225550276
0.3198180410586409
0.31980276542353964
0.3198124399369427
0.3198122065294423
0.3197921877931421
0.3198085382251539
0.31980197202150784
0.31980868255276496
0.3197916035423246
0.31980064679775017
0.319800860326673
0.3198053787023969
0.31980779283625155
0.31982885173756104
0.3198235850639785
0.3198166929557375
0.319810350872529
0.31980383242223465
0.3198144861500774
0.31982111789922496
0.3198112645924611
0.31982397456076805
0.3198288299705061
0.31982201667455634
0.3198223378756505
0.31981232114334635
0.31982286748871075
0.31982772741042725
0.31981948715127373
0.3198192830437086
0.3198121924182915
0.31982532213266507
0.31981105765513257
0.31982246948912824
0.31982542320049556
0.3198345821039846
0.3198314827181293
0.31984099718297176
0.319836967278542
0.3198412974578889
0.3198443650588168
0.3198476216959397
0.3198401993413726
0.31984889173575237
0.31984837069897265
0.3198519062012113
0.3198445402543972
0.3198491995615326
0.31984523134492254
0.31984304625280024
0.3198503540215787
0.31984216415631594
0.3198374399863811
0.3198208760702078
0.31981310328287843
0.3198198277573303
0.3198225659092382
0.3198343615265674
0.31982477138266824
0.3198370467458041
0.3198390136540934
0.3198423043361651
0.3198401382140506
0.31984134368296807
0.31982660708617866
0.31982667612668386
0.3198338078562729
0.319837038723786
0.3198414893138765
0.31983456850845104
0.31983205049617663
0.3198469259896576
0.31985372993865235
0.3198542282317402
0.31984262276021674
0.31985651933994674
0.319857404720169
0.3198555027157173
0.3198601039632631
0.3198412041452816
0.31982955263187524
0.31983375148538323
0.3198443869032657
0.31984994050054333
0.31985249497278023
0.3198533915354892
0.31985121056689414
0.3198576549275222
0.3198373840240841
0.31983562022319106
0.3198492082778024
0.31985386844807295
0.3198597995672883
0.31984439367320605
0.31984680747348393
0.31986209095121143
0.3198699477444568
0.3198641091228475
0.319847189857428
0.3198535797356301
0.31985144642615815
0.31984635746541035
0.31983655580515963
0.31985133261033233
0.31984569973824156
0.319843869895266
0.319821846133045
0.31983616828088296
0.31984368797869706
0.31984681349735206
0.31984992568311255
0.3198520681508033
0.319848436654411
0.3198583570691799
0.31985061517636004
0.3198394734408814
0.3198411739007397
0.31983981714018084
0.3198331104463604
0.3198434890691483
0.3198315526463058
0.3198386632306107
0.319838577599207
0.3198377153602945
0.3198282245796007
0.3198272823253283
0.31982364267380653
0.31982908326283116
0.31983623574599473
0.31983218437297256
0.31984741669604194
0.3198408090759122
0.31983543492654315
0.3198374477223156
0.31984024228989055
0.31983861387279505
0.31983220583686844
0.3198315653562045
0.31983145868020496
0.31984387520966856
0.3198482317942624
0.31984858464954125
0.3198445297526479
0.31984340362481567
0.31984969455522716
0.3198498975789084
0.3198534872645784
0.3198391078270333
0.31984806555173934
0.31984903386455193
0.3198512863627403
0.31984604156721214
0.31983489133590376
0.3198415847609565
0.3198451494573374
0.3198366595103374
0.3198308870271358
0.31983173911323554
0.3198363768807077
0.31984595370355684
0.3198457434180747
0.31984513045233537
0.31984471441642426
0.3198599942624204
0.31986373678828905
0.3198438386563786
0.3198441896285922
0.3198457855037037
0.31984263811737673
0.3198340580792826
0.31984281756867505
0.31984081012733384
0.3198422765717794
0.31984707288298575
0.31984596424828926
0.31984554701504864
0.3198453490333627
0.3198506783660964
0.31985872666815734
0.31985286480119784
0.31985290728659
0.3198514306063706
0.31985403309639526
0.31985586095301805
0.31985686658949875
0.31986685143133897
0.319869818954672
0.31987316466779364
0.31985833894313703
0.3198600795655886
0.3198587138639199
0.31985850503597274
0.31986732447424
0.31986814585314044
0.31987141852363343
0.31987476407666043
0.3198704240965469
0.3198633556142366
0.3198589277415827
0.3198588054963475
0.3198495313697202
0.31984823477886776
0.31985283986427077
0.3198590705847928
0.31985441358428796
0.3198540197597847
0.31985619654232156
0.3198487062040555
0.31984948941561725
0.31985613780407945
0.3198540775179979
0.3198455866428673
0.3198475478190878
0.31985136414750964
0.31984680003318405
0.3198380467113491
0.3198410775703031
0.3198364523094561
0.3198333294697689
0.31984727300360816
0.3198419844224609
0.3198413320276283
0.31983194232625384
0.3198559720487049
0.3198425350933664
0.3198553958796504
0.31986433393842795
0.31986024163765386
0.31985731982504534
0.31984419851820034
0.3198450168254952
0.31984364648365665
0.31984236945462513
0.3198384429365431
0.3198402043676052
0.3198466307197288
0.3198444953887787
0.3198452986210748
0.3198332434837275
0.31982644569513413
0.3198123000777393
0.31982692167334986
0.3198207671731316
0.3198263691282432
0.3198163320647506
0.3198248218198717
0.319831963038161
0.3198312156211347
0.3198339949123526
0.31983372071231964
0.3198305350522763
0.31983193982690683
0.3198204009323375
0.31983073242143156
0.31983618208702885
0.31984200532484813
0.31983682997577123
0.3198456156519889
0.3198531916595788
0.3198453566320498
0.319844484202052
0.31985170683610814
0.31984518850968957
0.3198530846029523
0.31985171168817067
0.31986389267977433
0.3198552708832332
0.3198668284710957
0.3198693945149715
0.3198785372959614
0.31988307648710446
0.31987759358388945
0.3198799140641853
0.31986162408371804
0.3198690992187944
0.3198640845455633
0.31986396927602195
0.31986538891370486
0.31984875326542705
0.31984794653020343
0.31984516910969396
0.3198545909424833
0.31985290018503226
0.31986152235084503
0.3198619347782992
0.3198621168553656
0.3198512586904828
0.3198508844111181
0.3198488348040525
0.31985781748367337
0.31984739002538815
0.31984377930109675
0.3198328509236411
0.3198386426432687
0.31984245273684325
0.3198428175882023
0.31985242676915704
0.31984564445512986
0.319842250442439
0.319852625520174
0.3198378296613905
0.31984352141268346
0.31983873512281014
0.3198334794882399
0.3198366817305427
0.31983793336165783
0.3198480964998978
0.319838071569982
0.31982510695614413
0.31983992587419485
0.31984190748696456
0.3198348740615209
0.3198390846779974
0.31983141413188737
0.3198302051574987
0.31983111060756464
0.31982134115667527
0.31981801805946536
0.319813207112243
0.3198156042576718
0.3198214099255649
0.3198214983805554
0.3198157065404001
0.3198293696905614
0.3198347604559747
0.3198443292234588
0.3198411653287
0.3198364819748625
0.3198403264838995
0.31984093624496046
0.3198497958901937
0.3198455384179006
0.3198487553975934
0.3198506466845109
0.31984343329585596
0.31985223968847337
0.31985872496715945
0.3198619190740709
0.3198586743943409
0.31986916992757375
0.31985968992654573
0.3198617051963076
0.3198570996273251
0.319860216306271
0.3198593058404799
0.31986699793073164
0.31987656476564824
0.3198640346598201
0.3198697488606924
0.319885202281774
0.31989429699629396
0.3199007319911786
0.31989780701339665
0.3198895351633214
0.31989080668136044
0.31990480907020413
0.31990904943065934
0.31990251274316
0.31990005491916174
0.31989607479045673
0.3198997160969133
0.31990812096123655
0.31990876852984057
0.31990699618756224
0.31991296447093254
0.3199155412641146
0.3199164540328774
0.3199140564048251
0.31990524315435753
0.31991253009004184
0.3199253833324312
0.3199118981526653
0.3199091677992433
0.31990773059007793
0.31991260638731916
0.31991213209427277
0.3199184312121105
0.31991738805001174
0.3199147218874173
0.31990433445701116
0.3198931979635827
0.31989072534593094
0.3199038115978299
0.31990492623749356
0.31990555756069544
0.31989741861086396
0.3198924159859967
0.3198919773154235
0.31987923373598437
0.3198926430150206
0.3198883791110279
0.31989231144965713
0.31988239401126706
0.31988708708388325
0.31988432033091335
0.31989109195836246
0.3198902077077619
0.31988946743129454
0.31988427962398197
0.3198890588077916
0.3198878026469278
0.31988978455024514
0.31987586189679684
0.3198814159500582
0.3198679845339083
0.3198747960487215
0.3198790828401978
0.3198836370548474
0.31988600659075206
0.31989772538003386
0.31989954241732527
0.31988816710518514
0.31988639651724066
0.31988976480307246
0.3198894792947097
0.3198869615643936
0.31988782652762177
0.31988198916486427
0.3198787370384158
0.3198831635347173
0.31988453181645676
0.3198814695406724
0.3198801405318561
0.319885708641686
0.3198919862583329
0.31988927044141796
0.3198808482608412
0.3198880278410017
0.31987200501838503
0.319882224587331
0.319889722845136
0.31989777617804177
0.31988077681895377
0.3198844297976412
0.3198841468219052
0.31988696408687206
0.3198863162734045
0.319881877028168
0.3198893058306376
0.3198914178125054
0.3198926462285336
0.3198959865199163
0.319885694401902
0.31988936398386064
0.3198810947042662
0.31989094322098316
0.3198910497577747
0.31988728615965456
0.3198887645070739
0.3198742097094004
0.3198779765215611
0.3198902097513132
0.3198959439302931
0.3198882457428516
0.3198840574515615
0.31989141165262086
0.31988729507118235
0.3198944410476163
0.31988702904972055
0.3198997716614536
0.3198999584378593
0.3198957786738027
0.31989989368358807
0.3199010084227342
0.3198956726910918
0.31990092484724697
0.3198974074444835
0.3199041543586156
0.3198944242449738
0.3198964727367498
0.31989499420442774
0.31990387234100165
0.31990287015344165
0.3199042812530249
0.31990666048424815
0.3199070620291796
0.319904288957334
0.3199026237922766
0.31989223720981713
0.3198924752740957
0.319893119979718
0.3198919268930398
0.3198855121175125
0.3198853605944237
0.31988003104171997
0.31988425323403624
0.3198690053234135
0.3198757279653791
0.31988759475942435
0.3198872761145697
0.31987594587140256
0.3198849747952555
0.31987783987587953
0.3198851268491243
0.31987092590577654
0.319887298214754
0.31988976954705045
0.31987831218932217
0.3198643562624767
0.3198730039094855
