0.1615361976160606
0.26787169493086804
0.26884734707265395
0.2587383366193973
0.2542961070378172
0.26709279978251427
0.27451836628978127
0.2642046162654563
0.25733405242576823
0.2580742154568113
0.2632457389077046
0.26436430274006145
0.2593455706344759
0.2655756334629698
0.2714408055466916
0.26703286941536786
0.2631855833720531
0.2655823289845353
0.2670762279682258
0.2643688062408803
0.26125212797115693
0.2651784454545826
0.2661225238285612
0.2657493799159787
0.2655960074326644
0.26596142308662113
0.2696979946762814
0.2662469438073082
0.2624160258296158
0.2651993659089583
0.2664282212700909
0.26661382800321476
0.26625768146860307
0.2673575582416748
0.268623664848098
0.2663020972042821
0.26461211966778153
0.2651476130686802
0.2660353861047135
0.26547159935699727
0.26357795128790606
0.2647692031424991
0.2661961831885396
0.2654166545604456
0.26421573678679583
0.2651068816040517
0.2658442696915378
0.2653397885585432
0.264486684817812
0.26578149311471994
0.2663600137208576
0.26508451814810097
0.26436875026328543
0.26549650998122454
0.2670235327446063
0.2659342310569814
0.26541431032643115
0.26680589216323575
0.2672378421647837
0.2657952298900593
0.26526944205530856
0.26641921342795455
0.2672147902114076
0.2659867655393391
0.2649719923208236
0.26548150830701234
0.2661927669766766
0.2658992916862926
0.2657349812198671
0.2661639634557851
0.26733852060042007
0.2663510230921591
0.2651716735451167
0.2662454143458636
0.26632639206348635
0.26626670236715344
0.26623057832408054
0.266375723362672
0.26680528145550814
0.2666609274696889
0.26644511185311437
0.266922360974158
0.2676434679023878
0.2671131749232429
0.26662096630498927
0.26737699526971953
0.2680542913066294
0.2673734921088238
0.26661619734089675
0.2673340357385465
0.2679651952058038
0.2671971364832782
0.26581059108294997
0.2665666799302989
0.26650125764571203
0.26712247476943146
0.2667947173330658
0.2668882449329682
0.26683366043261736
0.26621727738827744
0.2665172297613439
0.2657553408407684
0.2655166259988305
0.2662680511413516
0.26657831505783414
0.2659240210434594
0.26510543219176647
0.2657337190957311
0.2660593577177587
0.26567473319825624
0.2656166282823752
0.2660097928088082
0.26652061336283206
0.2664568850108708
0.26585440850323433
0.2660054101793082
0.2663685265756396
0.26620282372727105
0.2657746549048951
0.2661871376585502
0.2667419775035522
0.2659454439661297
0.26572676688164326
0.2659980873524658
0.2663650173981862
0.26636037722497113
0.2659598461204045
0.26621351388161746
0.26655332236602214
0.2665067820622571
0.2666384695511288
0.2667893322582823
0.2673582610499736
0.26667341948625245
0.26565927302020015
0.2664426740248329
0.2668920075113478
0.2667937280934777
0.26662827897773195
0.26691936460476207
0.267327865008319
0.2663038647359112
0.26576309047010455
0.2659738370281723
0.26652059598655087
0.26653519715871193
0.26622165368800743
0.2664851537755699
0.2668002732010171
0.2665883171700016
0.26679216813348544
0.2660206634249911
0.2657621716092845
0.2660008704913098
0.2663399557780665
0.26663470534304573
0.2665316921526456
0.2667074832131403
0.2671389099869571
0.2665331940257635
0.2663851253987533
0.26671956131336516
0.2667315715034741
0.2666511506021055
0.26617810130124114
0.2666404623304143
0.2666956548916033
0.26645038358383466
0.2664399568447322
0.2666538805343336
0.2670021100430688
0.2666817687053263
0.26635565927721266
0.2664207663071677
0.26692413886936084
0.2665180376062452
0.266439417557297
0.2665934563865713
0.2668885025621017
0.2666464200398594
0.2660984859978846
0.26671396152758586
0.2670159024975244
0.2668301086573804
0.2663197706874615
0.2665397960357318
0.2668009557409771
0.26659125457528193
0.26638018027881877
0.2665090457713092
0.2669032336378274
0.2663008890578982
0.265800529911107
0.2663600324758525
0.26661397296642453
0.2664863515465514
0.2663080392143349
0.2666123158234625
0.2670750216306193
0.2665714166582572
0.26663793803322156
0.26628009023973503
0.26620848493996385
0.26636466569318334
0.2665121638489391
0.2664874360463576
0.26622353146446204
0.2665850085531475
0.2669227686796268
0.2665479656002482
0.2661202621033472
0.26631647742718145
0.2668230581054525
0.26628459534288146
0.2656966199066381
0.2661944364806057
0.2663950980437047
0.26599375537859266
0.26611307292654035
0.26621973633437623
0.2664500820548573
0.26616923389064284
0.2657236344152998
0.26615202028974316
0.26630760888659216
0.26631151682757453
0.2660602425476637
0.26638177409580915
0.2666865744734777
0.2665121541348278
0.2660256677840707
0.26628053754559533
0.2666517345990479
0.26619935507014564
0.2660756531516775
0.26626388344364665
0.26650255781864274
0.26639258545498135
0.2661250782056466
0.26606296741240104
0.26617990402508773
0.2661530484329102
0.26570480282604103
0.2660034119798395
0.26599447379050584
0.26585192622864323
0.26587356269013845
0.2660012758798319
0.26642577205739926
0.26595914806282867
0.26576710132046016
0.26597678906861616
0.2663169966245928
0.26587755083069625
0.26561345582691614
0.26573817810313394
0.2658600778482552
0.2659382073723315
0.26578127979633354
0.26591243038041706
0.26605506087530634
0.26584442653000573
0.26577479111733926
0.2657696025942706
0.26600492187561836
0.26600425606987366
0.2658519468504924
0.2661631581676091
0.2663571533923134
0.26607907078153525
0.265880552768591
0.2661218100856219
0.26627019408379804
0.2659894158620002
0.26563343669750367
0.2659599411152588
0.26604746499480814
0.26603558983499886
0.26586635489557997
0.2659116691790973
0.2661350962036687
0.2659191244676811
0.2656773237195241
0.265813868470472
0.26591226074950625
0.2658615484005391
0.26573094404265035
0.2659015510107465
0.26620462339315953
0.2658369288619729
0.26571490592553154
0.2658871446847091
0.2661038281375819
0.2659592397922468
0.265881567910544
0.26611324721012597
0.266229900096478
0.2659344841199305
0.26588549409378454
0.266055526499295
0.2659090048396117
0.26604331485235344
0.2661914027961462
0.26593350911750785
0.26584264032223287
0.2659791729821734
0.2661218513891739
0.2658554895936523
0.2655589307374902
0.26582819373249045
0.26586840423936026
0.26590274534494435
0.2655709206022923
0.26580950576804757
0.26589435230650893
0.26580340656432627
0.26590852566163026
0.2659194971545117
0.26618796566985825
0.2659708886075628
0.2658482750866208
0.26603200033687346
0.2662476023765401
0.2660960384395628
0.2658930509682301
0.2659954356614939
0.2662123133703384
0.26602859833410913
0.26582615923642017
0.2660898160192712
0.2663286894586283
0.26603849336363483
0.26589887942730744
0.26601713890105316
0.26624075476247927
0.26609014071435705
0.2660150603829264
0.2660800254561269
0.26640061795648434
0.2660609387717953
0.2656137254255383
0.2658495973007217
0.2659284635468418
0.2658641729446521
0.2655296121430071
0.2658313324746658
0.2658354045010204
0.265803985533464
0.2656228106254046
0.2657282795188594
0.2659548637620046
0.265943883693547
0.26593671221239207
0.2659549455536587
0.266075812833473
0.2659476167573516
0.265813482133389
0.2659097039964749
0.265920967968282
0.2659358838796871
0.2658158051314276
0.26592228166368803
0.266059976494785
0.2659612074990927
0.26576031151163504
0.2659256313326945
0.26613153375930715
0.26590237127095506
0.26567975349384243
0.2657560571016251
0.2658454583731469
0.26580150575430445
0.2658583687512335
0.26590964336512435
0.2660436396636078
0.26589726049976165
0.26566776935335656
0.26578328475922586
0.26601531199300427
0.26579021922401974
0.26561756792372804
0.2659136086102191
0.2659911159294815
0.2658871057905292
0.26581720413171206
0.26589075520313443
0.26599417588150115
0.2658986863849989
0.26583274250213107
0.2659075835529409
0.26569577215412327
0.2655947889069288
0.2655191316168835
0.2653992156619252
0.2654930488918071
0.2653505217928196
0.2651869970915778
0.2653114909345728
0.2654376102985992
0.26540111167203606
0.26547367289280355
0.2655067423399314
0.26549181647212217
0.26560689643678387
0.2656778816697807
0.2655256450205271
0.265402527633107
0.2654328345813508
0.2655519357968231
0.2654742518435263
0.2651679881371058
0.2653274141469232
0.2651124492403666
0.2651320391939423
0.2648404255442414
0.2647574528269611
0.26495538665116486
0.2648359397886395
0.2647445185587775
0.26488091301541766
0.26492023419830907
0.2648588670315589
0.26458616879213037
0.2648071963924591
0.26490248282056883
0.26476107123015397
0.26465976743245434
0.2648500789830546
0.2650459333165319
0.26482450823025366
0.264829233315832
0.2648515696019554
0.2650393936576361
0.2650184335387235
0.26484605089641894
0.2650830809600399
0.26514093809921296
0.26492744994525697
0.2648848861932104
0.2649394859626405
0.2650921661249159
0.2649438257951047
0.2648519746172114
0.2648951530246292
0.26509134447051613
0.264968599520732
0.26492564013338127
0.2650076148510022
0.2651650697789695
0.2650651398619078
0.265156042502722
0.26512442672540687
0.2650122291410915
0.2650971843711061
0.2651290436394298
0.2651006667725744
0.2648841723816211
0.26508900876947233
0.2652739597480191
0.2649636764794143
0.2648055341472562
0.264984218444099
0.26512535624643013
0.26497148407660553
0.2647938231354662
0.26502588799450727
0.26500096985713256
0.26502407358197755
0.2650675790299963
0.2651399917553162
0.2652596888465626
0.26501896452990603
0.26498357830877206
0.2650401799139197
0.2652333937322969
0.2650285803598152
0.26484193547354284
0.26504821905656273
0.2650464622638401
0.2650127829066104
0.2649359071503298
0.2650176182286822
0.26508835665027586
0.2650249146404465
0.26493370822415035
0.26504492131495794
0.26519371947856274
0.265020631353598
0.2648792058727922
0.2649374566567987
0.2650631011960692
0.2650065169495474
0.26495893678983395
0.2650412977346366
0.2651408026553937
0.2651186897695911
0.26493477540477106
0.26516675068106593
0.2652193339799658
0.2651753995382206
0.2651205109526542
0.2649274584472785
0.26510465706527175
0.26486101399029005
0.26471074670367545
0.2648380376889627
0.26488693114593237
0.26493050621670655
0.26476274880402934
0.26487943386029356
0.26492319646804136
0.26489192919222226
0.26489776083205124
0.26496244527889146
0.26497875144820177
0.26489825356082103
0.26473951967621545
0.26485841468190785
0.2650214690494944
0.2648895981791768
0.2648306023021139
0.26501055285796127
0.2651037758823634
0.26494881864543407
0.2649071741703608
0.26496109498925147
0.26495838088085627
0.26499055714114783
0.2649263075004254
0.264971742458632
0.2650856848519232
0.26493044184138353
0.2646871720883811
0.26487983371239504
0.26499471170585676
0.26495565177546243
0.26477408097930455
0.264816321968607
0.26504007159359194
0.26484991872981006
0.2647742011450066
0.2648076827222681
0.2648859488069609
0.2648549324774783
0.2647634396387658
0.26486287804292963
0.264923982734658
0.26486711780582833
0.2648495683997191
0.26496889630238063
0.2650298236557604
0.26499681920342383
0.2650109373865562
0.2649916602299186
0.2651244764149478
0.2649532425757816
0.2647176171107559
0.26483508725629296
0.26496112524507054
0.2648325988320527
0.26484216146348877
0.2649015609184661
0.2649449505862751
0.2649173552651603
0.2648815753856817
0.2649758185431171
0.26512338356569826
0.264996623722724
0.26486537005501626
0.2649760838585731
0.2650557417293471
0.2649785256479583
0.26487536076790286
0.26502790614838756
0.2650945400320001
0.2650167222500002
0.2649862836318925
0.26498592022195383
0.2651320485680554
0.26505756910116085
0.2649697790141757
0.26508002594564045
0.2652183467402168
0.2650214768405996
0.2648038654820115
0.2649589979576187
0.2650286489771697
0.2649053882957826
0.2648683439348039
0.2649939727344448
0.26500845697642134
0.2649427047650822
0.26478070489856265
0.2648967383733246
0.2648894652871609
0.2647697723714227
0.2647449245711783
0.2647172065938883
0.2648317496447145
0.2647106359029228
0.2646682629807984
0.2647932513347839
0.26488424585946835
0.26482188915254734
0.2647486885644882
0.2648442985556248
0.26490436707423376
0.26479699166747817
0.26464864927230075
0.2647865716528171
0.264879447206064
0.2647950537448574
0.26480162246787253
0.26485996621269686
0.2650325303196859
0.264798737098098
0.2647229459996056
0.26471357220876895
0.2648043171937353
0.26471776398797464
0.2646527960183344
0.2647490256660662
0.2647729221267497
0.26479981633831035
0.2647229474272564
0.26481887071595167
0.2648718817662707
0.26483679052337883
0.26479423208620584
0.2648581020002264
0.2648803932484873
0.2648426244176118
0.2646858209762553
0.2648494624986421
0.2648979189027106
0.2648462005383823
0.2646341904769873
0.26476672750928293
0.26489004096176877
0.2649275277623789
0.2647476684890671
0.2648135725027516
0.2648821442100605
0.264875824148939
0.2648907241239051
0.26493819592868223
0.2650062674978124
0.2649265742359127
0.2649162996942934
0.26496197404196464
0.26491062809006743
0.26495512314954567
0.2650294235850193
0.2649536456094242
0.2648441254272079
0.2649318984614976
0.2649951214323629
0.26483196977301005
0.26473570066153584
0.26482369237292885
0.26488405400313364
0.26485889711292326
0.2648403117019482
0.26484396905534563
0.26498731712633966
0.2650121747320825
0.26503017572942905
0.26503159894434514
0.2651551054906441
0.26502913497977093
0.26490259530353555
0.26507056647719657
0.26511141265728594
0.2650218354941121
0.26492404828808647
0.2650188751691147
0.2651282098681554
0.2650145641434371
0.26490517550768505
0.264977633051166
0.26512795266797745
0.2650014550503541
0.2648157333250273
0.26488000661666633
0.26497247434924354
0.26490984752523095
0.2648644013089034
0.26492956630698694
0.264962360281507
0.2649174400166549
0.2647947709601263
0.2649805299202054
0.2650114242314531
0.26498637811229536
0.2649440106620601
0.2650018101068582
0.26511572877052675
0.2649764547352067
0.26492744072472196
0.2650086832402408
0.2650927080770039
0.2649454822116639
0.2647648804535695
0.2648624526826417
0.26497854325575143
0.2648696125642718
0.2648352845484935
0.2648473761653871
0.2649051226969499
0.2648268974581065
0.2647907444070938
0.26488756315631495
0.26494960959290353
0.2648371875716621
0.2647365916831384
0.2648340304728501
0.2649564888066933
0.2648910377580811
0.2648235416416078
0.26491444846391843
0.2649944801453216
0.2648991230249442
0.2648973047257701
0.26492999457516797
0.2649954628652921
0.2648979785703065
0.2647796817343957
0.2649092032143893
0.26496323580574055
0.2649303978768917
0.2648103872354466
0.26491594681925834
0.2649746368515534
0.2649131012375855
0.2649221352590885
0.2649450208064466
0.2650679063682699
0.2649018547709497
0.2649024741713196
0.2649730436076368
0.2650376392812232
0.26501614847917393
0.2649271892140651
0.26495051715284973
0.2647489356093912
0.26474961184612333
0.2646023908025564
0.264502344709543
0.2645967212992936
0.2645203552059789
0.2644705960819686
0.26460092564631593
0.2646265527436658
0.2646048126739057
0.26448368975993397
0.2646011410971025
0.2646550692264968
0.2646363811316457
0.26455483072224145
0.2646234437483409
0.26476876362310603
0.26459692857173717
0.2646214901731971
0.2646489567131132
0.26471116496394187
0.26462625717346766
0.2645098754824144
0.26461983109800685
0.264639820186739
0.26459863511589876
0.2645244947410301
0.2645675850883091
0.26459046291642035
0.2646020396194751
0.2645644065670744
0.26464084802957266
0.26472397348961363
0.2646738458404066
0.26460030628074216
0.26466002134843036
0.26472886583873395
0.2647124702344026
0.26456154654791186
0.2646851458586851
0.2647704768429938
0.2647747757120001
0.2647710247293427
0.2648414089310746
0.26492336324298227
0.2647660755717757
0.2646416522182873
0.2646911444745206
0.26475394460717544
0.2647600572865211
0.2646487230833629
0.26472323712879364
0.26475047102281213
0.2647096490399214
0.26471600623515956
0.2647770729987828
0.2647973196834016
0.2647703954775651
0.2647196639102221
0.2647634080716811
0.2647863166030802
0.2647308567465023
0.2646827700703342
0.26475637435971744
0.26482065382227105
0.2648408070779268
0.26475007970823744
0.26484337574180516
0.2648623229085792
0.2648591428177151
0.2647733365570657
0.2648354030022919
0.26490364504519986
0.2648610133988258
0.26485859931077593
0.2648961475301465
0.26503889373385514
0.2648126938522143
0.2646735089638989
0.26474726022173006
0.2647826121140972
0.2647602090512909
0.2646926270147954
0.2647738792713061
0.26480576437818315
0.2647172322761647
0.2646794657563241
0.2647380498875638
0.26480972516737744
0.2647534275113637
0.2646999496441889
0.26466531380860386
0.2647370617012098
0.2646949861823289
0.2646082909958967
0.26464651561777475
0.2646904175872755
0.2645999347977494
0.2645786959150006
0.2646343731046057
0.2646179662446257
0.2646649155510022
0.2646559451969103
0.26472179421719344
0.2648119494783689
0.2646891895299572
0.26467500345760375
0.2647309156518947
0.2647971251066181
0.26466807104835455
0.26451443631640087
0.2646151000791065
0.2646771459205162
0.264664178754694
0.2646323028815458
0.26469556318060194
0.2647615789311055
0.26472992550172736
0.2646933998052307
0.2647705843023544
0.2648027486791139
0.2646968894970863
0.264606096185209
0.26467404342202905
0.2647261987521337
0.26461668483883016
0.26452892894450075
0.2645914003132717
0.2646861117451115
0.2646312035686659
0.26460433464034444
0.2646284441804519
0.2647164908277791
0.2647272770154149
0.2646809166721729
0.2647255175328538
0.2647265749359878
0.2647444743772672
0.26466149930329774
0.2647436362206247
0.2647094922518316
0.26475200311556585
0.2646821980734779
0.26476364559398896
0.26485302124789295
0.26475928934390197
0.2647639682341612
0.26478749580449973
0.2648240765195539
0.2648305530945735
0.264796268688726
0.26486067634674904
0.2648611131174602
0.26482509021903144
0.2647477093673575
0.26481463818397827
0.26480713980416576
0.26482495239618237
0.2649193794417719
0.264915279737921
0.26483369834849746
0.2648391349861728
0.2648818013858232
0.2648857966852645
0.26478660549046784
0.26485263915621954
0.26493921990243013
0.26478240467737224
0.2647571911300313
0.26482812379044735
0.2649030186730393
0.2648688576078802
0.2648503311489314
0.2648830871680683
0.2649499297407957
0.2649127838964835
0.26484402931902146
0.2648773298607588
0.26496043261150876
0.26491093314463776
0.26484813784920164
0.26492335446605164
0.2649232509563598
0.26492123010608604
0.26490158006853165
0.26489964992256115
0.2649668703060555
0.26489452094365024
0.2648605836845721
0.2648983111464108
0.26498113448888005
0.264867122060974
0.26475235922650114
0.2648740174714826
0.26492499873980424
0.26490044749581315
0.26487836976497203
0.26492046444233985
0.2649891074156219
0.26495603706524234
0.26488383376731905
0.2649362391164269
0.26498170413989347
0.26492617626786563
0.26479288447362453
0.2648791745000119
0.2648541474902078
0.2649007953135501
0.2649415825219638
0.26488861311352313
0.2648737779694263
0.2648701947506523
0.26491605962782677
0.2649391796306058
0.26485302364850466
0.26489848368330693
0.26493609104395976
0.2648927664161167
0.26481460821957414
0.2649099160089809
0.26493926000884593
0.26497178696242124
0.2649917763013316
0.26501066289758424
0.26505058717872315
0.2649981488908237
0.2648876633105363
0.2649494669314421
0.26501603867446194
0.26499802403752115
0.26494401940106516
0.2649820623622477
0.2650422989061088
0.265020201373799
0.2649528407034046
0.26500319989593785
0.2650366502580309
0.26501595683159285
0.2649914492198723
0.26504089166432904
0.26509756345242774
0.26505605599833326
0.26503069004448654
0.2650819363844252
0.2651859164991504
0.26508810302218994
0.264984447413181
0.2650992686861489
0.26513257271263546
0.2650426561170298
0.265050672640652
0.26507652080279975
0.265145144350801
0.26505520149546585
0.2649755689428685
0.26501504692139644
0.265080794409581
0.26495755362287526
0.26495859033640734
0.2649796327775765
0.2649960044675913
0.26496789943471055
0.2649042031719387
0.2649559499370133
0.2650007548076229
0.2649605520360054
0.26484972905732995
0.2649102739404923
0.26492803081286126
0.2649120564594784
0.26487563606305364
0.2649264255579861
0.2650192530388417
0.2649243531761714
0.26495555670588605
0.2649557489640831
0.2650335344440957
0.26503340906848866
0.2650050708899994
0.2650279809353367
0.2650485114465041
0.265060450193523
0.26501968672937537
0.2650675668363569
0.26509301741425084
0.2650427080728966
0.2649809851312299
0.26504729226312895
0.26512735988441494
0.265047768073611
0.264969479576723
0.26504108511555713
0.2651153413934035
0.26508248495444947
0.2650343248085368
0.26508127778671703
0.2651073449403612
0.26506133512602287
0.26504489757051486
0.26510638612417464
0.2651149405204118
0.2651179814831279
0.2650725088946531
0.2651016025555203
0.26519200558676126
0.2651178826187883
0.2650900514406992
0.26509664079591805
0.26512619840272494
0.265142036940685
0.2651275438624658
0.26518031376814494
0.2652084295530929
0.26517953240238046
0.2650878771908201
0.2651604689981885
0.2652032133950075
0.26517160157916514
0.2650602933708715
0.26512371106549765
0.26520921917585905
0.2651643397031643
0.2650830035992909
0.2651503999973496
0.26519581920194296
0.2651688823969984
0.26514819133212847
0.2651873740661151
0.26521331822105637
0.26515797063542373
0.265095844031666
0.26515836924621344
0.26522819578581125
0.2651578445477851
0.26505621700790377
0.26512860487964507
0.26518619883175093
0.2651860565173809
0.26512881458022963
0.2651936848230166
0.2652399400807851
0.26518978182249847
0.265148897573225
0.26517310297850694
0.2652172343920042
0.26516146333883284
0.26514969152361506
0.2651937326989279
0.26523642184504764
0.26518795029653763
0.26513202667711566
0.2651625956068155
0.2652159715166678
0.2651882510140183
0.2651289894267494
0.26518330076570307
0.26523540722204725
0.2652164032312489
0.26518010633115646
0.26520369891943907
0.2652731397177634
0.2651875104771303
0.26517932291696505
0.2652139588941844
0.2652680246141179
0.26516918995870026
0.2650846970066852
0.2651993850656709
0.265234257881548
0.26521105651969423
0.26511881473681165
0.2651765122947371
0.2652012875746544
0.2651450085487041
0.26512134516541436
0.26513478138025626
0.26522114698152294
0.2651481170261672
0.26508662396853794
0.26515806338616493
0.26523498809395923
0.2651442634870024
0.26504956887286785
0.2650864900075673
0.26514673692776686
0.2650889934132888
0.2650231484715961
0.2650721632412485
0.26512449678453054
0.2650995890236004
0.2650581249066041
0.26511188015250997
0.2651520650311512
0.26507833610011744
0.26501117828823845
0.26508591281779137
0.26512693694463607
0.26506843344735675
0.2650774604621893
0.2651286709455468
0.26516362143434397
0.2651014119531515
0.26507987095796487
0.26512039211176225
0.2652015862176619
0.2651115272657513
0.26515987969724003
0.26513771944301634
0.2651107968618204
0.26514265320577757
0.26516059436559647
0.26512380816985937
0.26507790362049655
0.26510704848122496
0.2651532606641074
0.26512476849393457
0.2651009729853859
0.2651405628974982
0.26516321156399275
0.2651026508497713
0.2650538880572798
0.265123914896453
0.26516637794441167
0.2651240986131074
0.26501296369445065
0.26508416785529704
0.2651436344195316
0.26510532125013764
0.2650716568401554
0.2650801443279849
0.2651540540872202
0.26515390193818034
0.2651529385724312
0.26517997611865607
0.2652339693067211
0.2652035996875918
0.26513634642593137
0.2651880031333523
0.2652031692923014
0.265211151870226
0.2651655171543797
0.2652070632901897
0.2652495093961892
0.26520043465563486
0.26516930882696527
0.265212121852745
0.2652511155896358
0.26521738111814014
0.26520320810290315
0.2652702354727283
0.26532059637937816
0.26526765181796297
0.2652576464564653
0.2652711097464056
0.2652881069914173
0.2652760560516196
0.2652389300585818
0.2652337619404903
0.26524012817702414
0.2652316923253634
0.2651923482460823
0.26523748465832003
0.26527652706953947
0.2652050960990135
0.2652143152377866
0.2652434399949031
0.2652903169046511
0.2652495867810174
0.26525850392183387
0.2652757197213432
0.2653284554842929
0.26528412711770594
0.2652109621464853
0.26526255960502393
0.2652958790773588
0.265276041995862
0.2651809662077835
0.265230781953249
0.26524209953558386
0.26526603277429867
0.26522833882661084
0.2652507543886547
0.2653054484174549
0.26520980549707635
0.2651245151630297
0.26522389249182565
0.26526852251597893
0.26519896073670873
0.2651456283129153
0.2651903659468062
0.26522683934395597
0.2652021541147792
0.2651936268024766
0.2652284069678442
0.26528442091976856
0.26524343635647785
0.265198496335913
0.2652187649135288
0.26523486671952695
0.2651883925793037
0.26510412332973127
0.26516975028786144
0.265233590843943
0.26521548483713236
0.2651996174614627
0.2652159590766061
0.26527101939203546
0.2651945682702353
0.2650899332121446
0.2651304069003988
0.2651635719585846
0.2651718956319511
0.26515216788023416
0.26517924793747455
0.2651826365637212
0.26512354399956584
0.2651482016558125
0.2651797208935606
0.2652161304566933
0.2651908000463567
0.26516412870967526
0.26520682598271306
0.26520665124159065
0.26515205170266
0.2651030250729413
0.2651727790645967
0.26523190310178413
0.26516518564499597
0.26507554808287903
0.26514488508616935
0.26515463550372415
0.26515396922773093
0.26513461716004805
0.26514831287059437
0.2651989565424509
0.26513207485957246
0.2650484167089303
0.2651141519063655
0.2651370959350774
0.2650950315430054
0.2650847969251919
0.26510359512873444
0.26517100638105995
0.26508460646655
0.2650657412018404
0.26510464984571863
0.2651471210524978
0.2650752394663155
0.2650302235262525
0.2650720322931099
0.26511481006059706
0.26510746044312006
0.2650501979201951
0.26511822797878004
0.2651730675606533
0.2651426203483681
0.2652006419766491
0.2651439669388182
0.26514964238031075
0.26516135377663685
0.2651950085248134
0.2651474856250277
0.26512774468896866
0.2651843267825067
0.26520088063074826
0.2651592799730108
0.2650877425641556
0.26512438191351856
0.2651437369037027
0.26515071995849904
0.26510272556275255
0.26514366946062673
0.2651803092200167
0.2651548948971829
0.2651142188891875
0.265179541062572
0.2651887705845467
0.2651788091643839
0.2651156772380397
0.2651517233172548
0.2652197537190966
0.26518456487363595
0.26518172865119166
0.2652157972340055
0.2652805384860006
0.2652115667803028
0.2651377664841401
0.26519345911346276
0.2652174267261054
0.265152995077604
0.26513463831026535
0.2651786285225427
0.26521844570459907
0.2651268130929194
0.2650867535528024
0.265119583488914
0.26512848946618284
0.2651049363538101
0.26510092662642154
0.265117532357016
0.26515741735786075
0.26513905034949165
0.2651041421619131
0.26514273629893526
0.2651838976182985
0.2651627667374883
0.2651693150171575
0.2651580064148811
0.26510550494987944
0.2651464209431649
0.2652158151688497
0.2651874281092339
0.26509598295387504
0.2651575407962595
0.2651782702187984
0.2651844417412864
0.2651540908942572
0.26517155551419885
0.2652023342785078
0.26517700541860845
0.2651154545394159
0.2651543638611584
0.2651771405429489
0.26521359443194303
0.26515899934619214
0.265209153748248
0.26527751917595366
0.26517588746503273
0.26514395788404027
0.26517414312392135
0.26522273556324283
0.2651579607444667
0.26512721505557285
0.26516291699501887
0.26517822604132296
0.26513597050079857
0.2651443811777937
0.2651779124973739
0.265213729892649
0.2652051588040257
0.2651271806372663
0.26520409839999043
0.2652137512639536
0.2651731876598372
0.26511489768088836
0.2651662859531464
0.26514636946149356
0.26509320680411774
0.265045740885731
0.2650413692877228
0.2650818299045212
0.26501837663852457
0.2649376967339224
0.2649993892352104
0.2650452945568247
0.26504214726338515
0.2650100009740281
0.26507883476057464
0.2651193832585084
0.2650394768093328
0.26498337956839524
0.2650397758117994
0.26510030120490635
0.2650155419759521
0.26502803536657943
0.2650456021900019
0.2650449740691231
0.2650530118966405
0.2649810548174413
0.26503334244052207
0.2650738521498744
0.26503835871858106
0.26499642642007326
0.26503286056228953
0.2650482706065674
0.2650554319787753
0.2650146010568659
0.265040406258079
0.26504687782504455
0.264989941469374
0.2649947419177636
0.2649270382611142
0.2649733123816485
0.2649269750086211
0.26488227128775527
0.26491790912421165
0.2649264918876692
0.2649098786225443
0.2648458789597278
0.2649405100590715
0.2649899613319104
0.2649339980233085
0.2649243037688701
0.2649708637995269
0.2649955535246927
0.26494573465219773
0.2649440374885672
0.26495522297582497
0.2649844139188513
0.26494119074333494
0.2649197903569535
0.2649550022832711
0.2649989431910188
0.26495089981000863
0.2648853011531032
0.26492021922116504
0.2648852748957881
0.26489607695397643
0.26493936683007674
0.2649036697681557
0.2649191501570705
0.26495628228872026
0.2649885684365718
0.2649265520410991
0.2648758271382642
0.26493115013135604
0.26487657353026445
0.26487575474760433
0.26477856210884126
0.2648400702648506
0.26484392756107383
0.2648369550547807
0.26484810403999237
0.2648812560853456
0.2649280924343939
0.26485757954616684
0.26481145056660654
0.26484187157468747
0.2648687396273088
0.26484889535320977
0.26479415689022806
0.26483574046354036
0.2648792361407123
0.2648569700783859
0.2648189444001493
0.2648267218913093
0.26485845181187767
0.2648483938729565
0.264802079067406
0.2648474941177286
0.26488235595978765
0.26486650604659856
0.2648950554111238
0.2648769935164644
0.2648954731065732
0.26486187714339343
0.26482077617378397
0.2648610459793568
0.26487361527053804
0.26488279731142295
0.2648647936022621
0.2648831898943961
0.2649174907637043
0.2648584513757841
0.2648009817996168
0.2648658347822674
0.26489018903420153
0.26482113125105305
0.26475885416940503
0.264826811714202
0.2648572768643822
0.26488601219505015
0.26481574766117305
0.2648854595056669
0.26490651129168535
0.26486189188317943
0.2648529051542164
0.2648809140900265
0.26491089845254373
0.26486518013807764
0.2648018258839642
0.26485381294358845
0.26490907548537984
0.2648253966173087
0.26477802811477724
0.2648124383384587
0.26483959497095294
0.26482300964198424
0.26477326278612917
0.2648025764962107
0.26482008048865174
0.2647636296154925
0.2647189096185704
0.2647921491950808
0.2648310601138519
0.26479305924001195
0.2647912386303193
0.26482779315556443
0.26485994560346615
0.26481040203446043
0.26477503937211155
0.2647964568418945
0.2648106967192732
0.2648185380175773
0.2647583776501035
0.2648122259202803
0.26483938546137403
0.26482919077153727
0.26484049601465465
0.2648576728358009
0.2649010572571516
0.26483620684064235
0.2648394335122288
0.2648549059297377
0.2648630180331458
0.2648533336114348
0.2648817956707497
0.26485988785453857
0.26481884239382764
0.26487508718755953
0.26488316284581925
0.2648224718333313
0.26484161221951463
0.2648385889691589
0.2648740535405345
0.2648352625271595
0.2647887917649112
0.2648248131465108
0.264864827230002
0.26478824441595694
0.26472818015863236
0.26477326182441263
0.2648047539437939
0.2647885756756937
0.2647548876746094
0.2647939964512628
0.2648365279349042
0.2648050836092421
0.2647555099618742
0.26477003028670887
0.2647975879382168
0.2647801851583469
0.2647438784832571
0.26480932445399136
0.26485211201026354
0.2648220330768704
0.26477700250276637
0.2648333239964721
0.26484458489857
0.2648199886079233
0.2648227363281154
0.2648351536791279
0.264849148811011
0.2648070551413484
0.26478271262039244
0.2648209022834559
0.2648405712628223
0.26480650641966896
0.26475210413876976
0.2648043437261398
0.2648307182617609
0.2648208052584818
0.26481211305387714
0.26481966422097586
0.26486878895762317
0.26482296268003663
0.2647793421753824
0.2647993866940079
0.26481277449984464
0.26482278396080416
0.26481386007347685
0.2648502270997518
0.26485613854020834
0.2648500728229919
0.2648336866242068
0.2648630144825614
0.26489829986033403
0.26484687138779434
0.26480168331280524
0.2648471701275847
0.26489738878711877
0.2648236771560524
0.26476939849755543
0.2648041325653065
0.26482168432908576
0.2648416685246248
0.26485094512560536
0.26487645394950166
0.26491821761293755
0.2648712076724039
0.26480762861992746
0.26487672382944005
0.26490429583670366
0.2648857089819761
0.26480850341777795
0.26481587352159836
0.2648871063395392
0.2648069087838368
0.2647828532126492
0.2648133170969528
0.2648518065968812
0.26483447363379137
0.26480826145142905
0.264851909242236
0.2648791452401551
0.26486192927146596
0.2648417305956864
0.2648877255645678
0.26491449465302797
0.2648510661517757
0.26482319999279513
0.2648542033004871
0.26488194372343726
0.26484147114782064
0.26483303534145797
0.26482810960053965
0.2648492369220193
0.26481027039505894
0.26480042440490686
0.26483566052509433
0.2648735612095304
0.26484528453574985
0.2648195241758913
0.2648437991842044
0.2648853482559078
0.26489032663615203
0.2648710830324261
0.26489769158730136
0.2649251258458487
0.26488145066697755
0.26483413291385965
0.26486207373460047
0.2648789015664922
0.2648722284895982
0.2648571225877195
0.2648732833498897
0.26492068006525527
0.2648515877421526
0.2648398104755658
0.2648543258465187
0.2648956984520232
0.2648372320480266
0.26480717522780933
0.26485935790822895
0.2648658230439118
0.26485571283116577
0.2648169935132641
0.26484840681569405
0.26486669380477607
0.2648540452703683
0.26484540946866114
0.2648723037277824
0.26489438496072054
0.2648673917818948
0.2648385790601696
0.2648706987327778
0.2649147979019595
0.2648768530325867
0.2648748273427341
0.2649039310134873
0.2649293946806762
0.2649023963920214
0.26489252120309886
0.26493104551222674
0.26497562938700564
0.2649249888674785
0.2649209800496172
0.26493672795230694
0.2649866007014303
0.2649332032102716
0.2649071174233787
0.26496632530765213
0.26500662171743006
0.2649935088883997
0.2649503311739016
0.2649683475768744
0.2650037264748813
0.26499614188723236
0.2649598725916239
0.26498814838405793
0.265025579974763
0.26498350474485954
0.26494676104928117
0.2649940851566099
0.26500659380601393
0.26498633572284774
0.2649540601660069
0.26496417180608883
0.2649767770198709
0.2649969025262422
0.26498836988278707
0.2649872655419402
0.2650263828161575
0.2649960955527889
0.2649788832624723
0.26501312693240126
0.26506545098948964
0.26498923511564365
0.2649438493598912
0.2649822365628769
0.2649987058695599
0.2649938778787171
0.26496107144516123
0.2649748324982073
0.2650162057020489
0.2650276414909689
0.26500554692862044
0.26504158991480753
0.26506087802807177
0.26502585886393615
0.2649848838412005
0.26501593496315423
0.2650389062230028
0.2650180297000083
0.26500248456154557
0.2650277265682882
0.26499492228438715
0.26505010066608203
0.26511742094910024
0.2650531520855314
0.26500815215367723
0.26504407147428743
0.26504543290527655
0.2650483831344022
0.2650607188074835
0.2650792232584084
0.26512374992759463
0.265079237635039
0.26505125472129853
0.2650914203430804
0.26511867788940446
0.2650824420599619
0.2650532195342245
0.265070088737639
0.26511441361090066
0.2650923636312112
0.2650851091524584
0.26510035552584926
0.2651326355432093
0.265113439103668
0.26510798511970296
0.26512044692936737
0.2651443736029196
0.2650956041134781
0.2650599941228561
0.26508283491456025
0.265138546732545
0.26507382545949326
0.2650202309256256
0.2650600360487885
0.2650757775159186
0.2650893348834093
0.26501869469587475
0.26504020716163107
0.26506325572573036
0.2650646226191728
0.26504803783268954
0.2650911246964133
0.2651407232913908
0.2651058694632411
0.2650889132031746
0.26514204894741195
0.2651762409328756
0.26513685927897024
0.2650789056994556
0.2651122546737959
0.26509483766701003
0.26514148199664533
0.26518891815803003
0.2651005522147067
0.2650620780291093
0.2650900787198464
0.265119492688071
0.26507165782360065
0.26505698247678294
0.2650989371240186
0.2651335571969869
0.26509037095347254
0.2650344909703647
0.2650505294840412
0.26508046670358915
0.2650690152423286
0.2650527258820455
0.2650705372753418
0.2651096949826607
0.26507576691104745
0.2650867610467922
0.26508402907384204
0.2651278612024483
0.2650916364167227
0.26503168502349594
0.2650850287620127
0.2651002879665318
0.2650668470893873
0.26501436073328183
0.26505270700560823
0.26505832685081215
0.2650748875045035
0.2650628132531072
0.2650700258679411
0.26511124830402877
0.2650849223363233
0.2650675076645568
0.26508798800523997
0.2651151901729623
0.2650827386486399
0.265048121777598
0.26508411575564217
0.2651182346357983
0.2650682250726957
0.2650498458825974
0.26508509383444695
0.26510289720899843
0.26509423380730507
0.2650769794894572
0.26510463747674534
0.2650786137174773
0.26511153092890577
0.26514265165879297
0.26512994535054707
0.2651008729153421
0.26513045815639846
0.2651740993893629
0.26509766555196257
0.2650586778661267
0.26508349899037725
0.26512727621135757
0.2650751686549528
0.26504246717781804
0.265084921301714
0.2650851015992889
0.2651074828357783
0.2650568508723605
0.26507906952916654
0.2650964259988527
0.26508487319894
0.2650935067035401
0.26511382221635926
0.2651543539886666
0.2651072001615759
0.2650955298425947
0.26511426333322013
0.2651211830582682
0.26510843236880355
0.2650897391498712
0.26511008149234166
0.2651336601664222
0.2651133580467508
0.2650767686864464
0.2650818109170678
0.26510041559317277
0.26507748989309093
0.26504947269633206
0.26508972985355883
0.26512815654773403
0.2650944092867525
0.2651004632691585
0.26511472529845403
0.2651437262336222
0.2651196785357691
0.2650282912742591
0.26506140043392235
0.2650772366555859
0.2650666856952276
0.2650475086448659
0.26507695911357243
0.2650895104073493
0.2651029259745398
0.26508802715507546
0.26510859708715795
0.2651296917381477
0.26512206228641
0.2651086883061457
0.2651462748793424
0.26520142553685294
0.2651420745472571
0.26509534929150175
0.26513427754629676
0.26515078797618535
0.26510575423124916
0.2650680692853146
0.26508841689096313
0.265119242533353
0.2651041272031101
0.26508775742288115
0.2651157340225478
0.2651451228214352
0.2651000558017381
0.26507813839340993
0.2651161946516829
0.26513820674353156
0.26511226232937957
0.2650315995263699
0.265078306890676
0.26511924651066393
0.26509049887920266
0.26507528423733484
0.26508776710144466
0.26512128895354353
0.2650784689935461
0.26503589916226006
0.265089992513447
0.26508978362930685
0.26511318393662475
0.26506338389787876
0.26510083598376993
0.2651218998696723
0.2651058796586873
0.26511503992797314
0.2651278887485857
0.2651745570722572
0.2651304831264702
0.26512902687814377
0.26514608170488146
0.2651738983157508
0.26516228013967624
0.2651097888004716
0.26515633654314585
0.26517894104743983
0.2651438635929068
0.26511755592107056
0.26514473781948744
0.2651652712765322
0.26515170328983606
0.2651301028570535
0.2651542617142238
0.26518193363761233
0.26511760892457287
0.26507714347237543
0.2651154909365166
0.26515119141671323
0.26511659156505574
0.2650823723991147
0.26512529690144754
0.2651601140937376
0.2651328600268999
0.26510405365610334
0.2651461450618032
0.26518133784304887
0.2651316071560303
0.26510662314056443
0.2651566189463977
0.2651849998832536
0.265153623925908
0.2651402685310387
0.26514539127790343
0.2651818097848275
0.265150815141622
0.26512223431522575
0.2651471886738453
0.2651552602859422
0.2651477881482874
0.26511063237309596
0.2651347089729427
0.2651464651129129
0.26515119989496816
0.26515989627812236
0.26518471971772345
0.2652068735860889
0.2651565415265726
0.2651461297790736
0.2651699096508054
0.26519532785864186
0.2651599596106192
0.26515990510405213
0.2651761791740474
0.2651723320240004
0.26519632307314445
0.2652326090488097
0.26518948429805766
0.2651642306027545
0.26519390329782255
0.26520506505652486
0.26520550094999296
0.26517072985826207
0.2652103089736197
0.265230536723945
0.2652282006443251
0.26518421895570976
0.2651991431347245
0.26524194248773175
0.2651889130455606
0.2651951879751015
0.2652171506569554
0.26524951641416317
0.2652299868509989
0.2652188024473742
0.265214907941998
0.2652354406655165
0.2652325691569842
0.2652175685635069
0.265239734117597
0.2652783197180425
0.2652373925356608
0.2651950562519331
0.2652439982187357
0.2652780127817135
0.26525531850261913
0.2651983346784562
0.26523937887143545
0.2652475803592376
0.2652580592593708
0.2652711142072159
0.26527406703804557
0.2652784333856737
0.2652343253262097
0.26522230178946526
0.26524707514859136
0.26530277970085686
0.2652351505010207
0.26517354279868793
0.26520067275450465
0.26522492491628175
0.26521179067611533
0.26519883695130325
0.26520459413078845
0.26522561594596644
0.2652289808533527
0.26519292716602244
0.265218406460491
0.2652577482827088
0.26519996993111467
0.2651952134021346
0.2652031129001565
0.26520598714364346
0.2652031614704842
0.2651911266418678
0.26519992559892425
0.26521557515669275
0.26520580834709895
0.26518835146087255
0.2652170592582962
0.2652409683295574
0.2652372898162271
0.26521024856571684
0.2652404372456435
0.2652509846987341
0.26520869923464335
0.2651719955196926
0.26519692676063467
0.2652158259406317
0.26520965049255457
0.26520689882917725
0.265211477716263
0.2652455078016055
0.26522381652983706
0.26519959885888433
0.26520592419164707
0.26526562975432216
0.26518826258965134
0.26514342753939457
0.2651733256597673
0.2651860169975783
0.26519275955392557
0.2651386915878253
0.2651705824276872
0.26518537838773726
0.2651825481211075
0.2651609092287109
0.26519779192042087
0.26522498015157986
0.2651984907979926
0.26515553369884964
0.2651731837165604
0.26521118069261757
0.2651741607499066
0.2651525194887276
0.26518650493325535
0.2651904013814968
0.2651432553811916
0.2651113144137349
0.2651264758641884
0.2651402816802665
0.26511927417652825
0.2650889210193989
0.26514548172777064
0.26517346909242595
0.26514178632769325
0.26509938736153654
0.26511000488531966
0.26512600838592926
0.26514610452999515
0.26511324258539193
0.2651337501636356
0.26516506665311795
0.2651563884088191
0.26511577200375663
0.2651662657367094
0.2651819621718611
0.2651871628319592
0.26516560416226653
0.2651826977351112
0.26516888573358544
0.2651156787836117
0.2650564031573611
0.2650471273867503
0.2650731180546597
0.26505269577344326
0.26503682953407665
0.2650657523298711
0.2650868381235337
0.2650513242671544
0.2650198803997911
0.2650451644233694
0.26507562262065154
0.26503837774753386
0.265006419586137
0.2650382462299807
0.26505108738021926
0.26506500238463426
0.2650134095939943
0.26505360199042216
0.26507379552143995
0.26509153445222544
0.2650910451843627
0.2651049026608871
0.2651025388552126
0.26511605920691644
0.26511785691483936
0.26511409084774656
0.26510540478914074
0.26513779512102664
0.26515152067483394
0.26512749012942893
0.26512256922720145
0.26514681048915484
0.26518451960988626
0.26513775384755345
0.26510050924049944
0.26515030554297436
0.26517263781041084
0.2651404153749265
0.26509304706146286
0.2651162642888715
0.2651223290710747
0.26513059192813915
0.26510198503797466
0.2651170502542791
0.26515182049652825
0.26511452618082004
0.26509328596520293
0.26511097835028385
0.26515285312079007
0.26514093853234016
0.2651096843600065
0.2651450344256475
0.265170425112348
0.2651160856395212
0.26508893783508997
0.26509884731534195
0.2651316262591516
0.265130887737014
0.26509992145199
0.265122115766995
0.2651594398851239
0.26513992659923163
0.26514341361092525
0.26514774465976504
0.26517948235322963
0.2651548699814122
0.26511552632189667
0.2651496241449133
0.2651576511008238
0.2651375861354969
0.26511975371046964
0.26515954044410694
0.26515101700685295
0.26515838369581446
0.26515801790788446
0.2651341346256493
0.2651235550516894
0.2650830778310481
0.26512063110887263
0.26509932761273697
0.26507246476072366
0.26508807963022807
0.26511268444033476
0.2651120530899293
0.26509362969136935
0.2651181407021678
0.26516430182462114
0.2651194530176411
0.26507520529981604
0.26511034563645164
0.2651303790232723
0.2650920846800323
0.26505679717412856
0.265093860231894
0.26510828582393575
0.2651154323378256
0.26511181504086045
0.26512376323567743
0.2651480583668919
0.26513644700569977
0.26509582612727656
0.2651311475593006
0.26516273312112343
0.26513722667380246
0.2651138969491792
0.26514659551483366
0.26515894623133185
0.26513068315092264
0.26513094027079165
0.2651623965416533
0.26517962845382886
0.2651599422577867
0.2651352361032535
0.2651304134262665
0.2651497211350923
0.265138892075375
0.2650779291881482
0.26511229682307363
0.26513795909211757
0.2651331817338377
0.2651336749929065
0.26515285167899755
0.2651286788322121
0.26514523591123185
0.26517029828383964
0.2651576680008613
0.2651302855904708
0.2651485316408525
0.26516313390903024
0.2651690569730023
0.2651597730290024
0.2651782566823635
0.2651998377323884
0.2651998670645629
0.2651903882515864
0.2651826277015839
0.2651899683774532
0.2651966988553301
0.26517156130684044
0.2651859207334254
0.2652348100694091
0.2651896730571815
0.26515196277585096
0.2651986315642105
0.2652129493220096
0.2652004284037306
0.2651650576270362
0.26518696834927774
0.2652150724889538
0.26517800467366426
0.26517199349068765
0.26518062595371694
0.26521859566323747
0.26517467504838055
0.2651463253837107
0.26518581632686045
0.26521200933181704
0.26518413483374415
0.2651549540392979
0.2652004129633432
0.26520919943785537
0.2651543088825393
0.26513637607901924
0.2651497344798545
0.2651668988254548
0.2651519104326391
0.26511356732601676
0.26516037419086647
0.26518571406070957
0.26517327968204196
0.26512321168152897
0.2651619567286111
0.26513116503592377
0.2651289738795708
0.2651478678528967
0.2651320881381435
0.26511468170721053
0.26515561851192393
0.2651967135808797
0.2651636019719143
0.2651643605530269
0.26516603781824183
0.26520398605375095
0.265175436700067
0.2651288308511393
0.26515309631198025
0.2651068682415562
0.2650952736820131
0.2650989676603978
0.2650623374808651
0.2650783906043605
0.26507183830439796
0.2650396482642356
0.2650518816862368
0.26508454112483826
0.2650534772684912
0.26500148244016736
0.26502314137893607
0.26503636072206876
0.2650452620037581
0.2650457273327107
0.26505908271393824
0.26509017200118534
0.26505116708697785
0.2650349233840191
0.2650424783074905
0.2650735347781719
0.26503592836495815
0.2650145624820277
0.26505383187560544
0.2650658092081721
0.26506062435724875
0.2650296740153877
0.26504569184141386
0.26505629383182533
0.265054938479676
0.26504047090171656
0.2650644716831088
0.2650749023787959
0.2650521923397345
0.2650164718548465
0.2650359786481212
0.2650397709181446
0.26501281725455167
0.2649835111388451
0.26501032759586624
0.2650193553816797
0.26499920358138396
0.2649768098547902
0.2649915138500056
0.2650134411204148
0.26499512216552723
0.26497178263125865
0.2650012359651509
0.2650318002625445
0.26501446517907423
0.26500522498073004
0.2650158105540227
0.26504277818181243
0.2649972649511455
0.2649834323196407
0.26499908349051776
0.2650029706043826
0.2650071609853402
0.2649808836027912
0.26499085723731586
0.2650076932598914
0.2649788808684617
0.2649327874087385
0.26497965804987766
0.26498949153540435
0.2649989346525722
0.26499011821598906
0.2650222686739222
0.26503747952298545
0.2650198460716524
0.26501415087807767
0.26504086680996475
0.2650525514307262
0.2650159599081103
0.2649828641532884
0.2650090486180239
0.26504784782563584
0.2650205319201713
0.26500795804518656
0.26502761439405187
0.2650627392826556
0.26504415510162893
0.26502043901785943
0.2650455847886011
0.265051723760444
0.265054622205523
0.26500739815063296
0.26506079059610327
0.2650739575386932
0.26504171257225667
0.2650244830817476
0.26504640947806957
0.2650742414864055
0.26504566975606303
0.26505777696670796
0.26504291686731346
0.2650641246791901
0.2650434797566976
0.26502854101573253
0.26504370249334525
0.26505213900181684
0.2650507110650971
0.2650183509709144
0.26504327477570094
0.2650671032071423
0.2650511943341785
0.26501518685983816
0.26504367950670576
0.26507421753607247
0.26506497645596766
0.26505208038106753
0.2650630203195745
0.26506457076055795
0.2650462371159346
0.265043291523051
0.2650597418168011
0.26508583023964805
0.26506798464879383
0.2650760664896332
0.26507411719228663
0.26510440324085943
0.26509044990702585
0.265053195037674
0.26509489797202584
0.2651190636347548
0.2650758205055922
0.26505181874655515
0.26508126523841913
0.2650869039109854
0.2650880504014817
0.2650842829491418
0.26510524047114764
0.2651284487334009
0.2650833036675899
0.26504178076085355
0.2650627455292477
0.2650852439781463
0.2650662724567267
0.2650642578280507
0.26506594619369017
0.26509693018715696
0.265067598565204
0.2650423703398958
0.26507596875852407
0.26508036534463225
0.265071882071824
0.2650420581105902
0.26506008919455565
0.26505854227977715
0.2650487045294979
0.2650498034899952
0.26507488649820976
0.2651010318029199
0.2650647939839747
0.2650374433856421
0.2650651406787861
0.26508951748437487
0.26509037875698765
0.26507440530386456
0.2650972508210004
0.26512712818522877
0.2650927272159641
0.2650844327379078
0.2651015084872693
0.26513038122382376
0.2650919969278395
0.2650737989102948
0.2650760191489815
0.26509412478893374
0.2650885350535222
0.2650434568421799
0.26506272771558886
0.26509482394365197
0.2650804667098593
0.26503092053531324
0.26507734728944116
0.26510674084453284
0.26507994384089356
0.26508322911589904
0.2650840321088816
0.2651064703004343
0.2650652419251895
0.2650380168373803
0.26505897489270963
0.2650745829411847
0.26509186578168153
0.26509942147458876
0.26509686445157077
0.26509142391592266
0.26511769011324104
0.2651306400740374
0.2651257832957148
0.26510773930585785
0.26510526900647685
0.2651250578139008
0.2651162956360675
0.2650927010300717
0.26511625584852944
0.2651440138470184
0.26511905443341344
0.26509692086394343
0.26513707335584097
0.26514690610138736
0.2651245554019179
0.2650945833708426
0.26512433231748833
0.26513288182881517
0.2651169029514679
0.26511795654863657
0.2651278556441831
0.26515517761167195
0.2651273689690649
0.265129933708178
0.2651343864428341
0.2651630385641768
0.2651336506864006
0.26508680525517564
0.26509787688590575
0.2651067181172211
0.2651128480116799
0.265090666426505
0.26511691855685754
0.26514260457859795
0.26510347036314935
0.2650828785941398
0.2651133336933429
0.26514751946224946
0.26509012244532226
0.26507744529741223
0.26509643142207157
0.26511076262256733
0.2651023940861725
0.2650636282827039
0.26509134585631666
0.26511873289046556
0.2650945376026302
0.2650641483758251
0.2651027936579488
0.26511753602609345
0.26508597128552464
0.265072386876656
0.26508277480339265
0.26510261579626554
0.26507303918299285
0.26505670426810346
0.26507377472955823
0.26507579034808215
0.2650745786732502
0.2650883650032056
0.2651003057932941
0.2651344144085923
0.26510571960954116
0.2650888956255981
0.2650975104601696
0.2651137408515524
0.26509575806565033
0.2650720659363008
0.2650804385373875
0.26510315478858504
0.2650998361235365
0.2650812573411468
0.2651072582291855
0.2651276176754875
0.2651288251312528
0.2651201474620673
0.2651322156704073
0.2651566613710083
0.26512527808414893
0.2651225201712827
0.2651378379236656
0.26514182521613056
0.2651021171277768
0.26505899545042805
0.26510901079103744
0.2651194336410774
0.26510130852400626
0.26504872238684396
0.2650939143745988
0.26511898313364646
0.26509455361176476
0.2650708939395099
0.26508780544030175
0.2651265408642457
0.26508791460236647
0.2650814249553889
0.26510359193752037
0.265091429738335
0.26509921247834484
0.2651172279700174
0.2650848038437688
0.26506253622507736
0.26508419137491207
0.26510731494410933
0.26510167403550866
0.2650853522054246
0.2651054508085396
0.2651390492909304
0.2651125742355973
0.2650800977827393
0.26510453748150625
0.26511658577839836
0.26512478581914084
0.2651000004654185
0.2651047321593832
0.26513342190262973
0.26510107960987406
0.26506235331415334
0.2650886585760471
0.2650961778724186
0.2650860994746562
0.2650603453928044
0.2651072967472157
0.2651302661701094
0.265096268373144
0.26508018821536744
0.2651043371337052
0.2651150817274764
0.2650914282593446
0.26507755966513424
0.26508947987599996
0.2651218499175959
0.2650952616089013
0.26508445013675275
0.26510484416715463
0.26512287359766346
0.26508487515685886
0.26504591588457527
0.2650770822497995
0.2650906595067883
0.2650892450640224
0.2650642949367922
0.2650928053105358
0.2651267069271474
0.2650918610600813
0.2650866686442585
0.2650877094659278
0.2651198442396949
0.2650893381948171
0.26505267895485096
0.265088838616854
0.2650925359583355
0.26508457181678075
0.26506442702931315
0.26508016565670245
0.2650811080444011
0.2650875481997336
0.26509494450118615
0.26511376701271583
0.26514034782047463
0.26512251960533123
0.2650849819093691
0.2651073508653541
0.26512624037473886
0.26508914366109537
0.2650742034949322
0.26510185019066784
0.2651258079619747
0.2650999715359264
0.2650586409592058
0.26509693252245164
0.2651138791473362
0.26511389741426966
0.26512626107916576
0.26513741341854996
0.265141563793913
0.26512435332768175
0.2650625549134796
0.2651064074875352
0.2651195533521904
0.26509490235455546
0.2650714096052356
0.2650864742111087
0.2651173383986013
0.26508114257310256
0.2650629173310298
0.26509000622172213
0.2651143734144193
0.2650903620919188
0.2650760989221159
0.2650792500816163
0.2651008314513724
0.26509316172159125
0.26508067231283095
0.26510268554228816
0.26512218491789435
0.26510505327844747
0.2650962146876031
0.2651104380859297
0.26513435854240325
0.26510259641008743
0.26511145837363853
0.26512635934019807
0.26514505188385795
0.2651314746247443
0.2651209572338144
0.2651250215944216
0.2651503467656953
0.2651340566985551
0.26509959685470236
0.26512048230863766
0.26514008502507286
0.26510358988061894
0.2650709576898432
0.26509797153069886
0.265121826997643
0.2651098406081435
0.26509130154414906
0.26511409204608677
0.26512469235128044
0.2651401030560288
0.26513648076640506
0.2651553523653888
0.26517005292707196
0.2651368156953898
0.2651404783017269
0.26515266790820446
0.2651860948096779
0.2651385446743077
0.26508729597680725
0.26512934584561354
0.2651480320401914
0.26511501940517274
0.265076727518611
0.265084025154577
0.26511125712977684
0.26509385604674324
0.26509885646372044
0.26510759082793667
0.2651326273187429
0.26511631539872144
0.2651066931065928
0.2650736607339853
0.26509499943398096
0.26510434352555495
0.26508178713735076
0.2650990072898971
0.2651220223698223
0.26507169254239604
0.2650758247062816
0.265088647183318
0.26509425523339697
0.2650990497477164
0.26509763080398224
0.2651216373228683
0.2651471462146746
0.26511564591861025
0.26508548763107825
0.2651028043000982
0.2651168016134921
0.2651155098566148
0.2650809494893634
0.2651056527709287
0.2651126973428538
0.2651164341114346
0.2650955480840081
0.2651147727185574
0.26512997039522357
0.26509320058598135
0.26507236734263945
0.2650983064067278
0.2651261055721203
0.2650995410588797
0.2650723343778931
0.2650991386094787
0.2651208459144357
0.2651026046522285
0.26508578919517956
0.2651117320303194
0.26512518453535483
0.26510285294695224
0.2650612218036707
0.26508777337179845
0.2651097609600968
0.26507954833141545
0.2650877296921401
0.2650896250505185
0.265103083432285
0.2650817685878
0.2650538182926427
0.2650742392404583
0.2650889883920488
0.265102949977769
0.26506227139126454
0.2650858821563854
0.26509907138640626
0.2650900065191835
0.2651053903701845
0.26509066728058345
0.26509095330307225
0.2651051936001004
0.2651348137370928
0.26509675382079817
0.26509761157527556
0.26509928189876353
0.26511543181281766
0.2650756985039582
0.2650527104696492
0.26507615870157253
0.2650827089791261
0.26508112292125346
0.26506588450058144
0.2650927635585841
0.26511744871937537
0.2650838035742479
0.2650683398614018
0.2650887750125157
0.26506848208092776
0.26506117383369465
0.26505875623111935
0.26503016970867416
0.26504535172628096
0.2650184577070581
0.26497838196334955
0.2650111081138253
0.26501575263623545
0.26501570007120967
0.26498060543046825
0.2650083692754551
0.2650290609046505
0.26500786097946544
0.2649730748842741
0.2649938334920997
0.2650298745715348
0.2649836850634239
0.26498305723938254
0.2649929106270318
0.2650142220307732
0.26499479225303874
0.2649786765358348
0.2649863846542537
0.2649958910434619
0.26499928036298165
0.264975431537893
0.26499992052845905
0.26500420822695203
0.2649898351839997
0.2649753857240999
0.26500860316867153
0.2650266183485096
0.26501568130652986
0.26499947359572323
0.2650217206424653
0.26503368336681055
0.2650235607011482
0.265000684698211
0.26501645186651923
0.26501882801832055
0.2650108947203045
0.2650219287961544
0.2650307033146282
0.2650402689391963
0.26502304599318016
0.26499726868659185
0.2650284457572395
0.2650321555980658
0.2650295019677214
0.26502318865156027
0.2650405145522562
0.2650670901962352
0.2650359918368402
0.2649978320029017
0.2650193499872162
0.2650357215186836
0.26502349421950555
0.26500239857830266
0.26500574067601695
0.265019434524889
0.2650114235948748
0.2650109992515217
0.26501361763615455
0.26503899479194115
0.26504106674469186
0.2650039014285841
0.2650300825342859
0.2650475861506118
0.2650322917254328
0.26500698746941437
0.26503823775707364
0.2650588555443519
0.26504169972129604
0.2650080085570636
0.2650415429937364
0.26504850824977205
0.26505230796093193
0.26505199164621446
0.2650699179154912
0.2650802634792679
0.2650477862881734
0.265013890423504
0.2650352142370868
0.26504313711537764
0.26502213028047517
0.26500172174399855
0.2650187774009253
0.2650505330699597
0.2650208698196751
0.2650150153217663
0.2650266212878977
0.2650522345869027
0.26503153533748375
0.26500014268200606
0.26502277878845854
0.26502604660740764
0.2650341167625253
0.26502185175292875
0.2650434827756421
0.2650651003647551
0.2650534189801966
0.2650318551285455
0.26505129409978484
0.26506126778517825
0.265049345056703
0.26503463498932495
0.26505283044642275
0.26506467713822546
0.26504849716225864
0.26503669817028225
0.2650567570174769
0.26506490117574244
0.2650674907645219
0.2650601893990741
0.2650752307322816
0.2650981092283142
0.26506821560412824
0.2650368612027742
0.2650576992659069
0.2650686033645833
0.265068823541708
0.2650519218227792
0.26506898530497136
0.26507435305355814
0.2650697127694569
0.26506098153545504
0.2650747151614936
0.2651089681912299
0.2650725915905722
0.2650837280258601
0.2650561703477327
0.2650375966257536
0.2650713476001638
0.26508458852674927
0.2650702081267105
0.2650583833215045
0.2650677391563755
0.2650862449874428
0.2650727779362513
0.26506967748499555
0.26506964677058303
0.26508562987943957
0.26506927375858175
0.265029787451551
0.2650513250623379
0.2650631471309228
0.2650609362427204
0.2650306190008283
0.265061726863256
0.26507382550545666
0.26506621702144306
0.2650507783272256
0.265057199001946
0.2650852975816299
0.2650580932740361
0.26505506194081857
0.26506673156149524
0.2650770460756881
0.26506762493458547
0.26506039490626676
0.26507584613941204
0.26505952134464145
0.2650438722607389
0.26500923219234546
0.26500265492171776
0.26502240750797956
0.2650204305448566
0.2650297589016695
0.2650340979984804
0.2650526172349318
0.2650318070076962
0.26502283072861504
0.26503953951642395
0.26504467268558374
0.26502719817722575
0.26501507088085824
0.26502849635524883
0.26505298214450856
0.265030883962294
0.2650470703473895
0.26504046918290824
0.2650347742127118
0.26504375719756446
0.26506903806600696
0.26504145116371575
0.2650101954180011
0.26504249287911574
0.2650507727512568
0.2650485499979819
0.26503872529336603
0.26503537237026764
0.26505219940705194
0.2650311261966094
0.2650199193274057
0.2650386720247243
0.2650445193493836
0.26503832194441534
0.2650214241761377
0.2650473196415529
0.2650764009076728
0.2650579769268551
0.265022189976079
0.26504221821103424
0.26507297635249927
0.26504586112458256
0.2650381196558888
0.265060178592969
0.26508504674765204
0.2650522304113589
0.26503698266125236
0.2650590156613383
0.2650899629767241
0.265042447816017
0.26500109130139093
0.26502254780457507
0.26503410651988124
0.2650405262744309
0.26500601116888983
0.26503130820261195
0.2650362226031572
0.26502308040524364
0.26501991832424576
0.26502359958875327
0.2650548926377877
0.265022749201328
0.2650152749775835
0.2650139718682017
0.2650353529994928
0.26502703744016864
0.2650588722575355
0.2650142892485308
0.26499132766803146
0.2650035490912415
0.2650343360061602
0.265011360647068
0.26499069138707726
0.26500925257156266
0.26501583274090723
0.2650221164424517
0.2650144895986128
0.26502852741182775
0.26504987790661516
0.26503921103427086
0.2650336837378308
0.26504561786846004
0.265029193956184
0.26501383172032744
0.2649947079332571
0.26497375168673826
0.26498165963991577
0.26495422300793176
0.2649535017596234
0.2649636067698646
0.2649794687930912
0.26498619003607743
0.2649540060894306
0.26498735085322006
0.264993691824345
0.2649978937856316
0.2649672782686407
0.26498971336335947
0.26501586205694855
0.264981092649353
0.26498233156562656
0.2649834021265528
0.26500217256427
0.26499361026755064
0.2649671597741997
0.26497822140504934
0.2649825643326838
0.2649860778814686
0.264986872574327
0.2650031134228457
0.2650123852769705
0.26499164953550114
0.2649727840967632
0.26498752382497315
0.2650039699499634
0.2649995012361961
0.26502247541935536
0.26498857274885207
0.2649948619726597
0.2650001133631037
0.2650022253724628
0.2649848460277997
0.2649600214494955
0.26497856977251477
0.26498304016900825
0.26499767697847887
0.2649886050890931
0.26501003186450584
0.26501706319473006
0.26500845097664155
0.26498138061839427
0.26499630130206364
0.2650181461089737
0.2649830696126287
0.26496858622810165
0.2649909619941343
0.2650065037533749
0.26498183457739294
0.2649667334191769
0.2649842594468605
0.2649967506857791
0.2649889264083029
0.2649625731984032
0.26498798123114103
0.2649919528648097
0.26499122110243706
0.26498155903390913
0.2650035582285972
0.26501956457047254
0.264986229233648
0.26496597568513874
0.2649743057861289
0.26501035062524725
0.2649755119641895
0.2649364513622889
0.2649578709693695
0.26497718842747336
0.2649753437938066
0.26496714988961223
0.2649777788572513
0.2649963831963299
0.26497345703597475
0.26495480983731745
0.26497093852484416
0.2649851475198874
0.2649715591577985
0.2649657958968965
0.26497896130256643
0.2649948913966206
0.26497362697398735
0.264953666510661
0.2649789472841978
0.2649928426694143
0.2650003689897526
0.26499583347968503
0.2650040921661524
0.26501735289156
0.26501053898161786
0.26498805024378985
0.26500102652901036
0.26503314575744813
0.26500514346924436
0.2649653074563491
0.26499259911637857
0.2650057609138067
0.2649920129585586
0.26499369661884337
0.26500687142495405
0.26503745431687586
0.26500400651981937
0.26497823462031656
0.26499120557646494
0.2649923230818074
0.2649967885182642
0.2649553077328097
0.2649886639431938
0.2650179166223949
0.2649837541391417
0.2649636384621533
0.264989783287629
0.2650084975858918
0.26498567974106363
0.264982751642199
0.2650045239024349
0.2650023481268249
0.26498799566600156
0.2649795539327145
0.2649998656349497
0.2650078479797615
0.26499595333694875
0.2649621121680548
0.26499211727741245
0.26500383124037186
0.26499455994151006
0.2649872796724481
0.2649991486552251
0.26496450033780183
0.2649911328465862
0.2650015342879444
0.26500182065176187
0.2649973873713303
0.2650030722052508
0.2650342857579911
0.26500217705287527
0.2650092803344725
0.2650116892079704
0.265015793552564
0.26499901775782897
0.2649999156586867
0.2650070223741322
0.2650306249512374
0.2650178716899715
0.2650013025827952
0.2650179269442532
0.2650365667223221
0.2650216098661019
0.2650089577901129
0.2650273074901612
0.2650381875793321
0.2650417726786671
0.2650292509809104
0.26505673407342023
0.26507336755786126
0.2650616065140769
0.2650572974713826
0.26507635660748907
0.26508559303110407
0.2650712061667477
0.26503976128406664
0.2650506334872073
0.2650735742980969
0.2650448594858352
0.2650072439448587
0.26504191966963336
0.265024626461666
0.26501463499790057
0.2649884421978423
0.26498315207061596
0.2649907847539192
0.26497963812503433
0.26495631532951863
0.2649729732787276
0.26498533434225113
0.26497158748481947
0.26494977792998525
0.26496112857943555
0.26493030808725104
0.2649085981937514
0.2648982323684581
0.26487624713520597
0.26487546543116447
0.26487792851044867
0.26485599454578784
0.26486617198415885
0.26488077374881047
0.264871864989133
0.26486496943072574
0.26487346891694075
0.2649001106323298
0.26486226456048745
0.26485408730879006
0.2648809808452681
0.264882461851188
0.2648867786361594
0.26486483916926334
0.26489080483774724
0.26490340850343863
0.264906841140455
0.26491138117750207
0.26491461305214165
0.2649395061728669
0.2649093789578358
0.26490062491854366
0.2649108073013767
0.26493043198897304
0.2649103298218426
0.2648877935662066
0.2649094927004198
0.26492511801861685
0.2648898663060958
0.2648798201374433
0.2648974618748775
0.2649056911498949
0.2648843619984994
0.2648736024194411
0.2648867185671968
0.26490586213904654
0.26489550737279743
0.26487509539097687
0.2648960099568545
0.2649038470960285
0.26490213832079657
0.26485896798698166
0.2648863820558358
0.26491214474240443
0.2648746979176883
0.2648599834924494
0.2648749854412175
0.26490466651884914
0.26489061419676385
0.2648583486247601
0.26488614477689226
0.2648695069693322
0.2648712785273687
0.26483564584623054
0.26483204362501606
0.2648480190535066
0.26485089299705666
0.26481532839501193
0.26482607890509113
0.2648588556295241
0.2648356381883488
0.26482634733521365
0.26483848545923433
0.26483839566542206
0.2648193837579872
0.2648106086966539
0.26483197567289296
0.264845654602271
0.26484481546571664
0.26483643960832937
0.2648465531201228
0.2648616887907698
0.2648351737302617
0.26481747293772795
0.26483835607619416
0.2648573086618273
0.2648429511679608
0.2648438172963016
0.26485551892037473
0.26486770955872563
0.2648440475894958
0.26482843509054627
0.2648315088585921
0.2648368083341694
0.2648485554707257
0.264831627923425
0.26484984733296535
0.26487332498994437
0.2648528716466027
0.2648186353862419
0.2648399517266299
0.26485343505918457
0.2648463796729191
0.2648367521204572
0.26485832161888345
0.264856697616006
0.26485942856168987
0.2648645649671361
0.2648353773018961
0.26480529837375455
0.2648322828553927
0.2648354082088491
0.2648255558826389
0.26482687461820537
0.26484547785748386
0.26486728890282324
0.264858743662812
0.2648387984094328
0.2648614475711071
0.2648823481236535
0.26484628707492947
0.2648397481544842
0.2648500661975283
0.2648609008178829
0.26485424612840724
0.2648274956327414
0.2648421364026167
0.26486261508882614
0.26485384044478766
0.2648458994700748
0.2648592692377478
0.2648703174246547
0.2648580475048414
0.2648490475151949
0.26485426809367596
0.2648843780163286
0.2648611020664425
0.26483690927697146
0.2648500919736825
0.26483363621446854
0.2648279540459179
0.2648108593265767
0.26483393185241405
0.2648403535614523
0.2648366118856547
0.2648254292352261
0.26483645306730397
0.26485420029072193
0.2648409752375451
0.26481537875941163
0.2648291515289307
0.2648551189154895
0.26486138519492725
0.2648432547916082
0.26486419157026725
0.26488084142053925
0.26487563845069934
0.2648414107797344
0.2648626589706906
0.26488559435059367
0.26486521991059636
0.26482917705617687
0.2648531360566858
0.2648660199287332
0.26484955279983013
0.2648347461508539
0.2648539811034853
0.2648719935655069
0.26483955100143464
0.2648325530167729
0.2648335594935369
0.2648458635483061
0.26484843982520595
0.2648074491093584
0.2648292510498083
0.2648424883963299
0.2648317022341581
0.2648332645993695
0.26484538985449735
0.26484958620774685
0.26484349033663673
0.26484154185824976
0.26480239887099594
0.2648209543544996
0.2648110908641781
0.2647869447738523
0.2648093606118084
0.26482034869031257
0.26480414971574484
0.2647965089732855
0.2648080669718946
0.26482898407413824
0.26480595606383195
0.2647844431196221
0.2648049556919414
0.2648207214065027
0.2647922114953464
0.264773067851999
0.2647866698468951
0.2648076052855024
0.2648062815599264
0.264798584574061
0.2648175916091089
0.26482728859363586
0.2648096349803944
0.2648039962185566
0.26481545327327205
0.2648354761075459
0.26480836819047043
0.2648219885893012
0.26482692291661
0.26484091686233996
0.2648203683747227
0.26480021349919297
0.2648246354972306
0.2648261259707503
0.2648237405872723
0.26480520917950523
0.26482048362643923
0.2648419673264965
0.26483427075612276
0.2648353326322757
0.2648394207483448
0.2648498179821509
0.26484018387017183
0.2648286742703104
0.2648596567219778
0.26486836895683435
0.2648543477115079
0.2648201011476576
0.26484606691276974
0.26486469398046436
0.2648514821526675
0.26482954574970746
0.26484192176531524
0.26485077847152994
0.26484034185005434
0.264848622145316
0.26485512485008306
0.26487216016794185
0.26485455995946433
0.26482782394150534
0.26485311552055124
0.2648688180587881
0.2648270133806787
0.26479937409322923
0.2648348717634237
0.2648452457470981
0.26483986354391736
0.2648148488455583
0.2648224146339123
0.26484232640563177
0.2648316782707998
0.26481894795628436
0.26483614676269335
0.2648446931203426
0.26482460579295314
0.2648090906830186
0.2648313181102696
0.26484798884493993
0.2648227225823212
0.2647975027217957
0.2648083575087984
0.26480433680765714
0.2647854831487706
0.26475619886713764
0.26476168674481376
0.2647666055296325
0.26474530524223444
0.2647303888075626
0.2647432028424464
0.2647710134745672
0.26472083377428524
0.26470931794014213
0.26472686048750077
0.26473791643042216
0.26472891482280103
0.264720525170187
0.26473573995117144
0.26473625294464004
0.2647304725012522
0.2647272890006828
0.26474272927894016
0.26475921381819617
0.26473875248106093
0.26470864011045464
0.2647187491315442
0.26473376495476314
0.26472777732536684
0.264725603815187
0.2647345272458765
0.26475310458107215
0.2647533934147396
0.2647343577919108
0.26475647322438683
0.2647650091628103
0.26476307618668776
0.26475832221588863
0.2647675019485822
0.2647880800803052
0.26475630470712513
0.26474581783515944
0.264763293646263
0.26477000491416675
0.2647471726497801
0.2647260365920112
0.2647343037803514
0.2647429607946993
0.26474289165544623
0.2647184213193807
0.2647455108889516
0.2647572713944414
0.2647577899467013
0.26473793884643604
0.26474937777506063
0.2647648048291472
0.2647490871094164
0.2647356346640216
0.26476337637447916
0.2647686888604411
0.2647353432359165
0.2647183004871009
0.26473161603058915
0.2647226546345261
0.26470107780311203
0.2646967884180589
0.26468576083234674
0.26470355879151974
0.2646900768583551
0.26468807096369634
0.26469321419899283
0.2646909487910845
0.2646882319844422
0.2646656049431598
0.2646676370431405
0.26469100578587806
0.26466855000597
0.26464178162336877
0.2646608140692091
0.2646685470468118
0.26467965868628235
0.26467300483436074
0.264680648382491
0.26467629483873784
0.26466632452502437
0.2646569581039977
0.2646678180720245
0.2646940353301239
0.2646733459768329
0.26465270793326845
0.2646693205892378
0.2646945324742933
0.2646783638447279
0.2646666505210998
0.2646814781381819
0.2646627075082444
0.264682422340792
0.2647054068899292
0.26466816042254326
0.26463214311786337
0.26466447334160637
0.2646744923782354
0.26466185342364745
0.2646498687294096
0.2646644841351039
0.2646850807940897
0.26467683558385313
0.26464990318701276
0.26465728437002534
0.26467419914585094
0.2646601271845514
0.2646452710732522
0.2646614670281872
0.2646719170556775
0.2646581127783621
0.2646400643607865
0.26466054947990764
0.26467240603232367
0.26464637834820276
0.2646341018417204
0.26465546529671585
0.2646729760577415
0.2646526007941129
0.2646359064965161
0.2646521328486489
0.2646535732822284
0.2646427216591465
0.26461863494645055
0.2646336933317919
0.2646429705468435
0.26464301291991066
0.26464386375345744
0.2646499547912498
0.26467488960864294
0.26464806950399483
0.2646320375202073
0.2646418201736059
0.26465794000167625
0.2646522498403575
0.26464117687268496
0.26466173973836854
0.2646481027571497
0.26464116485223876
0.2646529002840611
0.26463208440564245
0.2646568997812686
0.2646389661830986
0.26462511863996674
0.26463678873010593
0.2646603643264153
0.2646396308935745
0.2646419590146831
0.26465011812670114
0.26466597583532997
0.2646528425058566
0.2646248278166542
0.2646473252950875
0.26465204097023726
0.2646461688383401
0.2646298655931466
0.2646484502568263
0.2646532350400501
0.2646553567334478
0.2646420917878976
0.264654358084101
0.26466718595641403
0.264649884125512
0.2646302886747628
0.26464625488761817
0.2646664337923815
0.2646562722826204
0.2646429731531022
0.26466136352670716
0.2646700654067701
0.26466350496588653
0.26464833773645025
0.26464173441905814
0.26466043363265035
0.26464936544010187
0.2646176191591628
0.2646319717901431
0.26465415969695266
0.2646309542605138
0.2646238947359406
0.2646325657989444
0.2646485340422861
0.264622962483318
0.26460215480604293
0.26461748316686434
0.2646244787181444
0.26462272263566416
0.26459275130609394
0.26462041061190444
0.2646287274567233
0.26459458015290727
0.2645926808742976
0.2645931777143738
0.26458771100839856
0.2645977574794885
0.264622501292133
0.26460962898598694
0.2645950554665437
0.2646054648731581
0.26461366835490546
0.2646196673073124
0.2646126857923047
0.2646223058346469
0.26464468350280357
0.26462048696400514
0.26461525375342804
0.26463155223547224
0.2646348824360833
0.26462495664981783
0.2646040927216887
0.2646171164893587
0.2646347097204496
0.26461707127732476
0.26460866238642344
0.26462044897085957
0.2646251944054813
0.2646058963755413
0.26459074513335545
0.26461618558210315
0.2646311882266942
0.2646133848666229
0.26460943328592285
0.2646198651104193
0.2646420036672788
0.26460971679212303
0.26457491937549205
0.2646051940664016
0.26458464807096094
0.26458486599201536
0.26456495486848675
0.2645764203266776
0.264574984241721
0.2645829869267119
0.26458002635637506
0.2645794920677251
0.26459269634493304
0.264581753999741
0.2645711098690252
0.2645791470336649
0.26459413342302535
0.26457213800707907
0.2645593577077259
0.26457665976564904
0.26459159421866774
0.2645750738140589
0.2645714455116921
0.2645848156098414
0.26461149918483
0.26459832674314976
0.26458589782018954
0.26459893334282175
0.26460100547424986
0.26459385367933536
0.2645660094472758
0.26459227922505973
0.26460455624086326
0.26459493813981
0.2646016293216643
0.2646069459480684
0.2646138998878757
0.2645942531168012
0.2645706977568827
0.26457709118614636
0.26459185548538544
0.2645902707696406
0.26458405246611255
0.26460350091793433
0.26461169383238997
0.26460925881952807
0.2645954805751805
0.2646040517349017
0.2646192175198811
0.2646007237347177
0.2645998380384372
0.26459915329787803
0.26462376271354365
0.26461318336178385
0.26459473675465905
0.26462271660074627
0.2646255273197459
0.26461665467929224
0.2646107214019172
0.2646154571078753
0.2646345204863189
0.26462867640567045
0.2646170302879896
0.2646265470018275
0.2646582339893668
0.26462905183413943
0.2646004067867356
0.2646241765485419
0.2646357547809807
0.26461528322789146
0.2645982589389521
0.26462952164815
0.26465352360210603
0.2646267968935939
0.2646203012323333
0.26460469125319414
0.2646177853969431
0.26460785807558934
0.264594814917142
0.26461416093535667
0.26462989630529316
0.2646277359604804
0.2646200676441534
0.26462865253916096
0.26464697591043557
0.2646229068842854
0.26460780368314074
0.26462101320689674
0.26462430020803157
0.2646287147272573
0.2646109199163944
0.26462773761352665
0.2646298126603923
0.2646195411147628
0.2646180155070871
0.2646243565244653
0.2646460548330235
0.2646294470563603
0.26461079212184735
0.2646308007247855
0.2646486483445481
0.2646330575261719
0.2646017415873196
0.26462017498458745
0.2646313988240347
0.26461790752353687
0.26459794648110097
0.264611058060564
0.2646283268738878
0.2646124799684447
0.26460993863178034
0.2646199381526564
0.2646218685885696
0.2646283340340468
0.26461193404097805
0.2646369713752819
0.2646424374058869
0.26462506719301854
0.26459563793202373
0.264611911529749
0.2646204221786645
0.26461718921674493
0.2646089534808415
0.2646216019928062
0.26463154904713
0.2646337241493137
0.26462973376113985
0.2646306241027523
0.2646459035582499
0.26463229479639055
0.2646161913814196
0.2646338726986109
0.2646598531421853
0.26463926701723806
0.26461763740283484
0.26462575986191095
0.26464063964250656
0.2646422561938085
0.2646368938083895
0.2646323458553354
0.264643136964316
0.2646390434761459
0.2646136308822096
0.26463677739464997
0.2646463646525554
0.26464894981257764
0.26463053010693033
0.2646384186261879
0.2646456429687571
0.26464047547468555
0.2646447228560083
0.26465336893322067
0.2646759743568419
0.2646540917819871
0.26463930986651896
0.26464765756873987
0.2646563738755615
0.26465396255511375
0.2646407611438503
0.2646486503985336
0.26465723408250297
0.2646548239715774
0.26465444833723206
0.26466842546044306
0.26467413363162684
0.264667099911508
0.2646562147402801
0.2646601533126088
0.2646682437748923
0.26465446738872067
0.26465079826578897
0.26466133452480906
0.2646704781585523
0.2646695844793827
0.26465823717676334
0.26467417820722405
0.264672216225354
0.264679210802599
0.26465190684197865
0.2646700597547676
0.26468231721261004
0.26467364635338747
0.2646741453805047
0.26468409401141746
0.2647011632306963
0.26468399194668596
0.2646731016866596
0.26468940182863243
0.2646940266985367
0.26469630606131955
0.264686272545254
0.26468900840243936
0.2647117972218329
0.2646900586716347
0.2646883081151173
0.26470237845219147
0.264699561925944
0.26469272299098756
0.26468934717443493
0.2647050706998452
0.26472196281420163
0.26470295639918645
0.2646887231885657
0.2647052505049669
0.26471141170028156
0.26468680836953123
0.26468657149577396
0.2647002474009831
0.2647100210797277
0.26470048049207023
0.2646970076268396
0.2646994717435458
0.2647198353313014
0.2646956279331123
0.2646586856125764
0.26467808278234584
0.26468783972302407
0.2646894564544996
0.26468353900982844
0.26469665392292674
0.2647119945385001
0.2647060933023686
0.26468874136225595
0.26470359371359425
0.2647185264410345
0.26469636097414884
0.26467793243820453
0.2646540313748868
0.26467107482282753
0.26466993677682704
0.26465556155525904
0.2646711881005406
0.26468318663192963
0.2646715146160856
0.2646411576264173
0.2646655366923739
0.2646798743932287
0.2646731022065916
0.2646606624976917
0.26467524034773265
0.2646932960277854
0.2646688279375103
0.2646695137012934
0.264668201771518
0.2646869377980547
0.26467956594350067
0.2646650805473971
0.26468218733553467
0.2646862614145694
0.26467288668011185
0.2646669240491
0.2646730471148835
0.26468966459497756
0.2646750152093072
0.26466492713870093
0.26467679761214014
0.2646878339421222
0.2646793349114376
0.2646395064236976
0.26465729028564394
0.26467072829320676
0.2646694829321609
0.26465663139963574
0.26466912640874357
0.26468513876843364
0.26468599488634464
0.2646880159254015
0.26469563357520154
0.26466216945837373
0.26468743923319105
0.2647014792743693
0.2646745793717894
0.2646725558883167
0.26468117421947424
0.264705226210604
0.2646823138635934
0.26467513202776605
0.26469177023193696
0.2647035899480861
0.2646866598011124
0.26467077346253354
0.2646918306925096
0.2646975377882391
0.2646880980066707
0.2646780575384749
0.26469208161703994
0.2647088994323748
0.2647054456984214
0.26468922978405846
0.2647042734406854
0.26471603976378333
0.2647044103797543
0.2646842827997825
0.2646900125712293
0.2647082331588837
0.26469082832674
0.2646685110723808
0.2646890683754824
0.26469221728504033
0.2646977489071471
0.26469759124696196
0.26470310695271354
0.2647205227366617
0.26470459775931815
0.2646887491364604
0.2647085825512634
0.2647202607707806
0.26470707126461607
0.2646920070936618
0.2646989449217441
0.2647145569277687
0.26470985890291104
0.26470350153743233
0.2647066454926257
0.2647136655069835
0.26470819793966727
0.26467796118368964
0.2647058135769386
0.26467877946292445
0.2646766850742497
0.26464542898854204
0.26467210087995224
0.2646796711142843
0.264662651629249
0.26464903549435687
0.2646571910549254
0.26467292669205567
0.26464430012360535
0.2646312287436345
0.2646449292481386
0.2646515192974462
0.2646429496963211
0.26464411984699143
0.26465376744663777
0.26466602360053854
0.26466235309887937
0.2646521175752665
0.2646680022676904
0.26468281177724107
0.2646579377792542
0.2646553698505875
0.2646584202311553
0.2646748194488172
0.2646585140103802
0.26465076813520527
0.2646520359530763
0.26466731652991754
0.26465578491669584
0.26463987031792857
0.2646630853157712
0.26466850876082715
0.2646656159964943
0.2646440489963826
0.26465125385401317
0.26466582708397657
0.26465107225450973
0.26463881418494695
0.2646537295115011
0.26465858550888777
0.2646618939056586
0.26466085511132487
0.26467137718512623
0.26468687311062905
0.2646867320837053
0.26467619351295163
0.264687149017808
0.26469517168713225
0.26468388762128503
0.264689879382056
0.2646942420233498
0.26469450393339894
0.2647084690445433
0.26472064706181314
0.26470493913262905
0.2646973837049911
0.26471133049992285
0.26473165204871574
0.2647167255746892
0.2646974305858661
0.26470068728416424
0.2647134462021277
0.2647020193140463
0.264691351437136
0.26470572126571584
0.264719581670792
0.264714642789183
0.2646964559843132
0.26471094255785504
0.2647291450144353
0.26471116125045635
0.264702011750029
0.26472010117724587
0.26472797373327916
0.26471939660585125
0.2646898365428111
0.2647095285081707
0.2646967511506355
0.264693562614591
0.26468854787929713
0.264677963380536
0.26468438186966303
0.26467143906185564
0.2646619603046714
0.2646851462603279
0.2646963147918923
0.2646843982390959
0.2646635829573328
0.26467817906322477
0.26468608036919783
0.26467697090450004
0.26466797265912173
0.2646737091789721
0.2646918212141415
0.26468456523809925
0.26467969370597344
0.26468472447609476
0.264706540223075
0.2646821122435912
0.2647020240902929
0.26468314678672566
0.2646503078304252
0.26467558324255425
0.26468584639900766
0.2646578399974609
0.26465869070955256
0.26466624643625963
0.264679900031184
0.26466104880125285
0.26464390551050765
0.26465477617257044
0.2646636465779272
0.2646618510183514
0.26463449403048894
0.2646476733678744
0.26466949800268236
0.2646509045015743
0.2646229758698635
0.2646470748895424
0.26466381536641476
0.26463647303328924
0.2646299336022211
0.26464386739434764
0.2646561344900411
0.2646368017699283
0.264620810195914
0.2646345311163346
0.26464800345382644
0.26464852674833217
0.264627642727773
0.2646464267768987
0.2646519608485216
0.26464230938961264
0.26465203218097105
0.2646564197103745
0.26467536728968116
0.26465093080424335
0.2646579580176553
0.26466800067104346
0.26468563704514503
0.2646712979803924
0.26464743970683
0.2646530385737183
0.26465832843656123
0.26464955387927525
0.264653241249691
0.2646609413139104
0.26466716488813996
0.26465793337312277
0.26464586242781307
0.2646578619114326
0.2646730111806634
0.2646620650652745
0.26465438274598924
0.2646681580693725
0.26468740844831873
0.26467397470076337
0.2646584670979524
0.2646719327097951
0.2646837648004892
0.2646647233431246
0.26464951030764466
0.2646651459400926
0.2646729008890845
0.2646813069198463
0.2646820111292809
0.26468668137786444
0.26469772707457395
0.2646866369220609
0.2646719312492424
0.2646761818577579
0.264700457127377
0.26467040761729854
0.2646435878115412
0.26466141549450417
0.2646718416479621
0.2646693724760205
0.264641834749867
0.2646598596796508
0.26466748798204637
0.2646558283073944
0.2646487785304127
0.2646603827380229
0.264645997297772
0.264641707158338
0.2646101306351593
0.26459484063280064
0.2646147382873125
0.26459142065412644
0.26458075127857905
0.2646021841327181
0.26460949514511833
0.2646073934289157
0.26459300155737625
0.2646127925729099
0.2646317853100071
0.2646116887592803
0.264596774756622
0.26460237536053793
0.2645992666090275
0.26461460681848287
0.26461999625563304
0.26462144235981566
0.264606261762176
0.26462690300646796
0.264633387100515
0.2646183864694957
0.2646048294075479
0.26461588356876714
0.2646325840537619
0.2646230363790178
0.26461156222118015
0.26462261616801414
0.2646292990443687
0.264634454593671
0.26460818830411936
0.26461380138286406
0.26463223454021734
0.2646116468958448
0.2645809908082068
0.26459393241706547
0.2646018807011853
0.26459861376654814
0.2645907863170696
0.26460465670486466
0.2646229215789977
0.2646008103744255
0.2645987246563351
0.2646077916173081
0.2646185732889993
0.2645987517613588
0.26458683245757786
0.2646061132707357
0.2646177913233156
0.26460093129618156
0.26458062035014734
0.2645910617569583
0.26459760462115506
0.26460692069061786
0.26458320736467156
0.2646064868277028
0.26462244127534396
0.26461221862133066
0.2646196359043442
0.2646234808839042
0.26464146583234005
0.26462006717884695
0.26460486479217715
0.264619303075363
0.2646338333213955
0.2646264470695405
0.2646190747908713
0.2646234122177403
0.26464877889158916
0.2646220679067674
0.26459715011291957
0.2646207870469765
0.2646293454330622
0.26462060958440015
0.2645935505999174
0.26461647976230185
0.26462302990376235
0.2646133099408174
0.2646141345550626
0.2646220310468085
0.26463294513970903
0.26461269465873166
0.26458602512395235
0.2645988326689204
0.2646150308132175
0.2646042716845797
0.2645886354649852
0.2646074887681097
0.26463024661886037
0.2646119172168683
0.2646030108050504
0.2646188635123175
0.2646334374705038
0.26462573440064985
0.26461674817978953
0.2646211781213106
0.26462943195007127
0.26462508873421997
0.26459569294532503
0.26462177190032016
0.26463300815632884
0.26461443234196236
0.26460566747953795
0.2646210362567865
0.2646407151831452
0.2646137109632875
0.26461515862369606
0.2646154893593379
0.26461832414597164
0.26460306266573014
0.2645807344030321
0.26460200617281704
0.2646091552886372
0.26461397361639494
0.26460478205043264
0.26460659577341356
0.26462349312793043
0.26460611230986514
0.2645805243285641
0.26460906981919524
0.26461871433583034
0.2646025287051771
0.26458933448758054
0.2646023363986766
0.26459789301405173
0.26460472120594447
0.2646029576513738
0.26460886627182395
0.26462340254856814
0.26460185568608613
0.26457846024027953
0.2645873770854029
0.26460948284599806
0.26458569790429753
0.26456955362709533
0.2645818066170838
0.2645748635745373
0.2645666568483771
0.2645492767003627
0.26453804576459183
0.26453939096960516
0.2645468925217628
0.264551021347468
0.2645534162415758
0.2645680826537764
0.2645491738383354
0.264530733177468
0.2645369233214537
0.26455624188304233
0.2645454718882799
0.2645316253078975
0.26454679087310734
0.26455484866020146
0.2645555902056672
0.26454516314521126
0.2645539018712246
0.2645585535942226
0.26454854834207037
0.26454332462296215
0.2645579688772157
0.2645709166711803
0.26456014450037824
0.2645599860928685
0.2645734482038632
0.2645918873882751
0.2645817979840981
0.2645589099278333
0.26457484647932455
0.26459003243166807
0.264578612413752
0.2645564228935306
0.26457131648176274
0.264580581458377
0.2645866207707225
0.2645887567649565
0.264592055720129
0.2645776439723358
0.2645561255279232
0.26456321652296094
0.2645744177096748
0.2645794021245472
0.2645576516910037
0.2645430475390427
0.264560591581192
0.2645636988601077
0.26456021613478364
0.2645496311285219
0.26455991993956585
0.2645602822557929
0.2645640138048971
0.2645633600310258
0.2645702774346237
0.26458258310670385
0.2645726198075093
0.26456638615349437
0.26456816054625376
0.2645898707622624
0.2645762642681439
0.2645574569043897
0.2645676071717398
0.2645921998006721
0.26457510787672567
0.26455774270850163
0.26457754090775565
0.2645859352932386
0.2645695484816421
0.2645604449203241
0.26456395446148534
0.2645789235965504
0.2645759980691099
0.26454667090402206
0.2645682769276904
0.2645789079204847
0.26457727975737017
0.2645201015364763
0.26446294900211476
0.2644753963392118
0.2644640601138776
0.26446626367072207
0.2644670737274106
0.26448473122354604
0.2644635061965502
0.2644576379650413
0.26446850760532775
0.26447666156057714
0.2644698207323471
0.26444986299925505
0.26446062797019637
0.2644760450807704
0.2644608988651637
0.2644517197184528
0.2644694472524431
0.2644850618879963
0.26447482158523256
0.26446789384205355
0.26447834677688853
0.2644866025394647
0.26445861615766664
0.2644519015051743
0.26445876125621715
0.26447204481978165
0.26445541074801937
0.2644421829236933
0.2644569634425237
0.2644567902941083
0.26446292091254553
0.26446065672567654
0.26446578455303005
0.26448572855113384
0.26447071694941116
0.2644531933884218
0.2644642421257577
0.26446340007382146
0.2644654445881729
0.2644599827103249
0.264473063013501
0.2644824944947927
0.26447105332463317
0.2644741687729174
0.26447798725241056
0.26448303626679986
0.2644833894536164
0.2644735518477131
0.26448625168120143
0.2644984722177949
0.26448577153137914
0.2644653948204164
0.2644861447642037
0.2645020120881221
0.26449162094367584
0.26447395621053754
0.26448201953972283
0.2644997259060031
0.26448795599624475
0.2644742793621098
0.2644888786366963
0.2644918912324199
0.26446727059204717
0.2644759799650821
0.26448509420360006
0.26448368799919436
0.26447276674830245
0.26445738517480194
0.264447733829341
0.2644605042350216
0.2644595087384263
0.2644549261398306
0.2644698527704967
0.26447768579123015
0.26446104613514126
0.2644654062858727
0.26447436672541563
0.2644894858353921
0.26445805279796625
0.2644388317024849
0.26445169276161795
0.26445573906480646
0.2644565114416354
0.26443493283273656
0.2644526968759099
0.2644577970815234
0.2644577867503577
0.2644506787301618
0.26445910053008964
0.2644708644825324
0.26445482546826193
0.2644426551482907
0.26445644673890006
0.26446999127898113
0.2644584452129713
0.264425551308042
0.2644460297572499
0.264461061517254
0.26444807137674736
0.26446311059084193
0.2644591039651877
0.26444644606073475
0.2644645417234441
0.26447616472834473
0.2644515781394853
0.2644369392978614
0.2644502309703639
0.2644601678952763
0.2644590091829945
0.26446090062031335
0.26446525143768423
0.26448476967192974
0.2644591575058542
0.26443909509693964
0.2644596156400514
0.26446678911479676
0.2644653423051955
0.2644472062169955
0.2644524359380307
0.2644695314852543
0.2644539110012985
0.26443965493375493
0.26445139792702316
0.26446859448876003
0.2644620016146523
0.2644461464719514
0.26444929232186937
0.26445981303506577
0.2644580589329834
0.2644458681999182
0.26446163534084616
0.2644688710551315
0.2644671231100606
0.2644486662335676
0.26446721776336274
0.2644719736750704
0.2644852661180302
0.2644724654833577
0.2644829853217064
0.264497923040388
0.26446433987316775
0.2644541842829999
0.2644662607065222
0.2644804096713806
0.26445777594928177
0.2644445878435322
0.264458949326228
0.26446268750539664
0.26446515974439666
0.26444346442241123
0.2644565901142275
0.2644640588400871
0.2644623328181654
0.264434948698573
0.2644544285292355
0.2644648032536732
0.2644618806553008
0.26445458470638233
0.2644679839683716
0.26448555353458836
0.26446110116149246
0.2644489055232348
0.26446103274681093
0.2644772064946663
0.26446172700647175
0.2644492227281207
0.26446108504414073
0.2644754244199385
0.26446464833297706
0.26444965042166935
0.26445859505182245
0.2644751637769073
0.26446967156278545
0.26445139769506865
0.26446624503739646
0.2644804854797793
0.2644678582585402
0.264475432231253
0.2644840272265133
0.2644886825335785
0.26447080725324756
0.26445448188171927
0.26447207029784314
0.2644749134333605
0.26447580048166824
0.26446495417346233
0.26447681008148505
0.26449254688566864
0.264481093975585
0.2644542863435294
0.2644739975197393
0.26447659616422825
0.26448309135396303
0.2644732713652817
0.26448583813292154
0.2644889578896488
0.26449579827153297
0.26448280146040204
0.2644903242151812
0.26450564648694924
0.2644872815229234
0.2644828302753178
0.2644886713725575
0.2644994992860113
0.264484721744804
0.2644772373195987
0.2644806179886932
0.26449275031378816
0.26448751406945975
0.26448171845088714
0.2644992072930018
0.26451039316607994
0.26450445540153505
0.2644845286952698
0.2644973859906491
0.264518076645729
0.2644998274343773
0.26449682648891076
0.2645044134675193
0.26451555275550953
0.26449574908176304
0.2644829851517521
0.26449658495833595
0.26450172905200403
0.26449801010985075
0.2644924207518171
0.26450293167578076
0.26450233433048803
0.2645156976016994
0.26450945169654605
0.2645147254268664
0.2645311186180263
0.2645071895850434
0.2644974196068021
0.26451852810109877
0.2645237087988197
0.2645175324099118
0.2645083266591137
0.2645194287327236
0.26452592681835996
0.26452376644694603
0.26451399801791536
0.26452561705742605
0.26453640089797537
0.26453146334946864
0.2645191971746542
0.264532087684875
0.2645422719320493
0.2645458848795899
0.26455269681635635
0.2645453457876792
0.26453464210566746
0.264547542928148
0.26455943675525345
0.2645483624337002
0.2645292400389643
0.2645464152516913
0.26455025027450496
0.26454688411030447
0.26453812296423046
0.2645454001669688
0.26456258715003844
0.2645430885694419
0.26454663933454037
0.2645501468291862
0.26455935949145415
0.26453898550628835
0.2645237122128383
0.26453947309533177
0.2645413339857541
0.26454637543507853
0.264530695865818
0.26454429140237984
0.2645586960076856
0.2645571484554464
0.2645360783546775
0.26455391239643566
0.26457266519997913
0.2645343928683268
0.2645276619352105
0.2645351431484796
0.26454658160779027
0.26454005930918445
0.2645255861193395
0.26453877388862
0.2645554540490619
0.2645497894055093
0.2645286862295823
0.264541596467351
0.2645496247437046
0.26453665639185503
0.26454016036615013
0.2645446558803438
0.26456059522233333
0.2645483625472574
0.2645252335792583
0.2645390810341465
0.26454586810343866
0.2645467715066165
0.26456310273192846
0.26454117979125463
0.2645381997139036
0.2645526367910568
0.26456511083316847
0.2645442352757381
0.26453794676137427
0.26454265152951895
0.2645517099013164
0.2645437343149473
0.2645283890748074
0.2645379069820242
0.2645443143829479
0.26455173796654835
0.26452939757668803
0.26454220592682953
0.2645457293552138
0.2645530842165823
0.26453823158025763
0.2645455722508597
0.264565473738514
0.2645465316498394
0.2645358582541283
0.2645419647277681
0.2645422246578611
0.26454165421143816
0.2645515749191302
0.26455546987601186
0.2645692536494201
0.26455986448039315
0.2645523527898808
0.26456487812995155
0.26457195865924854
0.2645682412920782
0.2645578992406956
0.2645679270833161
0.26457278651489624
0.26455513648299217
0.26455116821173436
0.26456356597245373
0.2645730275064374
0.2645744952240905
0.2645680339021111
0.26456903882229266
0.2645726967135332
0.26456209389667024
0.26454354927869617
0.2645637033518618
0.2645847974912411
0.2645554545887097
0.2645568049947821
0.2645644686178843
0.2645722342343301
0.26456019703501493
0.2645425807377467
0.26456040186979257
0.2645739890624426
0.2645551476557429
0.2645442148569024
0.26455524072054865
0.26456889936274697
0.2645594510212001
0.2645517678799856
0.2645656635431316
0.2645796434289013
0.2645608619429282
0.26455827137485094
0.2645619781013113
0.26456999421205546
0.26457237768649067
0.26456415742137884
0.26457271512051034
0.26459380603934063
0.2645726824252447
0.26455460700063604
0.2645689466837602
0.2645613046651988
0.26454717033110536
0.26454250795178874
0.2645350789206196
0.2645365541236532
0.2645322322672954
0.26452869520336725
0.264533102096574
0.26454602594091814
0.2645347951411893
0.26452975235261705
0.2645367108641087
0.2645446350031895
0.26453972044483043
0.264533402829452
0.2645339386796172
0.26454839232668403
0.2645421420987518
0.26453685620810996
0.26455017325901975
0.2645548841175035
0.2645487509393379
0.2645260609441746
0.26453638444323885
0.2645329919431555
0.26454050809952917
0.2645547929255296
0.2645344079033058
0.2645093147688572
0.2645196478702319
0.26453180977055696
0.2645281850098874
0.26451836646539634
0.26452665276395126
0.26454162298375905
0.26452445310469386
0.2645076222182582
0.2645262137587788
0.26453452728139726
0.26452898202685915
0.26451282533823384
0.2645205025475952
0.26453251215534834
0.2645210949027876
0.26450861831644334
0.2645264303717602
0.2645423723447544
0.2645215843320298
0.2645169712146738
0.26452732860512357
0.2645376445209447
0.26453020702450614
0.2645263131748786
0.26453816414946546
0.2645420019720535
0.2645294272227438
0.2645081798112008
0.26452183506749943
0.2645309831006107
0.26453094933037086
0.26452847032693455
0.2645368220600149
0.26452777137575906
0.2645134148461973
0.2645195988698076
0.2645252655869642
0.26454050538107443
0.26451911184117044
0.2645038093137748
0.26451560511944266
0.26452450328316424
0.2645202070931151
0.26450065688249697
0.2645156607210021
0.26453058906718263
0.26452527736907244
0.2645105006721894
0.26452066274080466
0.26450624574691534
0.2645084987557739
0.264501374425271
0.26449947735375884
0.2645060370888919
0.2644912790754171
0.2644891804271254
0.26449606906786427
0.2645023797192212
0.2645014527956735
0.26448575149116127
0.2645012373854329
0.26450621212733766
0.2645087215030054
0.2645001850349032
0.26450975295726414
0.26452923054770866
0.2645036558997822
0.2645002005107167
0.26450945842138024
0.26452108626326293
0.26450789940432
0.2645007822748976
0.2645115140144885
0.2645134892612015
0.26451126722193513
0.26449246721267283
0.26450690453341785
0.2645187215885329
0.2645083912960995
0.2644833433402523
0.264495550959389
0.2645064459251013
0.2645105699624468
0.264509517503634
0.2645086754070599
0.2645089409229349
0.2645188772964801
0.264510869507339
0.2645233080027149
0.26453697073426485
0.2645225006944207
0.26451618275531485
0.2645236476483369
0.26454251070382295
0.2645205503817226
0.26449749684206475
0.26451183909697823
0.26451612741502617
0.2645101547265261
0.264500712017577
0.2645020267143754
0.2645169954611965
0.2645112625150882
0.26449904260752954
0.26451262677483534
0.26450465078031316
0.2644961690153724
0.2644989836340581
0.2644829507941956
0.2644981289247469
0.2644836344883898
0.2644652699783587
0.26448430878394574
0.2644851385430721
0.26447754186272515
0.2644666334322118
0.2644695926971657
0.2644766564235867
0.26446955666705096
0.2644626231838389
0.26447382910367917
0.2644827958411543
0.26447631727702403
0.26445912539508326
0.26447218426090696
0.2644876225749975
0.26447659645800514
0.2644699774722835
0.2644837205922668
0.2644950378473175
0.2644845088829037
0.26447308551809506
0.2644869319075267
0.2644913488708287
0.2644918146359233
0.26449004548433325
0.26448997696262194
0.2644958313356685
0.26447553493852427
0.26445556100431494
0.2644730245870845
0.2644778054573924
0.26446674169940815
0.2644527262832627
0.26446417722989823
