0.2952935796262018
0.2191700047699109
0.2521032590116637
0.2468378503449466
0.22306958826561551
0.24336318413990154
0.2510589993821838
0.2544366132333016
0.2626354796331817
0.2556233472513557
0.2520657228740795
0.25400872539743524
0.2519540018260419
0.2578610074548101
0.25866362924082764
0.2590870529152716
0.2582204423344638
0.2521881964872271
0.2541679955774521
0.2568697576321434
0.2557972881690604
0.2580404216750996
0.2604902715190992
0.25813274486574456
0.2558572044493058
0.25979733259947435
0.2626414824793323
0.2650736865094937
0.26328409485110693
0.2642426473242437
0.26486722423125747
0.26407681107745296
0.2670611571355095
0.26884471190359904
0.27021267865318677
0.27052520071679353
0.2727394221173007
0.27241051226061813
0.2750736892327891
0.27624974606877595
0.2778747848089988
0.2763361332694637
0.27600135238808293
0.2739941115821247
0.27511220669071174
0.2758027631910004
0.27804181604604056
0.2787062837581417
0.2795452331395273
0.2802897182906979
0.27975773999842213
0.2781759139113882
0.27931482548659103
0.27674299626773186
0.27503226410632614
0.2737717019997278
0.2741089920233519
0.27413578032101754
0.27555025897252206
0.2759201962557913
0.2765386061697339
0.276890333331863
0.2758290234189362
0.27354728271303863
0.27435521182939526
0.27504065235000374
0.275409829373751
0.2762579798440979
0.2747071088522034
0.2747896776955783
0.27462430007692684
0.27471919685802426
0.27321490850527536
0.2739754858859339
0.27445181873308194
0.2746400597267595
0.27366296545322066
0.2746244143620885
0.2742320852239075
0.27421238241107004
0.27489301259328963
0.27422055080657687
0.2742006301567228
0.27431529366352236
0.27489456984289556
0.2739056227792935
0.2738446423948822
0.27418616325116346
0.2747800132856937
0.27538616892526274
0.2760426069365318
0.27563696580071323
0.27616911449477555
0.27540687863651464
0.2762564673215204
0.2767731445777168
0.27670456170149893
0.2758326127849725
0.2752129420691141
0.2761090009386124
0.2761739686600932
0.27619946469421697
0.2757793755632913
0.2762284578511258
0.2766829621369385
0.2773362963941476
0.2778706933773894
0.2783034113051783
0.2773774881016658
0.2771104633541125
0.27638908300939613
0.27707597723230476
0.2759619414613146
0.2752679941384675
0.2756265135468497
0.27576139481474327
0.27482946178244255
0.2756300054383227
0.27553991459196026
0.2750457475818678
0.275422930092128
0.2752879500858015
0.27578689650026317
0.2756733243358888
0.2751870424945395
0.2751327207522194
0.2747887016387715
0.27484929866622104
0.27527647080433576
0.2759029938235454
0.2754737940821137
0.27563134383766585
0.27583280085937756
0.2757338260906336
0.2759952824148008
0.27535994210184683
0.2746220572444193
0.2747584088878526
0.27501078760075004
0.27464835316747765
0.2747106695486366
0.2748787929022728
0.27459319509884955
0.27510298132798344
0.275706433569122
0.2757811816206987
0.2763426618092665
0.2760590436095973
0.2759021618478545
0.27625656048645425
0.27542186542214164
0.2756790096205444
0.2746546435611788
0.2748000305260973
0.27485973756121035
0.27512473321753117
0.2747904955972503
0.27487968543013225
0.2750152354039356
0.27514707936934946
0.2753811583276832
0.2758649128749098
0.2754238959081632
0.2757267577882851
0.27568439406223266
0.2752855390408521
0.2756827990662869
0.27608872992782746
0.27645222996701807
0.2767646612711554
0.27615111090521466
0.27624883467476435
0.27617886944346504
0.275970903778941
0.27563021977737256
0.2758288370849363
0.27599980605308916
0.2762329957681864
0.2759461853858501
0.2752881431047034
0.27558291027257015
0.27581962780801134
0.2753872872459435
0.27518088877797675
0.2750362537746207
0.27531007223073317
0.27545503082118056
0.27563380888797323
0.2761448515299158
0.2764979918036892
0.27643091963178024
0.27654817785262437
0.27592486691704404
0.2758070026683231
0.2761867267610263
0.2756699265684949
0.27571202338455997
0.2759587395617463
0.27616631336691516
0.2763898355228287
0.2764772884187895
0.27653426949400467
0.27673442565574075
0.2761969768514657
0.27592703846694233
0.2757853815991492
0.2762157371398031
0.27597495356138463
0.27632096072675244
0.2759660378130709
0.2755825355743043
0.27585345640463316
0.2756193040779039
0.27589848494784475
0.27605665298622817
0.27640285549249954
0.27655607073635413
0.2768332668861984
0.2763721708614091
0.27653879615197746
0.2767711856414033
0.27693282911873224
0.27704996153410055
0.27687338744811446
0.27649330873109734
0.276646664920081
0.27636848047131757
0.27596391915982665
0.27608626153984295
0.275524120061077
0.27577865439267857
0.27528948996194347
0.2754539634824711
0.2756859753364394
0.275701118080733
0.27591225484968235
0.276203834709025
0.2757126123644675
0.2758798570502021
0.2760849898988142
0.276300465958314
0.27591860168605237
0.2755618123713322
0.27557846307848377
0.2756549201936442
0.27538576465700226
0.2755366720957103
0.2758086136210908
0.2754097575661064
0.2757622308252174
0.2753277274923362
0.27553934110962647
0.27519600155842894
0.27540585108065624
0.2756579970207435
0.2752240732748134
0.27512986508113213
0.274824700061827
0.2750157033089772
0.27515174515819385
0.27516759571845195
0.27551048562421343
0.27539886515484824
0.27537868251907044
0.2752974308781141
0.2754679763047328
0.2751666995241798
0.27480534475986257
0.27457246327410584
0.2743908042616461
0.2742288841119659
0.27390381689040283
0.27396777766659725
0.27404498109407227
0.27406962639072935
0.27375232143483824
0.2738502297552339
0.2738728742594209
0.27414492737314133
0.2737726843501793
0.2736103833371763
0.2736533882661008
0.2736463097393623
0.2734266045729792
0.27371318681763834
0.27347293064790074
0.27380587148661084
0.27393267309946423
0.273758040619048
0.2736265416461155
0.27373450986710096
0.2739869839494581
0.27403229630331644
0.27373755515789544
0.2738165283451465
0.27396710456217777
0.2740095686581257
0.27417094354260285
0.2744156905307443
0.27422123032785045
0.2743535260291352
0.27459963512494784
0.27428527792595925
0.2739959812071458
0.2741226387938044
0.27409773247445385
0.27394488790064075
0.27375353016456583
0.2740783895681697
0.27402010068616883
0.2738468198248546
0.2740181815522223
0.27388575593040654
0.2740165506559814
0.27371206957862004
0.27394319760336633
0.27389137892330734
0.27408866789084607
0.2742184122485462
0.2739049710259315
0.27399072487609144
0.27402266462077074
0.2741692980835683
0.2744116738835219
0.2744186365983723
0.27447103663389
0.2747266744856391
0.2745675005248282
0.2745975184239733
0.27472953686135776
0.2747707714175913
0.27501384343741453
0.27492505557161007
0.2750806066878207
0.2751846677472831
0.27495655710028644
0.2747293058116483
0.27492849562754734
0.27509195918174356
0.27481658378670804
0.2744021583482026
0.27448594644555
0.2743946073988016
0.27452244408575854
0.2744136300685059
0.2744555180454849
0.27402376147474344
0.2741732076516331
0.27396265079910165
0.27409850992009616
0.2743770664461391
0.27432971630695463
0.2741426495416015
0.2740044480226258
0.27398480406578746
0.2740076037121279
0.2741038412862591
0.274019682595355
0.27421902879780247
0.27401600112411406
0.2739187322284989
0.2736853574143769
0.27354853643644006
0.27376044621950063
0.27354835894152507
0.27338413470082445
0.273352645291267
0.2735714811847309
0.27373752977992427
0.27390459735335126
0.27355369120304196
0.27368552426051596
0.2735072311847347
0.27356395565422215
0.2736331476162554
0.27372391817693026
0.2735868625056853
0.2737215856776341
0.27382517446757265
0.27382491376739027
0.2739973518841385
0.2740556621933771
0.2742212843380866
0.27401887572541506
0.27405783938980255
0.2741414868865411
0.27412624773224153
0.2738258911086251
0.27387356695729154
0.2737017593532556
0.27371601737930984
0.27381643735635536
0.273606079442487
0.27370800334122003
0.27362892992891025
0.27355703906473444
0.27339329834486675
0.2732252496623562
0.27329098689844744
0.27339627990866316
0.27324168888039047
0.2730053229526908
0.2727461665774567
0.2728326942348788
0.27273397854029907
0.2726726967912244
0.2729302862675317
0.2729474543665037
0.27307880673537127
0.2731568818265966
0.27329987862944255
0.27334488110034527
0.2732565622331511
0.2734290087121175
0.273284934461822
0.27342886629404056
0.27329710915766925
0.2732016355656697
0.27335877556892935
0.2732458637425034
0.27327617777439883
0.27340640289783585
0.27362419134659954
0.27366838690970036
0.27380840973924414
0.27401922641267523
0.2737442863434414
0.2737643977765731
0.27369322644194166
0.2738083070836889
0.2737784171051039
0.2739152865910631
0.2738557326427551
0.2737385541401597
0.2738148628194355
0.2737177293940555
0.27364457681484555
0.2736232269581762
0.27354923220036786
0.273286818438634
0.2731335091132593
0.27293434538370326
0.27303593606927434
0.2731139053909027
0.2732903848233717
0.2733859560824573
0.273363857146026
0.2732830359347173
0.27348460582962747
0.27338741572428044
0.2730978633633138
0.2730871410981496
0.2731729633185237
0.273232246986199
0.2733652452869681
0.2734287710190692
0.2736017184809806
0.2736893823754097
0.27368816633034804
0.2734526453908552
0.27338265990247734
0.2731314230981719
0.2730599448510796
0.2729042700628263
0.27293923143115467
0.27294242355461845
0.2725438264002375
0.2725198127158545
0.27257053496850026
0.2725268692922682
0.2725154212654399
0.2726605547249932
0.27274448955157177
0.2726134969416688
0.2726744253561881
0.2727435146867413
0.27271413189384464
0.2728518181500647
0.272708956863919
0.2728345673607706
0.2729040066116084
0.27282059562840644
0.272888313590841
0.27284307071138364
0.2729660880168932
0.27276264537450245
0.27293378301432764
0.2730069850626483
0.2729387058555695
0.27298749424579893
0.2727626643071035
0.2725795929128966
0.27253457845290435
0.27267249714102815
0.27284526406014264
0.2728582527284527
0.2727968328575206
0.27267559813736963
0.27276923916506246
0.2727425374608392
0.27286031079062284
0.2726876637199509
0.27282361674010197
0.2729355883931663
0.27303219322567024
0.27284348940912884
0.27295475783899426
0.2731590752227216
0.2731736688063981
0.27304221801728357
0.27323980429810324
0.27304518054702204
0.27309574089977995
0.2728527566947926
0.2726741152340524
0.2723519397452674
0.27238014022155876
0.27244398067213
0.2725844656720237
0.27245274622738586
0.2725137209660268
0.272487484891725
0.2726327099626586
0.27273330414591296
0.2727520928924409
0.27275527329920435
0.2727179292158112
0.27287039299149357
0.2728053480268532
0.2727400009188085
0.27270655961493634
0.27280258147980446
0.27263711187893924
0.2725881580489621
0.27252672875484035
0.2725878811314312
0.2725105870062858
0.27258374545476016
0.2727722747010232
0.27265158719445215
0.27238719789217863
0.2722562181794149
0.27233222407232405
0.27224045251790574
0.27210114734341234
0.2721325453384212
0.27215150322126724
0.2721595763442779
0.2722708467270356
0.2721388751392299
0.27200311020820817
0.27191512445321175
0.27195680939362626
0.2719727169115255
0.2717722402799893
0.27182477614923267
0.27195963891296693
0.2719673250372871
0.2718788227125211
0.2719274256311654
0.27179980157115363
0.27184274045288626
0.2718945128298259
0.27197039784550814
0.2720129829919097
0.27190964248092186
0.2717725711434135
0.27183250898020334
0.27186289462708424
0.27191397262434813
0.27204032830839725
0.27201211059863034
0.2719152295230668
0.2719034672480265
0.27171211887705604
0.2716813440792806
0.27156324349122185
0.27164776442409694
0.27152830994466365
0.27165786795750824
0.271691334704397
0.2718324336148158
0.2717702500209249
0.27187448798755276
0.271637298922542
0.27162694206760246
0.2717182260559901
0.2715503375787215
0.27163230521851317
0.27146125921398395
0.2713421594748413
0.27124241625071666
0.27141531542969555
0.2715521914924876
0.27134873610927407
0.27127551938106803
0.2713497156016266
0.2714205016791117
0.2713188167642197
0.27140088638721105
0.2714964552291784
0.2716205700930851
0.27169795145068987
0.27148120267800097
0.2713300062495358
0.2714290928323335
0.27155001105824067
0.271669283798686
0.2717386730110801
0.27181997237589417
0.27187209951113955
0.27174293364328916
0.2716550312574372
0.2716276575601183
0.271739793221862
0.2717773707542127
0.27185472744653805
0.2719126191572834
0.2720097008686816
0.2720826277634189
0.2719816851000366
0.2719320116419817
0.2717873184086107
0.2716442211642256
0.271723506955103
0.27160937165998217
0.2715842722551586
0.27157898047479123
0.27146874975952634
0.2715455180503049
0.27162773989068634
0.27150367596725217
0.271656664849458
0.2717201621138392
0.271761852165095
0.2717386830303442
0.27184866540042923
0.271905527405685
0.27193732514243873
0.2717220678754762
0.2718042614860878
0.27184030195624426
0.27194236934099747
0.2719544265789499
0.27206957398377674
0.27198071209336744
0.27179788652690745
0.27186731461027197
0.271709461162931
0.27160149411041395
0.2713677516892191
0.27152633935233833
0.2712788364446452
0.27134313253568754
0.2713795629567036
0.2712682905857781
0.2712567810418631
0.27119427648187117
0.27118029940079574
0.2712007962833944
0.2710661367734306
0.271102255353185
0.27108367227255814
0.27093764081596755
0.2709470477569516
0.27096353640049997
0.27106870450092657
0.27109098701650536
0.27088250277948134
0.27096240393765314
0.270884868799988
0.27096227110384463
0.27099434284867574
0.2710656554283734
0.27101550576407113
0.27107322776967185
0.27095329649194944
0.27077612271177665
0.2707599947665323
0.27087246151243227
0.27095432107743234
0.27092403259007974
0.2709802600325821
0.2709102661872577
0.2709100692560197
0.2707627475048034
0.2708540299623432
0.27093434468452376
0.2709677222403993
0.27099798472446573
0.2710319964845896
0.2710330123697085
0.2709657080208544
0.2709353802907789
0.27092122571084176
0.27096456247784484
0.2708597037334458
0.2707584126012841
0.2708218190538713
0.27078108333675577
0.2707967937359512
0.2707400638285195
0.2708336527839575
0.2706461135983326
0.2707535788251522
0.2707347528779728
0.2706760162075974
0.2707311103433999
0.2706150038561727
0.27064669821150494
0.2706519160082138
0.2707065917306557
0.2707482148138323
0.27065017444904554
0.27071493522663537
0.27084646305824306
0.27081907318254106
0.2708370423902845
0.2708729410124871
0.2708536374749472
0.2710186094281235
0.27077489719569364
0.27078527427016535
0.2708874041018032
0.27089704940919795
0.27094617250192415
0.27101138308645273
0.2710675388536528
0.2709782254739277
0.27086703441575843
0.2708444040707773
0.270667839428072
0.2706080637066274
0.2706072484094163
0.27063206024898306
0.2707216350383466
0.2708029964454149
0.27078122419290307
0.2708667450058625
0.2708371072626834
0.2706624964198434
0.27057810099281293
0.2706763779985767
0.2707333504031253
0.27064496813012523
0.2704904376349796
0.2703227954547289
0.27042742466680736
0.2704916991759441
0.27048079456708557
0.2704340930902564
0.2702626551939976
0.27027084273709295
0.27033992185257855
0.27040334236939195
0.27045754303226405
0.27054767553856945
0.2703612784616196
0.27040741168472593
0.2703577976523373
0.2704106113839273
0.2703932329642603
0.27022707829557463
0.2702739329850345
0.2703546337740397
0.270380363027519
0.2701609115997376
0.2700616525612613
0.2700882771657232
0.2699415391497377
0.2698348795624002
0.26988802165039155
0.2697609717574841
0.26966490375633895
0.2695242531910427
0.26958832438951186
0.26959223762188167
0.2696238842787388
0.2697065867843399
0.26964330874584813
0.26974992787285657
0.2698568580886915
0.26996192972618493
0.2700505336444765
0.2701312489111456
0.270075116421129
0.2700594134061749
0.2700091892384727
0.2699943048371259
0.26998008497260545
0.2700546136646148
0.2701092540148495
0.2699528804010401
0.2699593859967407
0.26988561357373686
0.2699187280683924
0.26995673237436546
0.26997511208704145
0.26988992392872496
0.26995744975587044
0.26995899237116167
0.2700235900383337
0.27002358810403315
0.2699551707681255
0.2698819796202513
0.26975453049220677
0.2698518493688118
0.269900556650792
0.2698735289918044
0.26990147572049716
0.269879870028881
0.2699148245475187
0.2699789786182589
0.26987711216096244
0.2699212113454207
0.2699908230026639
0.26999374734614057
0.2700347787381952
0.2699201523085893
0.26985151670691865
0.26983920561818625
0.2696732205031805
0.2697248583179373
0.26979586766911673
0.26985271230750896
0.26970939891332835
0.2696944350296547
0.2697583736380571
0.2698400906484009
0.2699132981325208
0.2699650648897537
0.26987224575827196
0.2697775942026536
0.2697230328830988
0.2697801649527389
0.26969590665869086
0.26971795167332246
0.2695938491901627
0.2696810389840403
0.2696677031941316
0.26969720618370735
0.269634183651304
0.2695462767414924
0.2695763178718408
0.2695137203355756
0.26959028128725687
0.2696732375380302
0.2695803981055473
0.2695996168887602
0.2696667728604322
0.2695961336061911
0.2696314618539692
0.2696787956156586
0.26958182747989023
0.26955766749436283
0.2696563132139628
0.26967888194866835
0.269665878182804
0.26968287724998946
0.26961472953859084
0.26964110601856445
0.2696371467677858
0.2695814513725645
0.26961677450930727
0.26967914651456726
0.2695276755104606
0.269452559524513
0.2694539632307488
0.26945883578265506
0.26952361925399393
0.2694576166509114
0.2695023919667251
0.26943259074919745
0.26935789093919776
0.2693788617680536
0.2694168495390368
0.2695024124833413
0.2693813753136915
0.26928871730842935
0.2693073929199086
0.26928039358420647
0.26924466408932124
0.26925570231684287
0.2691625421258934
0.26913505230771234
0.2691222921699304
0.2690449009594418
0.2690473016690887
0.26892880697542304
0.26890769183299895
0.2688871128751415
0.2689415466974594
0.26892129798789494
0.2689895297155916
0.2690389829973752
0.26911048510082597
0.26916458793861175
0.26918404626288256
0.26921819948350395
0.2692894655329467
0.2693012049122171
0.2693301300541438
0.26921516020776787
0.2693072226187531
0.2692680308147566
0.26929732393613276
0.2693483253340616
0.2693891130819645
0.26938644074389806
0.26936344717647176
0.2693604755872236
0.26928412872248414
0.26928968309342355
0.269244690699934
0.2693834227721678
0.26945929474627767
0.2694915047693428
0.2695258061309931
0.26955295516152566
0.2695498994373357
0.2694642699859693
0.2695163148605283
0.2694261543138016
0.2693125742944746
0.2692485543043614
0.26914945616334635
0.2691812005670809
0.2692736393695172
0.26931475519069153
0.26933848297436924
0.2692347264494269
0.26922418046786795
0.26927475823377495
0.2692121268142739
0.2692411275071397
0.269224584280203
0.2693139300175557
0.2692156987901198
0.269257666124438
0.26922084208550623
0.26915341539880244
0.26912412645002154
0.2691994900595236
0.26920681783821193
0.26924409899412016
0.269316456641685
0.2692249147100706
0.26917904533128306
0.2691445173810148
0.2692274188375439
0.26917789310978735
0.2691955856604913
0.26926956370615607
0.2691458802437417
0.26922980169656396
0.2693185258382682
0.269297475787001
0.2693881315326896
0.2694464585108372
0.26932182068482863
0.2693682976324473
0.2693535986383837
0.26940163776691944
0.26945158805048053
0.2694420777173875
0.26946959284093674
0.26938844914327265
0.2694401954842597
0.26929604213656827
0.26925189154309587
0.26916021538786733
0.26905870171742746
0.26902126367487356
0.2690732442797487
0.2689731082343647
0.2689313156732472
0.2688517435920428
0.26889350101021825
0.2689842658439778
0.26887336714293714
0.26891581350559296
0.26883904633460004
0.2688551063527439
0.2687568591170501
0.26877794540538064
0.26878323167338153
0.26867684142169196
0.2686726353416691
0.26867349995195117
0.2687662395941517
0.26874152336623647
0.26881918419117584
0.2688288477380457
0.2688921269923505
0.2689411933414621
0.26892807086870407
0.2689986816450125
0.2690094954244945
0.2689459995137683
0.2689266749733905
0.26890175319482584
0.26888037248704155
0.26880472902206426
0.2688757713222991
0.2688302880207165
0.2688121921097521
0.26875293050269794
0.26868142908095355
0.2686175202475413
0.26870338524017007
0.26875666015288774
0.26863519049544854
0.2686952794245403
0.268666340795852
0.26868388004004107
0.2687192116116593
0.2687391854832956
0.2686818324159968
0.26865007912550337
0.26864889116840834
0.26858301391832995
0.2685940926901336
0.26858053830829104
0.26855563715186614
0.26854598731556434
0.26847152620714343
0.2685289964228616
0.26848596871932984
0.2684540335782784
0.2685189368142202
0.2684694556621408
0.2684289208954586
0.26847227186746075
0.2684402211247509
0.26847883136001327
0.2685153009588782
0.2686048105022905
0.2686079940353013
0.2685551423127987
0.26861458517243253
0.2685471164829869
0.26860830371740296
0.26861527189841977
0.2686502934090743
0.268702333415363
0.2686563938444484
0.2687050910702939
0.26873994356408104
0.2687100989597241
0.26862124525099523
0.2685791635209729
0.26862418828203577
0.26860168460623296
0.26855872789602675
0.26862382100739324
0.26868470683321616
0.26872636706517444
0.26879183676599333
0.26876482516124806
0.2688110701497516
0.26874060909604647
0.268684152568052
0.268722334704351
0.26875499379749396
0.26878846859687816
0.26866739040108834
0.2685826793194217
0.2685313123903385
0.2684658625267817
0.26840728074147346
0.26842111364813886
0.26847373493381543
0.26843770651023835
0.26852587033618536
0.2685074858196751
0.26852489442047917
0.26848746007801233
0.26850362867242195
0.26851214895047565
0.2685947953986945
0.2686438441752728
0.2685907651493678
0.26856892066069915
0.26861390611207264
0.2685756072333115
0.2685225723690174
0.26844033158504815
0.2684025609725027
0.26841747692542633
0.26834968409214066
0.26832192139946887
0.26836066395748337
0.2684507289425602
0.26836124167123443
0.26825270902893683
0.26823663981124546
0.26816546013607206
0.2682177456634857
0.2682239571272051
0.2683155070040945
0.26836326728684634
0.2684164408038165
0.26845411443633155
0.2685024529192701
0.26852390038517787
0.26852363841283433
0.2685319658788014
0.2684871861370935
0.2684461034986679
0.2684817442341593
0.2685104037825852
0.2685614020840944
0.2686289494256744
0.268690320950999
0.2686748877992323
0.26863227443574883
0.26863559074306964
0.2686206081289859
0.2686903245062211
0.2686547291325623
0.26856800539620435
0.2684758163059988
0.26846017186853494
0.2683966002095727
0.2684037328282747
0.26845986017304535
0.26836584835011806
0.26843117848361453
0.2683898024052147
0.2683743297939782
0.26838505308148203
0.2683457913567947
0.26840388054705683
0.26838445768070374
0.2684565686373353
0.2685332942632136
0.2685073990783517
0.26841976481869273
0.2683443003413307
0.26840168269516024
0.26836223478133403
0.26826121666877195
0.2682358718627816
0.2682199415147425
0.26813426517745675
0.2681554924211417
0.2682184914911965
0.2681634140924009
0.26818081567576096
0.26810853421570496
0.267996353528151
0.26795795159512203
0.267917759549402
0.26794857531598804
0.26795256508251936
0.2679032666030993
0.26781600535784256
0.26781037567496074
0.2678365059574661
0.26781311436747396
0.2677961248923301
0.2678210349399279
0.26775320849065876
0.2677282010381654
0.2677714536797298
0.267841408563234
0.2677114185784087
0.267804908322414
0.26778404713250725
0.26777896952922847
0.2676355549118556
0.26768450701451363
0.26773577309570906
0.2677518433116073
0.26780863114695486
0.2676990790327177
0.26767364009540273
0.26772600345083053
0.2677981809397627
0.26784014356084695
0.2678843301160241
0.2678958360546204
0.2678624079424282
0.2678089045822449
0.26776919327823917
0.2677854335419125
0.2677952705067831
0.2677455065254881
0.26771274447745136
0.26775862972728465
0.2677906201822111
0.2677010177990995
0.2677445405982459
0.2677574150247406
0.2677906768294273
0.26783403349803214
0.26790304252034036
0.2679540750617375
0.26787098189472963
0.2678183111441579
0.26784575191952203
0.26792013008062904
0.26796640390315496
0.26798013854279695
0.2679492032209584
0.26790912955507923
0.2679064129257955
0.26791733241283866
0.26788883388033236
0.2678636733705833
0.2678169497514098
0.26786771057746267
0.2678325324151035
0.2678722053576061
0.2678495863595132
0.26785522789804767
0.2678595067127406
0.2678126258688955
0.2678584567491049
0.2677972139384466
0.26785270238408193
0.26778429949389454
0.2677940729324823
0.2676959196013884
0.26763091446053855
0.26759041054476523
0.26752222676558063
0.2674889805375688
0.26748762521219177
0.26753314352156654
0.26754966151273013
0.26748883754547204
0.2674666942269183
0.26744911056034776
0.26750942696785257
0.26744339043671117
0.2674930403420099
0.26751284960805816
0.2675271896888004
0.26746197654820814
0.267477752724257
0.26753142377742917
0.267501302984551
0.26747723121868905
0.267465407010834
0.2675088998719557
0.267447811365517
0.2674819677584484
0.2674774933464241
0.26754003303543156
0.26758310685708037
0.26759307868281906
0.26755945743116644
0.26747627070314894
0.26745645236286225
0.26746046630520015
0.2674092818239356
0.26737886594422966
0.2674210656938921
0.2674426940663114
0.26741541690918297
0.26734200699675903
0.26731584206188325
0.2672615131325059
0.2672636695024057
0.2672141715086119
0.26720535820621893
0.2671256298729419
0.26716005474370524
0.2671345401465012
0.2671739318674721
0.26719078319363015
0.2670614302231963
0.2671041345356715
0.26706077743958867
0.26702197159173774
0.26697861037098247
0.26701310689309016
0.26707300988500665
0.26699465497553276
0.26704368243477183
0.26712816016816227
0.2670702900514651
0.26705973325319415
0.2671280758513482
0.26716667095894503
0.26709996453332935
0.26701276217461833
0.26700637608544964
0.2669767853287993
0.2670393460526843
0.26709503734638385
0.26717067316915427
0.2671555080771651
0.26722265111820787
0.26727190552459607
0.267262179031628
0.26732159980939035
0.26728670062469106
0.26732375530664676
0.2672615133713197
0.26727375475584975
0.2672169965836453
0.2671888657738438
0.2671729427218668
0.26717264241793787
0.26715302639258054
0.2672101000668824
0.2671199071540296
0.26716780792553757
0.2671911292338438
0.2671389032402041
0.2670940356037886
0.2670768280798085
0.26702616097109955
0.2670033375510524
0.26695307713943245
0.26693634653893744
0.26698957726358385
0.2669479802926084
0.2670027996159293
0.26691804462889557
0.2668997691507326
0.26689503144185206
0.2668727584140346
0.26689769358818677
0.26693992098063246
0.26685940206500275
0.26689262076845927
0.2668405781742694
0.2668815510270374
0.26680747807783517
0.26684102514918573
0.266848344751396
0.2667549503706127
0.26670997842415745
0.26675007147227875
0.26677947511461003
0.26679403291544274
0.26671913131446756
0.26669763447514516
0.2667718155610342
0.2667532591810092
0.26672393420109736
0.26676856545669686
0.2667248522860118
0.26670666901635126
0.2666222458037029
0.26666505241827393
0.2666942004084506
0.26672339479211454
0.2667364577405027
0.26669885333777527
0.26670990031837133
0.2667225744564148
0.26662915989264463
0.26669759341756333
0.2667410420036548
0.2666539045377765
0.26663711006926705
0.26660504390047723
0.2666552540778762
0.26667260052500696
0.2666989361984651
0.2666313689344218
0.26669492797058836
0.2666530552050047
0.2666282544802406
0.26662347899111166
0.2666817808605851
0.2666300905025678
0.2666342623757518
0.26653719219007993
0.26650782884593743
0.266505357337033
0.2664846399471593
0.2664661976575363
0.26643424886844363
0.26635485857688235
0.2663904482054747
0.26637679803388
0.2663252130820338
0.26632035702058493
0.2662659802920063
0.26631808921551037
0.26636530421396737
0.26635895971961154
0.26634348119665724
0.2663904650756679
0.26638607796118935
0.2662878146970166
0.26634522454727133
0.266339504898839
0.26637264097826396
0.2663999214906625
0.26638490050194913
0.2663945073880088
0.2664337023892999
0.26642883600073985
0.2663980648894324
0.2664512692198738
0.2664829230988367
0.2664749961826829
0.266393296886072
0.2663195555755837
0.2663466948185274
0.2663688231435836
0.266320203807059
0.266250404435842
0.26627904154400706
0.26629658020675995
0.2663586079339296
0.2663653692608852
0.2663787669565288
0.2663319965856236
0.26638647768445034
0.26634165941159715
0.2663300019550858
0.2663638961083255
0.2663355498690433
0.2662889865151596
0.26621549086439494
0.26619631053645954
0.266200120198973
0.266194421987187
0.26616244073197726
0.26614079091739634
0.2661147978925573
0.2661667341676226
0.2661837772212263
0.26624404610409474
0.2662920017732439
0.2663475619886534
0.2662888408372577
0.2663282324943088
0.2662479423172488
0.26630648299752385
0.26623531711311527
0.2661960037978763
0.2662041091007498
0.26621510504496954
0.2662109026434897
0.2661534859016811
0.26612297251299594
0.26605153689696304
0.26601598038439567
0.2659863159727654
0.2660350226072831
0.266060125641217
0.26605156154350856
0.2660484959986173
0.2659849020360261
0.2659717094916094
0.2659074329357225
0.2658592889251714
0.26585046685116176
0.26587159515582953
0.2658268480115769
0.2658671846327617
0.2659233654445187
0.2659258199189697
0.2659858732342901
0.2659518859886568
0.26601753595369754
0.2660000356088007
0.26603862760800573
0.26607682704086943
0.26605082111762285
0.26596935810284994
0.26594739121887356
0.26595503045133734
0.2659824988835599
0.2659303328560588
0.26595778826889793
0.2658870243257118
0.26582289777416923
0.2658310662131634
0.26582524238378435
0.26581353610322345
0.2657868826983597
0.26572067946966577
0.26567592507502064
0.26559717979874486
0.2655451917928351
0.2655619045573373
0.265602862550129
0.2655545134842827
0.2655678625145031
0.26548561574312807
0.26545921461136673
0.2653747890395156
0.2654298742905553
0.26544096246470594
0.26541250088061613
0.2654606016973718
0.2654699235345571
0.2654343714054917
0.26547304182264203
0.2654922289332652
0.2654602748514392
0.26543811230314424
0.2654982446421125
0.26548414620345856
0.26545216448521974
0.2654990994812785
0.2654653245851124
0.26542808484612224
0.26547804562553157
0.2654886190009089
0.26544330771226954
0.2654800351572702
0.2654331814425242
0.26538415840907364
0.26533095496983544
0.26529292328819587
0.26529929757570464
0.2653619995533143
0.26531012063637405
0.26534370373273497
0.26528790911956407
0.26531672067427486
0.265308076991086
0.2653589634096472
0.2653955729870575
0.26533968104917954
0.2653079305663476
0.26525908718751484
0.2652224716456969
0.26519288897790866
0.26512890816097223
0.2650839471446591
0.2649927345593544
0.26502362930870815
0.26498933211090947
0.26502810673718324
0.26495803167610343
0.26498121464976737
0.26496100175213994
0.26487103181730054
0.2648497198740566
0.26491017005084866
0.26494388360573135
0.264920493428663
0.26489640761347094
0.26484823450887923
0.2648176357410619
0.26485581147088727
0.2648667636618465
0.2649247852342633
0.2648888021701052
0.2648304638337356
0.2648587916350701
0.2649034864886956
0.26486847967245286
0.26480809987182324
0.2648156265216756
0.2647621534277206
0.26476711423799143
0.2648222859009744
0.26479452957956956
0.2648509059299344
0.26487163112954154
0.264902192476638
0.2648304028118534
0.2649072649576605
0.26481536910945774
0.2647700614079131
0.26478370398912626
0.26474928012181415
0.26470797220719194
0.26464040741030004
0.26466276721045845
0.2645813674168461
0.2645596645151739
0.26454537412056944
0.26455652680415215
0.2645950037404122
0.26462548070604197
0.26459161773934314
0.26459525549373664
0.26454874764461095
0.26450405194374715
0.2644343099187344
0.26447344972957726
0.264475199124233
0.264553834444061
0.26454652606349655
0.2645183566981299
0.2645404657656161
0.2644549878250307
0.26447167664750537
0.2645261738388367
0.26452148885485344
0.2645717053451712
0.264527466267284
0.26446245123992057
0.2644495462638368
0.26444220814189023
0.2644218596932788
0.264370458270438
0.26433771939929174
0.264381460985627
0.26428774385403847
0.2642700029376456
0.26429022300380595
0.2643271408718981
0.2643509937813795
0.2643959218755393
0.26431879309681494
0.26436906280079264
0.26433561906485725
0.2643081371197026
0.264347331245077
0.2643367422839212
0.26428475062006557
0.2643403786102738
0.264285476535021
0.2643239907626966
0.26435354003114026
0.2642978734817215
0.2642534321973263
0.2642345050587679
0.2642615460593118
0.26428343637381846
0.26426274134005606
0.26429613286968695
0.2642761181131931
0.2642965324357588
0.26433301176595325
0.2643961810828029
0.2643448787290264
0.2643945769612275
0.26443765091278454
0.26448449038584315
0.26445306154038056
0.2644416500339712
0.26447230093895857
0.26444255839900854
0.2644073952308834
0.2643552134215775
0.26434489097864416
0.2643609344417958
0.26437863246468063
0.26434005267316196
0.26431130318735346
0.264255772757056
0.2642857136560899
0.26430859823939107
0.26435265305405614
0.26431292054046784
0.26436059129813544
0.2644139088446854
0.26443547788383287
0.2644871943523761
0.2645257945851865
0.26447074736948023
0.2644961238814136
0.2644588983281852
0.26448808717994987
0.264498680064494
0.2645318526336733
0.26452515317725045
0.26449798337052716
0.2644870186119234
0.2644455016394768
0.2644649028258789
0.26448273380209847
0.26451782643145555
0.26454973384218455
0.2645810473711815
0.2645335453551753
0.26459792108772767
0.2646486202714472
0.2646447371521815
0.2646056399936672
0.2645721241628567
0.26460494317248134
0.2645680632847546
0.2645377736299066
0.2645708332599871
0.26458158726664416
0.26459413908478185
0.26452392677000214
0.26455649564561756
0.2644909618086161
0.26450700565494883
0.2645390046191741
0.26449271489552845
0.2645331456852726
0.26455572417203305
0.26453491598599405
0.26455059551395965
0.26450409692329774
0.26444825326820026
0.2644142875318781
0.2644274009211027
0.2644706532926512
0.2643864243170113
0.2644074237681045
0.26438100134071774
0.26433992231220454
0.26429641561985207
0.2642639024808782
0.26430606535855866
0.2642885989182905
0.2643212303295906
0.2642597143897566
0.2642531376820998
0.26421444607309835
0.2641848272172941
0.264163681669962
0.2641876666427572
0.26415598718009936
0.26419968123686616
0.26424467188866957
0.2641942907930696
0.26423261748446786
0.26421095165374986
0.26419747090409756
0.2642180434594554
0.26425207992907457
0.2642885404182035
0.2642220490431017
0.26418419151956923
0.2641075473351371
0.2641618728965949
0.26417785911018826
0.2641626059078742
0.2641112030662201
0.2640967640646957
0.26414456086432586
0.2640888902391877
0.2640748971133632
0.2641076085106798
0.26415016221057436
0.26417082332412145
0.26416879965972506
0.26419232127623177
0.2641683606794898
0.264125746641286
0.2641428273677535
0.2641696352728129
0.26417898879909163
0.26423117855606043
0.2642017517958489
0.26424396253232263
0.26423625132439227
0.26420619564285325
0.2641680034714595
0.2641220197024911
0.2641260459001661
0.2640610061613339
0.26405828159727046
0.26400119850511555
0.26401305224364563
0.2639484077935087
0.2639330494191371
0.26394540709880765
0.2639799165681438
0.26391814055064033
0.26395228343418053
0.263977119425315
0.2639536888982392
0.2639228396349435
0.263972178972762
0.2639843892375506
0.26394992186410166
0.2639562746448478
0.26398181955054695
0.26396199545519167
0.2639682277339042
0.2639004174593355
0.26389638727707354
0.26393899119243786
0.263942771133911
0.2638587963332045
0.2638368290124356
0.263860408954641
0.2639086636390265
0.2639203573511407
0.2639155394813279
0.26394146300715005
0.26391782322415974
0.2638713967728933
0.2638869915408446
0.263938328392314
0.26389692965718003
0.26386587451601257
0.2638836435337294
0.2639124943915589
0.2639457992265248
0.2639775234208388
0.26402910342531055
0.26404530916251884
0.26404781864406063
0.26402395244315024
0.2639905520322359
0.26397264425786365
0.2639724919791236
0.26394086370312747
0.2639141186567359
0.263860006347557
0.26386500918801153
0.2638980362986364
0.2638766355477166
0.2638555998856487
0.2638794433807747
0.26393025657644076
0.26393177046441363
0.2638954444094106
0.2638743596249985
0.2638936552217047
0.2639211036218661
0.2639391792820419
0.26393484011318336
0.2638962647164423
0.26392453534928845
0.26395225936585937
0.2639580795435495
0.26393198197984197
0.26391591703020434
0.2639303442384303
0.26387067974743933
0.26389670941146554
0.2639125367243274
0.2639419666720157
0.26391647339125945
0.2639154107979239
0.2639579717863358
0.2640118147341192
0.2639727964555142
0.2639320817075245
0.2639817749154106
0.2639647122882521
0.2639914005459865
0.264015483602077
0.2639974384409884
0.26394820427308174
0.2638786796371165
0.2638470476079707
0.2638180996661342
0.26386178048895365
0.2638858956827521
0.2639378428288003
0.2639869154437243
0.2639723041008888
0.2639991245232381
0.2639105700262618
0.2639374262374416
0.2639866480332821
0.26395288902008246
0.263974971176892
0.2640201496427577
0.26399426911941903
0.26403214093364424
0.264005538380184
0.26403212936488757
0.26398347399208544
0.26402772497732785
0.26406861724679875
0.26408884679035366
0.2641279674197026
0.2641560446145258
0.2641364755540271
0.26416960202672307
0.2642088810242417
0.2641946999493507
0.2641985050238603
0.26422103663637964
0.26422227119677105
0.26419939426647215
0.26416543669055453
0.26419908862938934
0.2641733548210213
0.26415129695173367
0.264162453237975
0.26418293091940503
0.2642173641306894
0.2641746389910466
0.2642069047321172
0.2642184839596444
0.2641877693292744
0.2642009460186409
0.2642379418230005
0.26427746649219525
0.2642367775273029
0.2642736873205825
0.2643188835532974
0.26435734271541317
0.26440705362945754
0.2644394316325973
0.2644858703008513
0.2644357215501167
0.2644269932573967
0.2644331208085872
0.26443772559808165
0.2644248909893593
0.26447155940039585
0.26450643552455444
0.26446254060802166
0.2643900657385641
0.26436437166293786
0.26432695392394107
0.26435156650579755
0.26439086626518904
0.26436638723133105
0.2643951531368922
0.2643623500790747
0.26434981103050864
0.2643203963917369
0.2642774678521988
0.26422573602019145
0.26427030241606925
0.26424464606586967
0.26425668530758356
0.26423709663984696
0.2642368273196206
0.2641982879698414
0.26421008482407965
0.26426113674868706
0.26428475788800165
0.2642940266952578
0.26426212033345625
0.26422133615413057
0.2642488525301647
0.26428096502896703
0.2643099458118036
0.26428546258863794
0.26422188445628064
0.2641929895124459
0.2641996624403769
0.2641598110725347
0.2642038478862571
0.2642122266671403
0.2641500847864671
0.2641073293352755
0.2641348835978954
0.26411031736461593
0.264078605729715
0.26412712342000055
0.2641629131814866
0.2640942955248244
0.26403436684789855
0.26408033752841664
0.26409963910820566
0.2641164078879433
0.26410653418538577
0.26407806140916
0.2640437800130755
0.2640720369702924
0.26410366417725717
0.26409476307895935
0.2640666801827734
0.2640447447703089
0.26396749789316903
0.263912962511071
0.26396235665689394
0.26398132826704745
0.263951706083973
0.26398094300438274
0.26398999400698464
0.2640191721686884
0.2640494930164511
0.26407067933308165
0.2640656317421004
0.26404532719162177
0.2640276991100939
0.26398952039719586
0.2639833047701554
0.26391815690063236
0.263941594181054
0.2639535642908344
0.2639288210024357
0.2639081993037444
0.26392702868069917
0.263906691021386
0.26392301186369277
0.2639727470397647
0.2640056692669147
0.2639489314678506
0.26398675613408434
0.2640349813633314
0.26404892797668505
0.26408118420462223
0.2640090513823194
0.2640313092466587
0.2640495467180504
0.26403280415322783
0.263999540931506
0.2640226498740921
0.2640096016632213
0.2640089458946924
0.2640123935265668
0.26406613807516094
0.26404287777754076
0.26401565051036835
0.2640473049380031
0.26401537191137536
0.264045573083632
0.26406268281621
0.2640842571908211
0.26406677631399506
0.2640923289801033
0.2641249614014631
0.2640818276377729
0.2640317889189476
0.263961452754694
0.2639944031328033
0.26398201139899574
0.2639578907797441
0.2639837944995951
0.26398415366107636
0.2639580296814385
0.26397563689594056
0.26396104717015434
0.26399324074390934
0.2639556718333036
0.2639170568666781
0.26389570523611905
0.2639315258225902
0.26390428788491704
0.2639287230872648
0.26395220748058956
0.26396544576103304
0.263914592512926
0.2639452386055453
0.2639824102211429
0.26391453831340206
0.2639094112578405
0.26390005264591665
0.2638685132738738
0.2638393421757403
0.2638563990080826
0.2638829944964445
0.2639192642136589
0.26394470258734803
0.2638906315606528
0.2638737409951924
0.26387149795832393
0.2638230405398584
0.2638620748710494
0.2638637928258119
0.2638793343017815
0.26389298236023445
0.2639065859941949
0.263896768188587
0.2639337988680432
0.26397635388107005
0.2639488314247409
0.2639181531656426
0.2639445989324751
0.26395872114080676
0.2639647591694241
0.2639538073811151
0.2639816129824882
0.2640170928272875
0.26402212545052645
0.2640503848252584
0.2640880046429248
0.26413009858999664
0.2641612057973318
0.2641973885274761
0.26418389278432686
0.26420170584803804
0.2641823462597944
0.26414490262004103
0.264154347465584
0.26417013512153226
0.26411108818785434
0.26412665056133766
0.2640710033031268
0.26409796913573463
0.2640916734334542
0.26412340009127755
0.2641229495859506
0.26413568923607633
0.2640725215629405
0.2641190634799642
0.26413895445425295
0.26414052381840647
0.26411426230449786
0.26413639760151475
0.26408651132003685
0.2640815493172159
0.26412051526211905
0.26417161263648875
0.2641439506086621
0.26418655389481327
0.2641518103226329
0.264172633377285
0.2641466940078236
0.2641666716546135
0.2641646364418633
0.2641981230920415
0.2642135615307289
0.2642495890261884
0.2642543228248394
0.26430223693263427
0.26431989586020915
0.26433052012688846
0.2643200430167319
0.26427138677047163
0.2643120004666534
0.264321915398085
0.2642642717493446
0.264276039434376
0.26422300911713653
0.26422420415758974
0.26422819022512056
0.2642179474333401
0.26415899193663434
0.264170344807005
0.2641774206397172
0.2641511623624563
0.26417520428073143
0.26422542997716136
0.26426176779400146
0.26424508254411877
0.2642592425091978
0.2642694368912947
0.26423779098094446
0.26426546805777273
0.2642680653869012
0.2642912675513746
0.264321402964144
0.26433600807932156
0.26431988739052387
0.26431636567450323
0.2642979950693267
0.26430196342418866
0.2643200388903318
0.26431952278449733
0.2642964041883097
0.26432633461113997
0.2642897224874947
0.26432061653759026
0.26432017646416933
0.2643138435410111
0.26432655284543816
0.26435444750547366
0.2643330629080684
0.26436459070105595
0.26436622415864003
0.26439613395871375
0.26440407550801215
0.2644279323621524
0.264400283304903
0.26442811423885726
0.26446141217589775
0.2645005648502335
0.26452376511370684
0.2644985743163065
0.2645415659738443
0.2645476530958108
0.26458394095206667
0.26458080766266384
0.2646141059746389
0.2646167055652214
0.2646026219889759
0.2645705584470809
0.26454982730700377
0.26457509552882363
0.26460707568295116
0.26463885822322936
0.264674244743203
0.26470051011423873
0.2647041511968416
0.26468072977384205
0.26468465739529173
0.26473178818207377
0.26471250861409357
0.264769555582355
0.264811058513277
0.26482967120919726
0.2648379266640058
0.2647905864313504
0.26480073211060673
0.26481425673121417
0.2648215450205194
0.2648241989164394
0.2648016556201642
0.26478938266399143
0.26475817612025293
0.2647288190099816
0.26476506190312843
0.2648061241018637
0.2648291947507681
0.26485037084423846
0.26482347516526733
0.2648440002125304
0.26484873792232955
0.2648105921388281
0.2648481172273717
0.2648264521846853
0.2648355711228071
0.2648402566702955
0.2647906624397708
0.2647991713571309
0.2648078476394012
0.2647980143115217
0.2647700092937973
0.2648037902527851
0.26481659815290853
0.2648514297097318
0.2648534366976757
0.26484407094550666
0.26482819562751325
0.2648211686748002
0.26479189997008623
0.26477907127571765
0.26479574618746304
0.2648214909343058
0.264843670025747
0.26486423582222146
0.26480553837664167
0.264785877750652
0.2648057000811643
0.2648006856814418
0.2647912823686927
0.2647919594927099
0.2648266098225691
0.26483348065580237
0.2648661045249073
0.26488674308902294
0.2648923137609221
0.26491911074441993
0.26494010337927726
0.2649698492121041
0.26495541058550315
0.26494318950038
0.2649765664548829
0.2650032035878922
0.2649741770916227
0.2649804283767548
0.2649812765598791
0.26494483509218164
0.2649104369913322
0.2649006620805952
0.2649389072741829
0.26494753524639486
0.26495885315487544
0.26494478421733014
0.2649492786266993
0.26490611401549086
0.26486672609739625
0.2648633819756982
0.26480939755842925
0.2648438991721856
0.26485971750228154
0.2648510382004397
0.2648247955408952
0.26483155250364476
0.26482811099273157
0.2648551850438794
0.2648948746615554
0.26494250276259723
0.26495177941379566
0.264917157364268
0.26487527553543105
0.2648896455970528
0.26490462917956004
0.2649210458176049
0.2649050721889426
0.26490761097123194
0.2649033483729732
0.2648953905268638
0.2648980739442345
0.2649329682938862
0.26490852910572127
0.2649385014500049
0.26497795452882267
0.2650056456429217
0.26500151864796756
0.26496109782732785
0.2649199571980563
0.2649093449694716
0.2648652630723332
0.2648840293699805
0.2649108605646828
0.2649096953301588
0.2649032403332388
0.26491916994171727
0.26488111246092105
0.2649055005755309
0.26486207797219935
0.264885943892145
0.2648592842300634
0.2648921773431423
0.26490951873900076
0.2649500648783002
0.2649918056664413
0.26500628333405674
0.26499762769011787
0.26498557157204056
0.2650178532473992
0.2650349458581598
0.265071047337592
0.26508354901305015
0.26507020626833755
0.26510036824500105
0.2650443554461455
0.2650785896991984
0.265039925196996
0.2650693534591322
0.26510702522688645
0.26509756595166106
0.2650920440358539
0.26511288002607586
0.2651434495927163
0.26511348140467667
0.2650908805037656
0.265077825860674
0.26509901190016744
0.26508382821460275
0.2650972686212587
0.26512516612017634
0.26512965986491377
0.2651738225794302
0.2651956633198414
0.2651791984513973
0.26520198776406145
0.2652279173271349
0.2652305435632821
0.2652370336154004
0.2652768954009786
0.26529432866176117
0.2652878656600478
0.26529430770324874
0.2653217737163561
0.26529957877134014
0.26527715125195406
0.2653037207491099
0.2653233665325314
0.26533660510232804
0.26531641724236615
0.2653390530772749
0.26531037332684926
0.2653315201798507
0.2653305429862315
0.2653673509851983
0.26531605537103015
0.2653414747199008
0.2653202332306995
0.26531969437433545
0.26533464846925303
0.26532024227923745
0.2652907887541615
0.2652485584995994
0.26528555373761736
0.2652792289286246
0.2652586940515491
0.2652771811782003
0.26524426697505976
0.2652725464143653
0.2652803442606009
0.2652725464735069
0.2652552180502588
0.26529715444631474
0.26530340641224065
0.2653125121735045
0.26533810483357495
0.2653549209547384
0.2653848449647658
0.2654144469136621
0.265382124872584
0.26540210436907474
0.2653855263631103
0.26537152803787334
0.26535383475456265
0.2653746106265147
0.26535516637616763
0.2653221811111928
0.26533034254451965
0.26535307354619686
0.2653328551265302
0.26532179277466916
0.26530207254316757
0.26530540768343486
0.2653230807645537
0.2653424638487103
0.2652949214911526
0.2653361092878194
0.26534489365712227
0.2653500586631333
0.2653772044472291
0.26539780463338597
0.26542460794933276
0.265380592079371
0.2653547300197399
0.26536181261409264
0.26538593175443614
0.2653659913969199
0.2653750737292912
0.2654044523219295
0.2654142094431017
0.265428198167111
0.2654106898050086
0.2654458781516617
0.2654159007060399
0.2654601179732491
0.26543788452011186
0.26547689684158576
0.2654603733065288
0.2654629741913321
0.26548472956369173
0.2655130131681356
0.2655240663048837
0.265506830911691
0.2654852879788118
0.26546734339546396
0.2654914397844871
0.26544891837507373
0.2653951264821314
0.26539216000510707
0.26538420706344906
0.26533164176777524
0.2653685500626344
0.26536206455475114
0.2653511328624386
0.2653821893303303
0.2653313531734146
0.2653488477534422
0.26530024461719603
0.26526621818035445
0.26522423630239567
0.2652344816340846
0.2652122761563121
0.2651715307755514
0.26520376820941866
0.2652292230477808
0.26524927289166467
0.26525685372505436
0.2652830437544848
0.2652711276417529
0.2652534734599665
0.2652773320082103
0.2652896691683919
0.26531477234786366
0.2652858902842689
0.2652816981184756
0.26530343726362343
0.26533891261916837
0.2653643274405346
0.2653524539899301
0.2653203473556749
0.2653021892787131
0.26533614235472885
0.2653696815517258
0.2653570993627487
0.26531860865350015
0.2653314969030617
0.26530956172597747
0.26528038506711205
0.26527746374172007
0.26525719507881096
0.2652628172997624
0.26525961552737165
0.2652383277173441
0.2652024038784316
0.2652037181644172
0.26522270234424117
0.26526009457312355
0.26528121066071786
0.2652826818047343
0.26528873269437137
0.26525891897682274
0.2652500475587547
0.2652574705388939
0.26527934317068813
0.2652971239204747
0.26525303533746736
0.2652748845903971
0.2652834537997984
0.26527212584670556
0.2652892859532363
0.26530280825414276
0.2653215947428942
0.2653438849031972
0.2653714172984918
0.2653813797494079
0.2653949653350396
0.26539661311376767
0.26541883402264554
0.2654034129042193
0.2654294737992843
0.26545679931279165
0.26541900436542887
0.2654110602183963
0.26539209860890683
0.265355249848388
0.2653096827065427
0.2653372802869633
0.2653281551813524
0.26535424947224284
0.26538301083869276
0.2653680322987251
0.2653975965996846
0.26542094325469945
0.26543843458050315
0.2654533968220686
0.26548158962961865
0.26544959632365406
0.26540611239442563
0.2654011136219895
0.26534462325291863
0.2653760904374654
0.2653655578878536
0.26532379274356943
0.2653441021694524
0.26534681558613016
0.265362905972515
0.2653738033346058
0.265389165441683
0.26535277375087263
0.26538327235511977
0.2653664895963847
0.26536076597147784
0.2653915736857031
0.2654184817775114
0.26545231572374306
0.2654139948749253
0.26541384309102745
0.26545970838384625
0.26546477872579183
0.26544953749292804
0.26548472039808946
0.2655048532557629
0.2654653828794649
0.265425013645471
0.2654440750849616
0.2654585797364614
0.2654441125313265
0.2654610365258567
0.26546172288876463
0.2654626382603817
0.2654855957532547
0.2655172677897518
0.2655329367640166
0.2655056244354307
0.2654915642496682
0.26551394899342456
0.2655300716254311
0.2655292739536776
0.2655556046933788
0.2655477217675365
0.2655247864593637
0.26554211133992384
0.26553722646117456
0.2655528103224544
0.2655551204444048
0.26557840044099856
0.2655476908974667
0.2655236545922492
0.2655384038084458
0.26556240947578164
0.26557574461343836
0.2655524924557649
0.26551085202369434
0.2654919091500395
0.26545999551039695
0.26548536699594344
0.2655000743610529
0.26549631173174953
0.26547619088283636
0.2654879926067056
0.26547489587276324
0.26547656125406416
0.2655078475971266
0.2654913319530439
0.26551253578496475
0.2655298277220993
0.2655399941089291
0.2655459035247958
0.26556674688686865
0.26552501663454836
0.2655466172180135
0.26555964812597543
0.26559045991194075
0.2656191874946342
0.26558803891618094
0.26561624871766415
0.2656510971346147
0.2656408223532564
0.2656486726663992
0.26565438565713784
0.26561466213644364
0.26563097135052055
0.26562223345152625
0.2655997325841686
0.265634340533234
0.2656293030665192
0.26562190350163695
0.2656304559862061
0.26564747477798617
0.2656267542962169
0.2656597966920358
0.2656428177508093
0.2656459961525363
0.26568495291204997
0.26569889240957845
0.2657078670057448
0.26570722129318386
0.26569144539130846
0.2657084630945182
0.26570218156013703
0.2657271004928516
0.2657390509557655
0.265742949361089
0.2657381219700292
0.26576866790828096
0.2657579147383785
0.26574020579519947
0.2657682998605463
0.2657328297775841
0.2656732400740201
0.2656762165835892
0.2656887901916723
0.265698494540638
0.2657160570055324
0.26566861660920027
0.265667805294154
0.2656927413533072
0.2657173382288703
0.26575482351656016
0.2657674928945583
0.2657630551934709
0.26578078087277696
0.2657943090282079
0.26580728671468656
0.26582271748545655
0.2658344776918686
0.2658394417257703
0.26584365026847034
0.26586244318783586
0.26584667909217047
0.26581166954763097
0.26578024131076905
0.26578950343519897
0.26576316623942886
0.2657310360905485
0.2657288400026086
0.2657460467888509
0.26577212434637837
0.2657988375890352
0.2657715102094583
0.2657985816057354
0.2658283026923707
0.26577946357019994
0.2657930935295201
0.2658208525261467
0.2658288487469268
0.26585188146450855
0.2658379228564538
0.26584060278091404
0.26585640546428985
0.26582928687560775
0.2658383352346242
0.2658372057376449
0.26582249170385996
0.2658549569346473
0.26587795254709606
0.2658819232688995
0.26589888870171646
0.26586623372589274
0.2658352874055458
0.2658479584955838
0.26588577600336527
0.26586628803804846
0.2658807619414636
0.2658817429836279
0.2659145021962164
0.26594733437300333
0.26595988239385043
0.2659906618067977
0.26598214168887097
0.2659965625085326
0.26601103223240086
0.26602525177244474
0.26600509955119567
0.2660257058616883
0.26601561848166966
0.26598341198818404
0.2659670475669762
0.265987532802761
0.2659644871803392
0.26595827332624133
0.2659776728374802
0.2659505579680573
0.2659988106473461
0.26599702732097713
0.26598891574864064
0.26596492709419894
0.26598380771713304
0.2659640403414966
0.26597324842212305
0.26598291588072326
0.2659750047784651
0.2659642982929933
0.26593819225838944
0.26592111521431466
0.2659328085230193
0.26592579091097396
0.26594347956781345
0.26592472694978486
0.2659412313904436
0.2659463443937377
0.26590247930560934
0.26588443780460586
0.2658402505383357
0.2658293723760191
0.2658132839999779
0.2658080047997383
0.2658133824605385
0.2658196682860526
0.26584727289530713
0.2658495932736792
0.2658686084925086
0.26590010284659016
0.2659205621601589
0.2658790663429426
0.26584434015742775
0.265858215296067
0.26586655202418
0.2658452106143321
0.26585387121565307
0.2658577006505131
0.26584173653926907
0.26583261774471123
0.2658062514612236
0.26579567580758867
0.26575171060738695
0.2657946176512437
0.26579137131567626
0.26575797995291084
0.26576517391906945
0.265791442320017
0.2658126295211237
0.2658241087094785
0.26583664598648754
0.2658509132727549
0.26586064928888636
0.265829923677593
0.26577958934790796
0.2657561291031418
0.26574181853519596
0.2657464475901222
0.2657135162427255
0.26567816803850497
0.26564704594495686
0.26566421546695324
0.26568452819193994
0.26566965479792537
0.2656935369911598
0.2656751409693328
0.26570352796963276
0.2657181919336785
0.2656951805932561
0.26568068315372495
0.2656874741656341
0.2656943419838161
0.26571426355941996
0.2657393854300751
0.26572445203567485
0.2657236078818159
0.2656962578661402
0.2657138120576781
0.2657596005093739
0.2657582902335557
0.26578665367939713
0.2658047772204589
0.26580119879504904
0.265813800562455
0.265810472967923
0.26579151248187954
0.26576668438748524
0.2657391698661122
0.2657329796740339
0.2657574881469702
0.26574348028107125
0.26576427811327785
0.26578424569918474
0.26576494339906453
0.265780689983438
0.26579938252132673
0.2657756039357123
0.26577799321543283
0.2658199242576831
0.2658442791153192
0.26583510034830776
0.2658576447225217
0.26581110631467275
0.26577498903047975
0.2657640157548194
0.2657799805742442
0.2657879945943142
0.26578254661134315
0.2657848606710561
0.26576534802129337
0.26571405026292527
0.26573473326459535
0.2657015199173926
0.26569866466893854
0.2656664319254125
0.26568744006097433
0.26570445415321514
0.2657368405803696
0.26576887683958245
0.26577713211037346
0.2657797466931712
0.26580776439731496
0.26582848046853225
0.2658018053318929
0.2657916180918184
0.26579304971624484
0.2658129528653307
0.26581624144175103
0.26581562220355803
0.26580131300377746
0.26581757860092586
0.265811572938004
0.2657974981350799
0.26579181472296776
0.26579065820098235
0.26581550311364066
0.26584523339016713
0.26583422456587485
0.2658586290240209
0.26585220952044236
0.2658748714702972
0.2658942271728075
0.265882105963865
0.26585524779007647
0.2658789755773217
0.26586962190390334
0.26588391320565596
0.26589980300050514
0.26587730724101966
0.2658977238921821
0.2659078410789276
0.2659110084583853
0.2659320939305535
0.26590171151036934
0.2658722142005278
0.2658750026121428
0.2658541412392301
0.26581847549564996
0.26584778828429895
0.265832272791131
0.26585900318024097
0.2658445296176939
0.2658384820441385
0.2658722788459491
0.26588103630748394
0.2658845300028925
0.26587401032708624
0.2658593700061385
0.26586209647769876
0.2658792624462912
0.26587937793223687
0.2658704630256752
0.26585486728102165
0.26586606814311925
0.2658601332989583
0.26587516856002413
0.26588797225853633
0.2658901562572926
0.2659064969677383
0.26591323387072274
0.2658962858856012
0.26589011645205507
0.26590972731040297
0.26593061989727457
0.2659127071034942
0.26591804464491536
0.26590249972572116
0.2659233533663113
0.2659143781185175
0.2659267824275089
0.2658932560515608
0.2659031100675895
0.2659333212425222
0.26595605043075315
0.2659114150405615
0.26592892107680555
0.26588132142600107
0.2658914015294211
0.26589894319504825
0.2658852069232298
0.26587135081207197
0.26590303993099024
0.26588457062815196
0.2659176213876906
0.26590923312784215
0.26590539737021957
0.2659187321639852
0.2658918452661324
0.2658583263732793
0.26584071948428917
0.26585311144897533
0.26588035971219587
0.2658995645489455
0.26592044945923143
0.26591080341728124
0.2659197035121318
0.2659004768684462
0.2658839533930681
0.26589714740627546
0.26590642530557296
0.26588041602910584
0.2658903074087545
0.2658982046293688
0.26587137362064145
0.26588738847529275
0.26590235470503615
0.2658979075646523
0.26587247732210695
0.26585656184336803
0.2658587576485107
0.2658760399202535
0.265887023951992
0.2658885632235324
0.26585074470583475
0.2658234268972702
0.26584702673773386
0.2658665126241598
0.26583914622188115
0.26585010950220983
0.2658614969204683
0.2658715540982192
0.2658389454221296
0.26583544281332605
0.26584095545534614
0.2658595778177086
0.26586696435726087
0.2658484648951875
0.26583928123337086
0.26585940664877433
0.2658621680558333
0.26588919271688244
0.2658962568396089
0.2659214964573861
0.26588747065194934
0.26587211999150007
0.2658524820389119
0.265873349983365
0.2658927541929072
0.2658806980517857
0.26588574675905957
0.26589690140457334
0.2659006615200629
0.2659148724213364
0.2658983883531744
0.2659194298290557
0.26592462840782666
0.26588676013500717
0.2659224019195489
0.2659478628072912
0.26597726377945474
0.2659977219835728
0.26596991871392794
0.265938987054487
0.2659603027688489
0.26595316011255754
0.26597840297871084
0.26598598089552483
0.2659716351891623
0.26598872283351765
0.2659819272715841
0.26600314954938725
0.26602743840903875
0.26600291808078896
0.2659901848005615
0.26600572072079115
0.2659820971554566
0.2659892883721197
0.26600776617772226
0.2660291781390552
0.26606028258353437
0.26605145767116106
0.2660529075775267
0.2660239339708886
0.2660426343935992
0.26603488623685895
0.26604521995093594
0.26603508516390084
0.26602429724120796
0.2660308470045073
0.2660183943487342
0.2660381400807016
0.26601004378173027
0.26600000800630874
0.265984689214749
0.26599935246034556
0.26600551103616943
0.26597238088872577
0.2659568036696956
0.26591858958890346
0.2659015680087084
0.26588026116501234
0.26588311017393407
0.2659108419575583
0.2659336868434665
0.2659114374465055
0.2659369268782424
0.2659584123836081
0.26599321284682625
0.26601935868736537
0.26599538689343644
0.26597491599493006
0.26599686878899353
0.26597098058220037
0.2659965856788847
0.2659899040683186
0.26601176369158425
0.26603049605371154
0.2660462641428493
0.2660696739811979
0.26608860195237793
0.2661036694406963
0.26611535046930657
0.26613763192394246
0.26613225668890866
0.2661644205579955
0.26618327828871097
0.26621308253188253
0.2662325546257505
0.2662017289816814
0.2661866351915375
0.26620807662191265
0.2661649113735975
0.2661809684163634
0.26618060647382263
0.26619933497934983
0.2661825650245121
0.2661632930420518
0.26613001623359994
0.266124894383756
0.26610741556006257
0.26609014002929604
0.2660678893428255
0.2660553527632494
0.2660207709842232
0.26604462990980826
0.2660179840651418
0.2660115719308795
0.26598698872236587
0.2659603206416763
0.2659547895133041
0.26593973336437743
0.2659598945452196
0.2659351167204713
0.26589375635345575
0.26590120879983875
0.2658742346854425
0.26587018166383014
0.2658693799231349
0.26588530503400626
0.2658766618427541
0.2658941443897427
0.26591086670053105
0.2658760676194411
0.26585259352409285
0.265862857885086
0.2658338578772726
0.26583675366345216
0.2658284845351382
0.26585595674154505
0.26583871014559474
0.26579857047896005
0.2657613448556221
0.2657797240502765
0.2658072374572092
0.2658135390815775
0.2658241671011384
0.26581102315245414
0.26576771684925743
0.26573253632889243
0.2657559792478785
0.26573121926844717
0.2657561099738354
0.2657828284627744
0.2657909189828784
0.26576470756353193
0.2657817203763768
0.26575467501493766
0.26576101694499066
0.26573846270069473
0.2657568137221509
0.2657798344822922
0.26578811153612286
0.2657917064220634
0.2658067298524051
0.2658114947137882
0.2658267399689741
0.2658364918811542
0.2658517887724262
0.26584024448196836
0.2658573694985316
0.2658753367274399
0.2658853435038026
0.26591210015822486
0.26591374419598157
0.2659085355601491
0.26591081505831504
0.2659254533008989
0.2659537826402679
0.2659168619195613
0.26589387814828375
0.2659204352691616
0.2659470899955656
0.2659286121866226
0.26590675771204614
0.26591055319373935
0.26592934596835316
0.2659460253951701
0.2659343591648411
0.2659389304269959
0.265950482597126
0.26596288446469124
0.26596446983906524
0.2659823771485781
0.26596064542080783
0.2659571907162397
0.2659700135733972
0.2659497950607059
0.2659661105637885
0.26595032248172246
0.2659435717421573
0.2659577871453271
0.2659786066505276
0.26598273130598826
0.26594630321378865
0.26590697354128007
0.2659328531473673
0.2659266493041201
0.2659128297358916
0.26592388784528675
0.2658881322603438
0.2658675825072679
0.26580913996376454
0.2658211881827868
0.2658022733056422
0.26581082759804686
0.26581909615227883
0.2658467866093389
0.2658327014789083
0.265846568224997
0.2658723412293601
0.2658942201235442
0.26590519083748443
0.26589731462477073
0.2659219338540935
0.2659418241504403
0.2659639582541983
0.26593675949279355
0.26592335536489076
0.26593141147990995
0.2659257134000311
0.2659090008650651
0.26588946622658693
0.2658828648800646
0.2659000126619193
0.26591039185202003
0.2659254930033403
0.2659400420601908
0.26595017709198243
0.2659326275797234
0.2659350210128782
0.26593435472085086
0.2659387818737879
0.26593830208158215
0.26596670805586403
0.2659504790197016
0.26594997649045565
0.2659596895578808
0.2659738655313946
0.26599190535556044
0.2660157878825914
0.2660004159139073
0.26603142971390803
0.26605872673128
0.2660762417840176
0.26606336305567835
0.26606020901967703
0.26602241074925237
0.2660050052865482
0.26598837186950747
0.26600284676613895
0.26599811315165234
0.26600441991199414
0.26602939291401145
0.26604081138088165
0.26604921362625844
0.2660776657614879
0.2660453837371891
0.26600320951616324
0.2659541532570258
0.26593558266880046
0.26591669652999694
0.2658923832033846
0.26589999429227595
0.2659023877997437
0.26588070052351986
0.2658921498638652
0.2658735652088661
0.2658566359680024
0.2658681396593193
0.265892913690877
0.26590330348339
0.26590292710348934
0.265891752178623
0.2659007357314243
0.2658632497119512
0.2658938769050652
0.26588218041588446
0.26586447952106607
0.2658836766187976
0.26590388166237083
0.26592427383913164
0.26589212328214507
0.2659002548891596
0.2659191175739603
0.2659415909920454
0.26594854555011616
0.26596319241352406
0.26593665828455637
0.2659253257501372
0.26592750964199824
0.26591649451948063
0.2658934104789982
0.2659022219235781
0.2659135577846882
0.2659149885079217
0.265910954585843
0.26592260378234583
0.2659142584439803
0.2658907523756539
0.2658889536162655
0.2658870210266905
0.2658986882175336
0.2659100265855069
0.26592096102298873
0.26590404297277187
0.265876082490994
0.2658560893160079
0.265866146767378
0.26587323154831766
0.26587293610179
0.2658941125548072
0.26589224769262243
0.26591109381008926
0.2658994364427827
0.2659242402010577
0.2658829674608917
0.2658636359715165
0.2658703632839182
0.26585802575669276
0.2658636604602057
0.2658925401592415
0.26590977341757743
0.26590811986255775
0.2659078124577693
0.26586414024028426
0.2658735263626018
0.26585015625789926
0.26585836948744024
0.265872481661333
0.26590740120820067
0.26591206409725116
0.2659154887131871
0.2658957365764494
0.26590134642777186
0.26591454483038723
0.26588698225572666
0.26590278681761276
0.2659188447655512
0.26588285873398687
0.2659048207154663
0.26591569333379406
0.2659403908825976
0.2659435494718464
0.26591710587516876
0.26594786609155185
0.26592437247209466
0.2659422892376334
0.26591757320955517
0.26591708476222903
0.26593799769731236
0.2659447150045697
0.2659197290135567
0.2659416356309011
0.26594634491764707
0.2659475033030678
0.26596231685836963
0.2659359674524441
0.26592099256758595
0.265928787400001
0.26591578200950283
0.2659353375075734
0.2659505120317265
0.2659569566378712
0.26594128083642116
0.26594489862193615
0.2659707065224275
0.2659688800155461
0.265947177566184
0.26595428881929367
0.2659706386363753
0.2659564750630329
0.26597308734343145
0.26593303817514297
0.2659376696448131
0.26595975988912995
0.2659857981556042
0.26595030662371705
0.26595498467552214
0.26595793692835973
0.26598337130736954
0.26595780868891894
0.2659518815907573
0.2659286419935006
0.26591579777377133
0.2659147280587811
0.2659311158922733
0.26594588216138093
0.2659630574794299
0.26598987391371326
0.2660166727650408
0.26601234476422575
0.2660303661756301
0.2660392983864444
0.2660544961131479
0.2660707792489606
0.26606120966832025
0.26606373588728405
0.2660523912360569
0.26605165061408287
0.26606552220923807
0.266069363855758
0.2660525427188715
0.2660192169371449
0.26601445871702756
0.26600245283110624
0.2660159468367584
0.26601155663518494
0.2660079764826823
0.26598542305341627
0.2660079022185136
0.266002646931717
0.2659906835746964
0.2659560094558554
0.2659737704825771
0.26593906471827927
0.2659534860950733
0.26594681588253793
0.26595932812222284
0.26593425039783875
0.2659589569648417
0.26598160013455185
0.2660022814883792
0.2660170598432337
0.2660318726203133
0.26601110720768817
0.26601954879659584
0.2660324026706382
0.26603933235342964
0.26602187840750485
0.26599858103021395
0.26601174961612223
0.26598786731953833
0.2659889867690678
0.2660013217968168
0.26601578122927005
0.2659797227210302
0.26600022598728346
0.26599390899951075
0.2659561542404847
0.26597958428371704
0.2659903215512502
0.2659627553386671
0.26594214906966057
0.26594668354225137
0.26592921692127086
0.26592189206131767
0.2659395233781713
0.2659511926663698
0.265966365834866
0.2659552225044663
0.2659771137266793
0.2659723146596826
0.2659778952473225
0.26598483315335997
0.2659644844854573
0.2659444495324275
0.2659440123308985
0.2659659998238041
0.2659566323425785
0.2659777951672112
0.26597065803943803
0.26596646256746836
0.2659463285405244
0.2659405831935944
0.2659632275474162
0.265980939109207
0.266005014593346
0.2660311495458242
0.26600776492863437
0.26601960472669345
0.2660181119355691
0.2660062264944661
0.2660222256075441
0.265987504361054
0.2660057152250086
0.26602474985893027
0.2660368935261656
0.2660385887013206
0.2660405848134331
0.26603481889108965
0.2660268298441578
0.26600400894628967
0.2659821998276416
0.26595465429166804
0.2659743841259526
0.26595482001178944
0.26594287134889477
0.26595676186859385
0.2659726506311538
0.2659815919135942
0.26600102001041315
0.26601388258732095
0.2659897243523084
0.2659559860481914
0.2659633265554972
0.2659890501039131
0.26600465350249797
0.2660178075642357
0.26600208087788857
0.26602700030143256
0.26600223129019784
0.26600463930373186
0.266003136014531
0.26598102622096853
0.26600298253358406
0.26600165340784904
0.26598435263972525
0.265969259929363
0.26598519151062017
0.2659405699873595
0.26592383218952154
0.26594248906916684
0.26591733837529663
0.2659476198382957
0.2659673006973135
0.26597506056483344
0.2659502720481675
0.2659298505292416
0.26594114569692634
0.26595518807153745
0.26596809969652485
0.2659769869233018
0.2659723843889907
0.26597608655272725
0.265998631291003
0.2660066042805434
0.2659857210899122
0.2659710662986022
0.26595795528293054
0.265966772336031
0.2659686128261499
0.26596773303291926
0.26595939407049235
0.26593205902907485
0.2658935883845066
0.2659113664437105
0.26594099363557694
0.2659114331514599
0.26590362223533276
0.26590109773270604
0.26589217431945156
0.2658820706941246
0.26585456206969044
0.2658577100920802
0.265875120426361
0.26586182306769346
0.2658762991978331
0.2658571365599179
0.2658405539387075
0.26585740995192997
0.26583401211162333
0.26584419831520023
0.2658567198051524
0.26585947955558975
0.26582295062990896
0.2658034333138373
0.26581772115836
0.2657976738599038
0.2658080619634305
0.26582811561865666
0.265843022536405
0.26585392076020953
0.26586794480536236
0.2658730094271752
0.26586084323028103
0.2658763301256983
0.26588642157015063
0.26585477642789324
0.2658739459165269
0.26585520544551017
0.26586158512916874
0.2658338400510227
0.2658378588109322
0.26584664726326673
0.265845528649222
0.26582200684444257
0.2658373614695403
0.26583867488349194
0.2658100635517441
0.2657830837225533
0.26578511379634345
0.2657802315766543
0.2657676983200509
0.2657902852162102
0.2657949124768742
0.26580882555610214
0.26582093279685076
0.2658181121019882
0.2658055244633786
0.2657838523169831
0.2657538429731193
0.26577410943890906
0.26577379455879013
0.2657894482569313
0.2657717401812951
0.26579318935357615
0.2658128524417483
0.2658197928423624
0.26580059057933836
0.2658100200841103
0.2658360286607227
0.265850312571257
0.2658274924965331
0.2658304337131624
0.26581578089567337
0.2658283674804345
0.26581278408298853
0.26582676455886056
0.265833650533251
0.26583994058014465
0.2658236580015739
0.2658176293733881
0.2657991306958285
0.2657823499073718
0.26575865689862604
0.2657757678669555
0.2657543408340281
0.2657714513403253
0.26577622074287244
0.26576725102568294
0.265776105586402
0.26578132222315304
0.26579767754361516
0.2658284602612935
0.26585402876278796
0.2658497893334055
0.26584120211177165
0.26584552477836854
0.26584678556414687
0.265874440693143
0.26588368870984963
0.26589401182123484
0.26585470763119257
0.26584653489325727
0.2658665004308101
0.2658527704205387
0.2658672994795632
0.26585864048895425
0.2658665434221669
0.26585588330483584
0.26585121855713
0.2658487952951037
0.2658704363694445
0.26585410644044805
0.2658421211817138
0.2658403123652758
0.2658583751730601
0.2658860941643283
0.2658905849810066
0.26590494100888706
0.265908286662948
0.265881149072115
0.26585071255695764
0.2658581222730589
0.26585895970807477
0.26586655417139515
0.2658430123796493
0.2658490883710414
0.26584926824797056
0.2658469299805676
0.2658659840500156
0.2658465564398523
0.26585283489159367
0.2658315136559245
0.2658129040622618
0.2658283309849757
0.26583373093208684
0.2658192399073478
0.26584662707629503
0.26586116048163344
0.2658754538676751
0.26586239210808915
0.26586562726645196
0.2658792529036474
0.2658402454360562
0.265817790020294
0.26582697966843577
0.2658364550749222
0.2658087623141381
0.2658174384261286
0.26582851803908936
0.26583343217201133
0.2657948719821327
0.2658159140058508
0.26580114147168404
0.26581165132311907
0.2658280625486661
0.2658389502653533
0.2658612583369267
0.265865689939228
0.265888368767819
0.2658710238349871
0.2658725624790883
0.2658916328285065
0.2658895960745405
0.26589589190105756
0.2658689209592253
0.2658579940554273
0.26588132544596366
0.2658868997842251
0.2659037321139555
0.2659155606341213
0.2659048631124911
0.2658820616705358
0.26584795507898556
0.26585474151463356
0.2658315994569842
0.2658217091963357
0.2657743046372753
0.26577008827012377
0.26578305315503487
0.26580024050559037
0.2658140035369949
0.26580096398529174
0.2658066486802341
0.26581521389681523
0.265836757708162
0.265855188076052
0.2658747493412541
0.26586285094803175
0.2658585567242159
0.2658437992371313
0.26586203739425407
0.2658540350623544
0.2658461442813965
0.2658366874286599
0.26583351574461606
0.2658413397248587
0.2658335689043442
0.2658468029411749
0.26587007316640926
0.2658972876425755
0.2658997961429202
0.2659079528781993
0.26586843617292283
0.2658887073312726
0.26588084409951895
0.2658814677425831
0.2658536054416112
0.26583108400415073
0.26582480232172817
0.26582810275058943
0.2658510818799342
0.2658200990904295
0.26581043125809806
0.2657863854784647
0.26578478161611047
0.26578427881697303
0.2657994970631166
0.26581780757153994
0.2658408343454622
0.2658498562442425
0.26584515792737495
0.2658699694677624
0.2658565053512073
0.26583010699663107
0.2658124760178452
0.2657852986542955
0.2657986503357715
0.2657635845580449
0.26573354588456394
0.26570154949692987
0.26568418985841635
0.2656535494537578
0.2656340719047941
0.2656225859468523
0.26564856210235
0.2656593446800652
0.2656816888915001
0.26569907857574293
0.26569763455157447
0.2657214418033033
0.2657198385384196
0.2656899845519937
0.26570717449091136
0.26572081012073545
0.2657027664842226
0.26571813925667004
0.2657333095021097
0.26574719223967586
0.2657630334230872
0.265778876518067
0.2657945657042233
0.2658154920545041
0.265794662526966
0.2657678980670358
0.2657864225309137
0.2657698775722981
0.2657457611080016
0.2657592276625779
0.2657422187675678
0.2657215940366657
0.26574103422046796
0.26570474373096
0.2657036379189686
0.2656763137832451
0.265670832967426
0.2656633063073361
0.2656543916579263
0.26566763657456266
0.26565353320916824
0.26566741838495395
0.2656639997052243
0.26569402237772105
0.2656973057996968
0.2657076237044977
0.265724836919374
0.26572222180628907
0.2656946273637938
0.2657097674564909
0.2656975445341335
0.26568561241536487
0.26570765007272823
0.26571340460186876
0.26573086373061156
0.26571282266408774
0.2656775780154284
0.26565960652666537
0.26563173877228036
0.2656409964753037
0.2656238526346466
0.265646968204277
0.26564132138353425
0.2656145265579221
0.2656277503182641
0.2656132452809707
0.26562935997599324
0.26564524064172074
0.2656644213097047
0.26565586132579927
0.2656839410922669
0.26566131176160046
0.26563494879180455
0.26562313810178934
0.2656298739317211
0.2656425049458517
0.26563019899009443
0.26561467623234775
0.2656254021501824
0.26559756497667947
0.26562047825130697
0.26564040992493954
0.2656517320173859
0.2656685928886808
0.26565703454344874
0.26566890874850196
0.2656722131650027
0.26566687538574624
0.26565476227244034
0.2656638978846171
0.2656854602695819
0.26571022132894784
0.26568250615108435
0.2656842488737863
0.26568196021094226
0.2656787306947975
0.2656887972406863
0.26565790551779983
0.26568505782887647
0.26569876115443075
0.26570895307619724
0.2656770583780491
0.2656666592739314
0.26565645598000825
0.26566547876631535
0.26568567070248067
0.2656803093797292
0.26568906244627605
0.2656725796043932
0.2656609081876817
0.2656784208417127
0.265676791877506
0.2656664135830845
0.26563126316863994
0.2656423128330978
0.26563475532724845
0.2656253462751954
0.2656292236131889
0.2655985440952994
0.2655915351419668
0.26557877204410435
0.26558722816019426
0.26558761010611154
0.2655879941409158
0.2656112838247321
0.26562695069007686
0.26560613836438607
0.2655967401650465
0.2655931654769863
0.2655782766973605
0.2655903369611272
0.26559474702336844
0.2655821242677026
0.26558392775091777
0.2656054016546134
0.26563528754402027
0.2656407677076112
0.26563661896790586
0.26563185747467305
0.26562072847777773
0.26564132409476354
0.26565480881633846
0.2656650586813479
0.26567854505308514
0.26565836334103454
0.26567498759247404
0.2656762875332957
0.2656466098399179
0.2656277850240946
0.265614431773509
0.2656306406319154
0.2656390504571537
0.26565244462556636
0.2656573044357664
0.2656346568735554
0.2656288037872203
0.2656020777747277
0.26560293356119896
0.2655867419505802
0.2655739492777179
0.26558674278931704
0.26557112246051967
0.26554643669500233
0.26556952373958853
0.2655488326638965
0.2655620660685791
0.2655397371451754
0.2655202137664212
0.265517847029422
0.2655326020317349
0.26554817604297276
0.2655338043587782
0.26553144371249077
0.2655336915132278
0.2655114376334749
0.2655230567201529
0.26553920269645653
0.2655351748806485
0.26554689222323463
0.26554773207423626
0.2655739210750477
0.26557701332140893
0.265592282519321
0.26558456157345545
0.26559937666609473
0.2656012516386475
0.26560869628014794
0.26559521365795563
0.2655750652757098
0.26558626211765557
0.2655988432989146
0.26561403681967205
0.26561763941921446
0.2655927444442639
0.2655900245745608
0.2655767639140305
0.26554691546574605
0.2655198626909789
0.2655275411654161
0.26553597897014164
0.2655283343692237
0.26551313074428035
0.2655225209191018
0.26549127373097625
0.26548022502340657
0.26549689115925534
0.26549302506326916
0.2654952499955533
0.2655183945122985
0.2655413687735044
0.2655329456094953
0.2655189699425475
0.2655315071115336
0.26554356843614474
0.26554213956502515
0.26554208903880094
0.26552521752852337
0.26552938361488615
0.265511403387622
0.2655235151070493
0.2655115296036339
0.26551953119056476
0.2654884408251182
0.26550525044485757
0.26552506267244097
0.2655297134121926
0.26554791494190294
0.26554749459496085
0.26554292487832426
0.2655267436737876
0.2654880358894362
0.265464037482926
0.265483591431554
0.2654581195914839
0.2654844830511082
0.26548491959640447
0.26545625576039694
0.2654603640604259
0.26545490738142913
0.2654672986141953
0.2654821694835677
0.26545696602469404
0.2654498569299672
0.2654616871420417
0.2654812926261347
0.26546757894997064
0.2654766144473677
0.2654821274981546
0.2654829930942782
0.26549523546872567
0.26548578968279646
0.26545673461805025
0.26545222331355134
0.26543898834005547
0.2654261928525022
0.26545736643480666
0.2654363183484038
0.26544673953258413
0.2654376070661049
0.26542162111017414
0.2654158741273846
0.2654273522279174
0.26541997500233044
0.26538992450544197
0.26540743163820646
0.26542476006350435
0.2654312432293871
0.2654245063888946
0.26545024387850263
0.2654398406602775
0.2654203674184108
0.2654213906774383
0.2654229905456743
0.2654337151297635
0.26542452586622767
0.26543029106368293
0.26543658350038357
0.2654363155619129
0.26545854085262566
0.2654661068323409
0.2654724892446838
0.26548841484974856
0.2654572070170372
0.26545405936226496
0.2654682831373632
0.2654913588958796
0.26550140495885777
0.265508726222102
0.26551964803303574
0.2655174908178215
0.2655016760082416
0.2655087323334961
0.26549326075878277
0.26549509011931377
0.2654766120807335
0.2654877684148824
0.2654735597495181
0.2654535575592705
0.2654702117803622
0.26545411990598367
0.265471566161217
0.26547049957680435
0.26545757002951903
0.26547476313200635
0.2654544216838294
0.265449722302764
0.26545261478049037
0.26543996414603016
0.26544771162160874
0.26546083070293325
0.2654428891616774
0.26545387798097053
0.2654677318586817
0.2654906041597043
0.26546804365261784
0.2654599939279343
0.26545734295362683
0.26547602159479233
0.26548824825098166
0.26547138941760784
0.2654839849321441
0.2654655055101128
0.2654708898957911
0.2654845669910255
0.2654663022210864
0.265449708943644
0.26544475036576964
0.26546289820553526
0.2654620441449577
0.26543812450700743
0.2654521129326495
0.2654665690114804
0.265460891114953
0.2654761156246054
0.26549087242531016
0.2654777462032254
0.26544686559481573
0.2654504867900895
0.26543363860121255
0.26540914059824394
0.2653836202947636
0.2653610780550055
0.26539078781588327
0.26539936163654
0.265393060303872
0.2654094673522561
0.26539719183601795
0.26540092328182624
0.2654032454800968
0.2654208106643527
0.2654322901174948
0.2654266855366531
0.26543897400431643
0.26542083965590907
0.2653934969053617
0.2653837317876278
0.2653878514716687
0.26540411202155484
0.26540587930009635
0.2653895369782178
0.26540658533100064
0.2654090530050415
0.26537411304464026
0.26536085631908357
0.26534998426180717
0.2653581028819766
0.26534331296746777
0.26534970035108757
0.26533723768718165
0.2653177063202934
0.2653335491106004
0.2653293086186354
0.26532304050828054
0.2653164215956324
0.2653043900499018
0.26532004876879517
0.2652959415099461
0.2652837484671636
0.2652942869373465
0.2652790804985192
0.2652920044736894
0.26529935047121217
0.26530902113423566
0.265329223760645
0.2653537632397323
0.2653465318689398
0.2653406806877076
0.2653462373608913
0.26536275680560106
0.26536707788495184
0.26537921434133
0.26536656066316333
0.26534598446359337
0.26536216460124945
0.2653454646562214
0.2653431643451049
0.26534439160160594
0.2653554603902653
0.26536676608253296
0.26535081099801455
0.2653313236656577
0.2653300168067336
0.2653170178167898
0.2653275115003581
0.2653423877999453
0.2653589522135755
0.26535920233001187
0.2653749098940308
0.2653719054345086
0.265361226757843
0.2653672742282644
0.26535910306280314
0.26534775675682803
0.2653444310222982
0.26534900689886415
0.2653677522910031
0.2653781827940863
0.2653974765860109
0.2653794202303551
0.26536169376689567
0.2653631385805715
0.2653512259567457
0.26533898916772025
0.26532636277483174
0.26531836897682354
0.2652971893857868
0.26527076897631235
0.26527711094963524
0.2652843972606457
0.26527036417612815
0.2652902661197064
0.26530943883345337
0.2653186524798756
0.2653345601811436
0.2653339793957352
0.265324840714477
0.26533453185165967
0.265343508354544
0.26532415014495936
0.26533387623345345
0.2653535875077297
0.2653426667931377
0.2653351614688779
0.2653439157545361
0.26533820416075987
0.2653340728039895
0.26534963432950864
0.26532510329390435
0.26534133998260956
0.26533336286496734
0.26532350802895904
0.2653061357253354
0.2653226020007846
0.265305028364842
0.26531057567110694
0.2653007801384787
0.2652915833940684
0.26530933833863507
0.2653030184015301
0.265301673951115
0.26529282690493056
0.26529780750634774
0.2653154873373546
0.2652879565909427
0.26529147402030384
0.26530027194241174
0.26531787513751137
0.2653307171518229
0.2653453901376787
0.26532133908791705
0.26533165956228066
0.2653500306134306
0.265337697321301
0.2653573165882095
0.26533874436419297
0.26535133267899835
0.2653448011609066
0.2653216329616295
0.26530689535559077
0.2653170521273248
0.2653270726500401
0.26534960562745524
0.26533344049412927
0.26532164393430224
0.2652946799563912
0.2653031118524495
0.26528543359312684
0.2652686976637454
0.26527687132176864
0.2652718429999123
0.26524231481987987
0.2652219138906569
0.2652417006083242
0.26525505845693137
0.26524000281699023
0.2652559863001185
0.26526670594012675
0.26526021054256865
0.26522825116917226
0.265230512342807
0.2651967303350334
0.2651816233177176
0.2651633390404843
0.26512996010807877
0.26510763023937617
0.2650920455237005
0.26507242845472906
0.26508976395803613
0.2650974147540581
0.2651118216102206
0.26511091238181705
0.26512374338013406
0.26514531130330327
0.2651536098808902
0.2651714712443014
0.26515247687084514
0.2651311384919288
0.26512608529820525
0.26514201732932074
0.2651635679438009
0.2651798170369639
0.26519188951011463
0.2651721212519036
0.2651657196022099
0.26516470266926884
0.2651677337301416
0.26517263947190084
0.26516719770131636
0.2651856692471372
0.26517292815362836
0.26518084014224597
0.2651605483955081
0.2651713156572972
0.26518715197861037
0.2651912375313952
0.2651650589902489
0.265145005001714
0.2651615145992043
0.26517123378752194
0.265150373282266
0.26513058309829596
0.26515694113578686
0.2651515703776314
0.26514810522135024
0.2651218690119742
0.2651275147590698
0.2651542423812207
0.26513758773284557
0.26513186148045986
0.26513981694363625
0.2651058829932402
0.2651137967565209
0.2651159938860221
0.2650870259327141
0.2650902066552947
0.2650996946956779
0.2651095590141837
0.26510770213680873
0.2650971204141682
0.2650866417530229
0.2650988039875578
0.2650993250048949
0.2651115913324546
0.26512122263285737
0.2651236918823707
0.2651209263246361
0.26512307802051727
0.26511029026898786
0.26510458028300654
0.2651048464086987
0.26508742089852355
0.2650881131750305
0.26508098399600494
0.2650583321996283
0.2650728077261237
0.2650762306228488
0.2650650382172571
0.26508029104151143
0.2650860043562478
0.265087488986787
0.2650586683289008
0.2650631615216161
0.26503874674459316
0.26505181443952397
0.2650439100197135
0.2650556137118278
0.2650365171972857
0.26503119114276313
0.2650400370846028
0.2650265903118556
0.2650165970475744
0.2650308359924773
0.26504613750367834
0.26503510935830915
0.2650154140808084
0.26501517853973644
0.2650116757765222
0.265026142107717
0.26504320057562625
0.2650530525130157
0.2650618179566054
0.2650404468784329
0.2650261630448106
0.2649984975842458
0.26501564687793133
0.2650039312122292
0.2649901868088406
0.2650022056706905
0.2650109364587454
0.26502401146964055
0.2650108960741195
0.2650022083467861
0.2649927124993255
0.2650018279959532
0.26498039712942534
0.26495210763484567
0.26497582958682914
0.26499025521300884
0.2649836430655286
0.26499859569399864
0.2650223901672162
0.2650237040351563
0.2650307218681506
0.26501481579592184
0.26502721197646856
0.26503018604717804
0.2650361887482808
0.2650530152068042
0.26503296646396757
0.2650359901513042
0.2650455385535639
0.26505337402903895
0.26506238472535004
0.2650843222453632
0.26510236539039433
0.26511066788386556
0.2650959965995455
0.265095376564661
0.26508802389608904
0.26511151601518673
0.26510603988688153
0.2650821029124236
0.26505353196448217
0.26504842908189896
0.26504565153878007
0.2650471061311749
0.2650388580657593
0.26504231125138034
0.26504548016373597
0.2650426419453403
0.26502092798485705
0.2650279212820896
0.26503593013938825
0.2650225492219514
0.2650123722082774
0.26499461499354127
0.26496418646781045
0.26496613427959115
0.26494803377794
0.2649604169454665
0.2649778756192204
0.2649626217290908
0.2649468546263621
0.26495110966088037
0.2649565184483434
0.264968979638812
0.26498120616861637
0.2649907817119689
0.26499020593318034
0.2649727121857194
0.2649879380123412
0.2649818624510536
0.26497342110040045
0.2649733715040093
0.2649463668648954
0.26495465417266784
0.2649652042895609
0.2649608544641829
0.2649503411467741
0.26496706178340135
0.26496317211732834
0.2649809525599543
0.2649649071468723
0.2649537083156222
0.26493748241207454
0.26495094105739764
0.26496962114042655
0.26498004707797845
0.2649877594080458
0.2649912863154868
0.2649658557054676
0.2649612590140256
0.2649546146995202
0.26497160764965716
0.26496674982331875
0.264936187734029
0.26494840499038846
0.26493307889504036
0.26493704524702755
0.2649204355352928
0.26493343976573897
0.2649417840906218
0.26492313773300513
0.26492758901734526
0.26492959079316386
0.2649297806108445
0.26491682762372337
0.26490819498682877
0.26489943969799373
0.26489926584161416
0.26491650914536424
0.26488999758804527
0.2648622339946122
0.26485653795986464
0.2648659352751289
0.26487605874912007
0.26488312279423054
0.2648956239860957
0.2649074185936707
0.2649055988853128
0.26488875731246153
0.264883070359416
0.2648817080331195
0.2648814341643355
0.26488406744569526
0.26488394751865185
0.26485836449610267
0.2648599471361378
0.2648478895118337
0.26486022141776794
0.2648684186990381
0.26486267469755076
0.2648513088092498
0.26485420101849133
0.2648440966226489
0.2648450408533987
0.26485984060600865
0.26484938468505237
0.2648564040846151
0.2648753022064264
0.2649000793438424
0.2649012646427948
0.2648999822307798
0.26489055701251385
0.2648663189368638
0.26488039216493153
0.2648694759144613
0.26485834559651816
0.2648709325506925
0.26488083518981653
0.26489436639718034
0.2648711014252733
0.26486962342793435
0.264876518569432
0.2648873617524471
0.26488202332579897
0.2648760912497239
0.2648551749623073
0.26486769536613414
0.26484756746732524
0.264841092410607
0.26484402239290555
0.26484743421516516
0.26484081656950387
0.26485569974220463
0.2648420056403908
0.2648580425425684
0.2648467826459696
0.26484132656572523
0.26485012110760836
0.2648452350085753
0.2648363953495936
0.2648481939892261
0.2648621408460516
0.2648402649617828
0.2648483001920763
0.2648553959336443
0.264838459376853
0.2648551879039572
0.26485454894465177
0.2648729544682075
0.26487331541428427
0.26486023014995114
0.2648639581389214
0.26484793853761035
0.264834833708055
0.2648055255240145
0.26480677068076014
0.2647918874017025
0.2647588741792747
0.2647660915883345
0.2647734555684789
0.2647749383788702
0.26478189733349994
0.26477559643944676
0.2647937793959989
0.26477991681696184
0.26479863714935137
0.2647857803672538
0.2647925668486028
0.2648029741251911
0.26482070243976
0.2648353569345491
0.2648440125307829
0.26483246013371664
0.26484778618238025
0.2648526977312989
0.264832894875691
0.2648415007622226
0.2648217104502256
0.26484416931777516
0.2648359309626392
0.2648510171779952
0.2648581225601017
0.26484052700123384
0.26481869361401483
0.2648268644054072
0.26482937490065406
0.26481092803713524
0.2648153031321493
0.2647955853722486
0.26481054017930433
0.2648138367421258
0.26480395735862117
0.26479364165274877
0.2647787189914969
0.2647590928978509
0.26474975474504986
0.26474230439914087
0.2647138758634244
0.26469684679598576
0.26468900466572115
0.264698351052875
0.2646853089995458
0.26467907298737536
0.26467714621532046
0.2646765005175903
0.26468803211273995
0.2646976808391597
0.264711611286831
0.2647234845855815
0.2647445449649914
0.26475425212651743
0.2647327852876522
0.26471783073890864
0.26473274654769824
0.2647528548787018
0.2647293529998773
0.26473896676764064
0.26475107110080487
0.26475164819031655
0.26476314524506517
0.2647811149095074
0.26480492738240263
0.2647792590917815
0.26475682108451665
0.2647458704124282
0.26476497169976404
0.2647357182141104
0.2647425034154371
0.2647566289370525
0.2647335918506942
0.2647412348410589
0.26472764024491974
0.26469921483462255
0.2647035579235625
0.2646823068954704
0.26467053521021844
0.26468428931533466
0.2646774781833543
0.264696419143472
0.2646869231404247
0.26469305347361094
0.2647000347345277
0.2647168918079857
0.2646902946521708
0.26470069549018355
0.264714626193874
0.26471382397504567
0.2647234920794479
0.2647243754180211
0.2647096708154315
0.26472207693737365
0.26473605086793267
0.26472363763988294
0.2646995022255742
0.2647059818742356
0.26471725838500326
0.2647353645065951
0.26474942975187704
0.2647654859406139
0.26477826590133424
0.26478647626492996
0.2647870791869983
0.2647617713015488
0.26474342811311574
0.26471898137509975
0.2647144201332687
0.26470269715241895
0.264688351190746
0.26469739958788846
0.264688754210656
0.2646648282644791
0.26465568540669576
0.2646562145343228
0.2646437687749861
0.2646386933957017
0.2646222899232306
0.26463184559557584
0.26463722270363077
0.2646468319466476
0.2646671156792696
0.2646750258731347
0.264649669731501
0.2646622813311436
0.26467031308533856
0.26468527096092903
0.2646873493213002
0.26470428608899416
0.2647077473455826
0.26470207115279926
0.2646895771470594
0.2646979144798368
0.26470228756718056
0.26471280052765744
0.2647093554305486
0.26469758874545823
0.2646939573529226
0.26468785670003353
0.2647024656155075
0.26471028496389115
0.2647144885217224
0.26470936259616
0.2646974487856779
0.26468987662365234
0.2646719266988094
0.2646727251145975
0.26467378681996484
0.26466034368451224
0.2646553734328078
0.2646503987979105
0.26466649699228956
0.2646580368708254
0.26466163222342054
0.26467394950624024
0.26465745837471694
0.26465348690381296
0.2646668176094154
0.2646445305914401
0.26464461996940813
0.2646075693048719
0.2645883973347782
0.2645542485210891
0.2645699259882474
0.2645778596360401
0.26457555696437757
0.26457277232520127
0.2645701157887458
0.26456514065554004
0.2645724780158703
0.264559903365573
0.264539255008522
0.2645331144542253
0.26451173912633763
0.26450966781613006
0.2644944459377562
0.26450381020074964
0.2645208794088395
0.26453062595358134
0.26451454461389057
0.2645159846097766
0.26450949989586225
0.2645248088701984
0.26453950467041165
0.2645468050794302
0.26453648496915205
0.2645276435714673
0.26453904019898866
0.26454691614564524
0.26455346741890806
0.26454002357197476
0.26454602306517017
0.2645423625681451
0.26452279218278485
0.2645237273919811
0.26453347600339555
0.26454427304453487
0.2645278252685622
0.26452966444317016
0.2645506631602423
0.26454183214333127
0.2645310354030322
0.2645313378509767
0.2645370784379398
0.2645382580623473
0.26452467471750374
0.264506882567554
0.2644974132907644
0.2644882180187877
0.2644970860698351
0.2644820894010842
0.26447182776078937
0.26446799817856453
0.2644863475886667
0.2644695283785975
0.26448131299067046
0.2644919557808484
0.2645098953265547
0.264492011457715
0.26447880681188785
0.2644853837772919
0.2644760076464797
0.26445773906758135
0.26444752215583894
0.2644551968747506
0.2644491689467226
0.264463772317133
0.2644497436872586
0.2644417879596684
0.2644491865352055
0.2644432513239357
0.26443599028893333
0.2644198272459415
0.2644320681010084
0.2644169196509243
0.26440568469365994
0.2644060745667285
0.2643931829262724
0.26439271971455347
0.2644054802212017
0.2643808436965873
0.2643850846943897
0.26439854345017766
0.26440006196282057
0.2643922344620847
0.26440113360153455
0.2644088125222478
0.2644103033962685
0.2643898641220237
0.2643736100378081
0.264368344049607
0.26435692120473137
0.2643562408346289
0.26437119440733275
0.2643565224532622
0.2643489365243724
0.2643518682184242
0.2643562347674978
0.2643536370512852
0.2643364018567635
0.2643401138154439
0.2643253212356245
0.26434114803654807
0.2643534338685042
0.26434212218087166
0.26434648077908657
0.2643322204568285
0.2643340331601158
0.2643125947392402
0.26431433407535837
0.2643172001647313
0.2643302177561602
0.2643111320573238
0.2643336450885661
0.26435057471518486
0.26432535875067503
0.26431666623161715
0.26433200980069727
0.26431518856329594
0.26431198433781555
0.26429828948569833
0.2642998045695337
0.26431440514641724
0.26430730055139107
0.26429828100956315
0.2642887551754235
0.26430813170886225
0.264318828868442
0.26433442670265744
0.2643262923237392
0.2643135140344309
0.26432127413675316
0.2643285335725679
0.2643119648487165
0.2642980177726514
0.2642773053125491
0.2642895199239199
0.26430048939530487
0.2643176759869395
0.2643026903595853
0.2642948814016501
0.2643066601815662
0.26431188698092845
0.2642969851675403
0.26430470151675667
0.2642898985240621
0.2642924855002064
0.26427026198913234
0.26429170475740243
0.2642871333369197
0.2642789385027434
0.26427472212407555
0.264278982971522
0.264290463188581
0.26429753805480033
0.2643061542713419
0.26431966977005
0.2643110879811159
0.2642994764220007
0.2642776553196149
0.2642560780633048
0.26426809394930967
0.26425817422149933
0.2642633787446693
0.26427306209897605
0.2642563402210749
0.2642695748161356
0.2642496503861263
0.2642475988939692
0.26425757503204245
0.2642313214278498
0.26421023442039565
0.26421626867584397
0.2642184292161288
0.2642091759051525
0.26421243967007746
0.2642188327343615
0.26421168209240814
0.26420408578160903
0.2641990374390539
0.2641861985575321
0.2641852433454694
0.26418021722575574
0.26416976442068457
0.2641439220886764
0.2641339762299924
0.26414542229883436
0.2641560618176917
0.26414084025799156
0.2641306040396371
0.26412495934031344
0.2641001879053137
0.26411406497526174
0.2641070753240979
0.26411336702195265
0.2641254018583425
0.26413427320923377
0.2641416403337451
0.26415417321734797
0.26414531946638725
0.2641392694937197
0.2641190573706801
0.26410301918914003
0.2641139576969188
0.26409674752577694
0.2641084373334473
0.26412099156622004
0.26411754459862036
0.26411271362919375
0.2640980319086706
0.26407795667357603
0.26407554710188186
0.26408617451294725
0.2640944966293673
0.26409481901056314
0.2640919405341098
0.26410029512742983
0.26410609065318735
0.2641083771942543
0.2641029052201472
0.26411394109443137
0.2641170348352489
0.2640982123299462
0.2640786100118145
0.2640928731580235
0.26410133495810567
0.26409509951916216
0.2641055870966247
0.2641122308875641
0.26411580300678844
0.2641087896861967
0.26411533232790474
0.2641294703237174
0.2641456309900072
0.26411318348891627
0.2640810761951109
0.2640825578443261
0.26408368252603315
0.26409424166791395
0.2640855357110509
0.26407234841188426
0.264084407923347
0.2640682490588107
0.2640726033735066
0.26406103387258956
0.2640501453911042
0.26405441925247436
0.2640580015472893
0.2640417270339612
0.2640237049724195
0.2640410816802979
0.2640351715535129
0.264053403048843
0.26405645467434097
0.26407299300877674
0.26408375757043834
0.2640620949356367
0.2640310774900477
0.2640212332225745
0.26401011754435955
0.26398502576878374
0.2639838100136163
0.26396291398343974
0.2639682406224472
0.26398115127143534
0.26398799932155126
0.26399487088686135
0.26398647890879473
0.2640052193299255
0.2640145942950124
0.26400237486469885
0.26401912236189257
0.2640017483629717
0.2640067227363926
0.26399578571843557
0.26398070436420545
0.2639600273081788
0.26396988291411067
0.26396695297991535
0.26397886550122096
0.26397160756143745
0.26398524886676106
0.2639794920199766
0.2639680980124417
0.2639391169317112
0.2639280122720019
0.2639070826826826
0.2639006849093406
0.263882584022546
0.26389911429131285
0.2639171151481266
0.2639100055765514
0.26391750758023236
0.26390751414867075
0.2639056897176993
0.2639137531065057
0.2639065206728259
0.2639033640879851
0.26391498840919897
0.2639250871944964
0.2639215801271283
0.26393123444994937
0.26391279014201535
0.26388881199845377
0.2638916248547763
0.2638864548509983
0.2638863057369787
0.2638998704473883
0.2638987922940642
0.26389729534554324
0.26387684819679974
0.2638570757972641
0.26385050067817517
0.26383509200820765
0.26383185520493313
0.2638403435395133
0.2638310544815109
0.2638173990343145
0.26382132058626245
0.2638331024667602
0.26384938229540233
0.26384389017360405
0.2638515939360246
0.263859407948626
0.263848935897843
0.2638236101841892
0.2638315908962182
0.2638401718174145
0.2638319726855306
0.2638472088528089
0.26385277285426334
0.26385282938084487
0.26384553569554786
0.2638495713364578
0.2638283221327847
0.26382918023886315
0.26381889940152775
0.2638027828471106
0.26378342081614115
0.2637960933650087
0.26378278142052614
0.2637692924488902
0.2637810158009545
0.2637919119091627
0.26379834276225606
0.2637932680976171
0.2637831460964397
0.2637657669833776
0.26375377171387476
0.26373397431383167
0.26372744568869066
0.26374558826807454
