0.33276476452528414
0.26415310105246426
0.2557504974475733
0.27118826507073596
0.2789664426099624
0.2714585753895496
0.25972533659539704
0.2662393848404668
0.26736469124007617
0.2683373747151868
0.26396649119453214
0.2695739511985394
0.27692811551849483
0.2696272020499839
0.26599318792438786
0.26991730196679975
0.2729164510695577
0.2709169359530633
0.26269494264317267
0.26738551752830253
0.26986075374210855
0.26834947566630457
0.2660529747683732
0.26760835701674734
0.2698007691404421
0.2686082280668533
0.2656771465645502
0.26776262918811805
0.2686488912735162
0.2664095294463756
0.26304886290502266
0.2655765988203714
0.26811761056611083
0.26747418772089154
0.26618499487695985
0.26766413515643284
0.26890803032808486
0.2676372577109449
0.26474870642665227
0.2670429031569327
0.26732840008904674
0.2674630158553249
0.2681366776104414
0.2685989153129596
0.26995496762664156
0.26767841450580787
0.2673709582815527
0.2680246201527021
0.2702433294427011
0.2672194381201334
0.2675352130148172
0.26717463856168133
0.2661380306973674
0.26691141975577
0.2670758394429527
0.26812962277629737
0.2681615259489186
0.268225396061312
0.26905252434040944
0.2683576431036934
0.26715154307777667
0.26819960438136425
0.26875496579927216
0.2681913939853716
0.2672051226719965
0.2681262498633318
0.2684090472280243
0.2677625869718802
0.2669994195608615
0.26761837925186516
0.2682256080395017
0.2683081772963349
0.268613858257679
0.2687001948861097
0.2686151619929708
0.26841561171870704
0.26784966950784367
0.26796929390233143
0.26891076637517686
0.2675596909640533
0.26655700233776275
0.26740163450425125
0.26817702528766374
0.2680990937846882
0.26719740579919415
0.2675200068106744
0.26732732784517926
0.26722135324241947
0.2672276557651507
0.2679344670905669
0.2684856361912492
0.2672772790659352
0.26661079195215864
0.2676015905550573
0.26813000038001555
0.26733534508781287
0.2665701425371947
0.26733490407955857
0.26806661340222276
0.2671678060087526
0.2677813065326136
0.2676099571345546
0.2661411310253857
0.2667037714156942
0.2675002612763207
0.26718470757525553
0.26707666253500717
0.26737278137153214
0.26754482744993946
0.26716979513368166
0.2664559493753561
0.26693694148853714
0.26779348540790315
0.26670801731173466
0.2662904366202652
0.26678580972672045
0.2674384311238025
0.26692520883400495
0.2669383297809587
0.267106058659218
0.26756640680088106
0.26683330204731043
0.2661695618715987
0.2664387522816838
0.26674804480642256
0.2669405513202702
0.2664068600255478
0.26722777192224606
0.26739864253276513
0.2674339101025265
0.2667266288391532
0.26704775971759864
0.26757411017641786
0.2669594610954635
0.26695194400923494
0.2671665395906245
0.2670297763371925
0.2670148338577659
0.2668390459297974
0.26709183595948194
0.2675599798534208
0.2672727277922702
0.2668188069687127
0.2676213374925114
0.2680765203226614
0.2677929813495647
0.26744414994334365
0.26777422606186274
0.2679774841420353
0.2673035767949355
0.26760043194070365
0.2671460974505238
0.2670596450206621
0.2672779649733234
0.267722864453172
0.2671989167817055
0.2668387791737748
0.26702204414246666
0.2673540236986722
0.26712287535426316
0.266805535017243
0.26695296774161326
0.26712081080616873
0.26687977112250927
0.2667868784381152
0.26648290415569004
0.2667318537007006
0.2666184131992804
0.26610539174959075
0.266236669227458
0.2666160520449504
0.26648837655997015
0.2664768550675888
0.2665031074036524
0.2667015681560314
0.26631458513085265
0.26589641111325385
0.2661848215325662
0.26626189038276465
0.2663528058193869
0.2663457816613107
0.2666081895327843
0.2670511907182629
0.2669060953769631
0.2662291406007442
0.2666181911346951
0.26681383904714573
0.2666403326689222
0.26643394217936267
0.2665973077278672
0.266900047109423
0.2666089403120294
0.26643317906498803
0.266642927213606
0.2668130382463961
0.2665479091606316
0.26589282968315364
0.2662764487833211
0.26662391476124636
0.2663705677528907
0.2668400129591949
0.2664408607171375
0.2658281051284698
0.26625559579277197
0.2664487513744922
0.2662855084156465
0.26585564528397815
0.265840185093458
0.2662310675405976
0.26600131836587326
0.265535186014896
0.265910341953656
0.265975068825011
0.2660383878485158
0.26574438850112614
0.266108391809444
0.26648052209389317
0.2661041657711184
0.2657991772042618
0.2659557251094485
0.2657257343072159
0.2654681627979525
0.2654628699171352
0.2658666770939852
0.26611347547587694
0.26606939836160126
0.2659783708855215
0.2662225395090375
0.2662792624942367
0.26581364975179134
0.26534661499993795
0.2656332066364279
0.2658526352208579
0.26562398995339415
0.26551329468135293
0.2655971497780042
0.26590226357261904
0.2655977301208657
0.2655653505020506
0.26567851279431326
0.2658531323085168
0.26557662788373926
0.26529293368936374
0.26564036251691164
0.2657605822000285
0.2657924681618449
0.26576411228813446
0.26586794309357886
0.2660839179167079
0.2659414574637864
0.26590602768051524
0.26618739819949006
0.26638894007732933
0.2661225594391352
0.26594659513210783
0.26601226405474754
0.2662205446866756
0.2660418721306492
0.26589922980661157
0.2661072751217204
0.26630768392424414
0.2660899414337952
0.2657916904951742
0.26600141503123975
0.2659894590675362
0.26595827025759616
0.2658601037215198
0.26603828914182515
0.26645763336029477
0.2659603021576556
0.2659277927112432
0.26573864994783636
0.2661185482800477
0.2659180644582844
0.2656526454952758
0.26590000098684996
0.2659347571845127
0.2658739411321401
0.2656678635453584
0.2658920982976786
0.2659768692020825
0.2657801716648296
0.2657247004733604
0.26587982515110736
0.26599802355178515
0.2657831286799628
0.26562841977228835
0.2658088659614255
0.26592794404424314
0.2658136713557731
0.2655511022582572
0.2657890368691022
0.26590417959147433
0.26584474554897736
0.2658234137581994
0.2659490889416127
0.26621512431929584
0.2659500154975138
0.26585375165349595
0.26600981243825167
0.2660563689182853
0.26614105634773894
0.2660347704427195
0.26625127905135093
0.26625233283305777
0.2661038682106731
0.2659347041723991
0.266112759916311
0.2663517128044057
0.2662107901015485
0.26587405598056346
0.2661611031590076
0.26626716779302734
0.26636831274661765
0.26624975170088755
0.26628113873692116
0.2665799234188579
0.26618193096335996
0.26632199848322025
0.26639309721615834
0.2665426975109218
0.2663661142116386
0.26616519604718175
0.2663058442664648
0.26628541416278084
0.2663908159645139
0.266354739098014
0.2664204336824095
0.26654168660313915
0.26623411724715706
0.266199414321893
0.26628861263680226
0.26647512050710026
0.2661270717787167
0.2661137054848523
0.2661878528200089
0.26629885869959535
0.26623907007116693
0.266106101559448
0.2662006278745774
0.26632664746685136
0.26631072176086606
0.2660084758477906
0.26617878172922954
0.2663680779524399
0.2662153157999195
0.2660200381288787
0.26620395304880184
0.26604576951156084
0.2660005762988815
0.2661250914243173
0.26595492273548405
0.26583782786583704
0.2660110237519867
0.2660559845287153
0.2660495185507802
0.26589853806125296
0.26609160738273197
0.2662393989534137
0.26592354872858814
0.26593981172964437
0.26596945790764204
0.2660036595739879
0.26586436862145557
0.26588147468045226
0.265900592363818
0.26611513550580373
0.2660794843261365
0.26585270328769717
0.26595332174584924
0.2659440158233012
0.266051467907976
0.2659069784637516
0.2660849562597904
0.26613433639350637
0.2660331756394525
0.2659201502127548
0.2659858056290432
0.26616855445977294
0.2660309401077872
0.2659169502071648
0.26613386868390004
0.2663053396577993
0.2661970789342373
0.26587514591011513
0.2660293377638905
0.2661767614218391
0.2660123825313121
0.26598165452705747
0.26590290750488865
0.2659836417054029
0.2658892359595208
0.26573451934580655
0.26590999329194587
0.266059675867453
0.265769601296819
0.26567579329855934
0.2658267491857197
0.26588269132548
0.2655719966709867
0.2657178632711028
0.2655912601734264
0.26545028006356297
0.26564622343363153
0.2657350567137923
0.2655499080562799
0.26557732636631387
0.2656528796359219
0.26578269058174614
0.2655910902929402
0.26562413900013115
0.26573971423447473
0.26593338567753766
0.2657396490811311
0.2654520083617989
0.26544726895984494
0.26553979888510754
0.2655375751830662
0.26525853616299827
0.26539423279211805
0.26562007157603534
0.26530830944474554
0.26519641566736885
0.2653735981815307
0.26549914485216547
0.26532234044004116
0.2652842825559453
0.26522673734280855
0.26528995830643454
0.2650705533426465
0.2650389904416359
0.26507960430180844
0.26521200793616223
0.2651662770094936
0.2648959707079538
0.26510000009967194
0.2651957696841774
0.2651762338169816
0.2651086441439442
0.2652256322096036
0.26536052319326003
0.2652606049389574
0.26505101910366774
0.2651770970832555
0.26516603468325434
0.26514364958951847
0.265162552247219
0.2652043319757209
0.2653141070011472
0.2652131499257275
0.2651314641457773
0.2652971765349004
0.2653776254000719
0.26532997726008195
0.2652168203610544
0.2653163333900866
0.26547095791749187
0.2652024519111969
0.26501012670165014
0.2652013597329471
0.26529605622990243
0.26521179438816905
0.2650588285367723
0.2651186239276727
0.26531066644507295
0.26513984067326984
0.2649891816968501
0.2651127751597565
0.2652716174153024
0.2651580510302331
0.26488650002373454
0.2650361645013787
0.2651266577906942
0.26504461349738684
0.2649380314623298
0.2650611661844688
0.2651481799440921
0.2651434569978793
0.2649676303643381
0.2651582365342674
0.2652674746875522
0.2651498726681634
0.26517321164134067
0.2652323281446136
0.26540083631995887
0.26530707707741863
0.2653296014607771
0.2654252056887727
0.26555866638541803
0.2653138546555412
0.2650879923289473
0.26522958905766186
0.2652530612127921
0.2652446478818737
0.2650375093502006
0.2651676407917904
0.2652922779185688
0.2652026403787183
0.2649655961610196
0.26516794909729563
0.265186166750565
0.26527415521611303
0.2653084831005499
0.2652629891448944
0.26519963620602305
0.26529827689713714
0.26533537770987786
0.26524204931656004
0.2649655806930826
0.2651014111712603
0.2652184902539157
0.2651407983625406
0.2651678552673039
0.26517243430924126
0.2653248677765054
0.2652014442783745
0.2651074856095137
0.2652489363681752
0.265259716543538
0.26524748102150975
0.265155782193539
0.26518727179131396
0.2653280433389843
0.26533222081114693
0.2652360311499336
0.26534845910952043
0.2654673631047804
0.26534160033315957
0.2651661868993844
0.26527073127209566
0.26532162597154585
0.26527522942964943
0.2651760688252349
0.265331607471224
0.26544166058750607
0.2652906272724252
0.2653653651649768
0.2653961090730978
0.2654864899641384
0.2653322514353032
0.2652905246111613
0.2654422971692068
0.2656006712404834
0.26538185026184097
0.2650872457274266
0.2652609578527396
0.2653337406910299
0.2652276734273641
0.2649543718691145
0.26523694702486217
0.2650565007212138
0.26517413507327636
0.2653022541915311
0.26518483634553563
0.26502571790214235
0.26509162089605015
0.2651780972917709
0.2651742442915205
0.2651556782137173
0.2652435228513757
0.2653316392234405
0.2652567237304574
0.2652160928859364
0.26527784477738137
0.265402749247996
0.26526299299907724
0.265119398428289
0.26527823037797477
0.2653176163564907
0.265272509673192
0.2652490100539701
0.26537153853191675
0.2653533077485236
0.2652530580338554
0.2650908803140414
0.2652248130452857
0.2653353364320484
0.2652970386586265
0.2652069056045142
0.26524434444507594
0.2653472673465856
0.2653871194500706
0.26516317586245414
0.2653210103523568
0.2654702406019538
0.26528759700957033
0.2651605965810872
0.26531244992656894
0.26537591591136106
0.26525837746102615
0.265281781676538
0.26534727619804854
0.26546649483303053
0.2653064243430689
0.26519862722566195
0.26535380456443347
0.26540977487330214
0.2654216971340028
0.26536993171084206
0.2654397406384019
0.26550797291161227
0.26552213502651817
0.2655124173283514
0.2656084765250445
0.26575042723155196
0.2655692596263151
0.265429708509456
0.2654796748749357
0.26550009295414684
0.2654918757363658
0.26530997615715546
0.26545299464211375
0.26553268075357855
0.2654987491064191
0.265424236788288
0.2654606951124317
0.2655456558997209
0.26543032592763943
0.26531563217053106
0.26548846563443673
0.2655795561533581
0.26532471855419565
0.2652060322178197
0.265310205769377
0.2654474796839648
0.265351706195045
0.2652967562315739
0.26534495081610027
0.2654378394850847
0.26536633648870567
0.2653462625773277
0.265455094128982
0.2654984480958513
0.26540248898595553
0.26524058582707516
0.26533849521938085
0.2654131283579406
0.2654058393142701
0.265268638075198
0.26536729760067573
0.2655120053018829
0.26531037582884937
0.26533632334271007
0.26534329273097457
0.2654473247414613
0.2653834533803076
0.2652210179091296
0.2653247139122317
0.26534859723972387
0.2654007480104994
0.2654935088661975
0.2653075313621005
0.2651527180182276
0.2653082241534184
0.26538629975544237
0.26531624951544636
0.2652482200132371
0.2653271205006662
0.26539937878908804
0.2653706350992742
0.2652203214576484
0.2652495936859614
0.2653601265574545
0.26527910585990044
0.26520714469270407
0.2652488754955502
0.26536088406466635
0.26532669834370626
0.26523608776447394
0.2653766090459486
0.26548361914884117
0.2652656965317638
0.2652428505644886
0.26532983855822984
0.2653722581896926
0.2651977227909137
0.2650759956093306
0.2651948610997953
0.2652501322203699
0.2652038635890528
0.265077427126326
0.2652026475551392
0.26527293151625725
0.26525998403788287
0.26529042525389407
0.2653367433617846
0.26544653847944105
0.2652711674402029
0.2652237010800305
0.26527021661070227
0.265332460042887
0.265320899104959
0.26518679867879213
0.2652507161218601
0.2652970720578214
0.26523938185887413
0.2650741331178491
0.2652107437570068
0.26529471256184317
0.265277818996054
0.265247071426966
0.2653164137246149
0.2653515910474324
0.26532508710620434
0.2652605679332607
0.2653824734417555
0.26542167914397785
0.26530995688236486
0.2652676641117025
0.26533102185734586
0.26534197186913533
0.26535389268887977
0.2653141572038031
0.2653572046678898
0.26543540171544533
0.26534734801414317
0.26529748760275446
0.2653179822221421
0.2654868096627574
0.26527653284753383
0.26516528895614944
0.26532909852445397
0.2653714406657367
0.2652884721593632
0.2651875200786127
0.2652549583183067
0.2652631332151679
0.2652736244946969
0.2652589130794449
0.26527656616650214
0.2653937252147755
0.2652848948818543
0.2652534447923437
0.2653187921985215
0.2653681613606801
0.26533026018700406
0.265194642529581
0.26529463938503894
0.26537653530190075
0.2653361742605977
0.2653047406165333
0.2654042532002582
0.2655050456075546
0.265440319377633
0.265429312735177
0.2654627256855712
0.26551212348838127
0.26543559415898305
0.26541379519341546
0.2654189879691269
0.2653870079127056
0.2654421206469977
0.26556655126427486
0.2653760620589342
0.26523583746758367
0.2653634082830852
0.26539271174966744
0.26532182035562457
0.26534637983287096
0.2653552361174287
0.2654478040497077
0.26535267456116746
0.2652681454337798
0.26532113383822664
0.26538163807737525
0.2653561709700699
0.265249589009753
0.2653216733729719
0.26540251591852815
0.26532141594394554
0.2652549099248816
0.26536380255144554
0.2654213970178092
0.26537694986222726
0.2653483068660803
0.26537332436618255
0.2653977652571969
0.2653570246771617
0.26534112120796194
0.2654024750029284
0.2654450460694455
0.2654085233140669
0.2652930838361057
0.2653706999843428
0.2654046936438234
0.26543328018047246
0.26532297914344233
0.2653704008117834
0.26547990296898805
0.2653550460048549
0.26524992596822816
0.26536665839704293
0.26547659660870493
0.2653849681470128
0.2652611289326613
0.26534490063231747
0.2654468066539162
0.2653695147527088
0.26535982671202635
0.2653936598500236
0.2653674625113465
0.26541773176577854
0.2654417336421776
0.26539015349088724
0.2652236662892322
0.2651983598599769
0.26529262528531705
0.2652156902729619
0.2651630977678742
0.2652435020082244
0.2653284484178417
0.2653162374329011
0.26522096542891155
0.2653091653411385
0.2653316001834051
0.26536172622900395
0.26535249279682094
0.2653738605940561
0.2654244514291057
0.2653244350721229
0.2651601593072395
0.26526721520548613
0.2653402367924323
0.2652301557455667
0.26522261931158586
0.2652888010197765
0.26536793555304367
0.26528850392717745
0.26527042989909844
0.26530685245477537
0.26538140309892183
0.26528900410121226
0.2652078981476694
0.2652243417781504
0.2652650863959336
0.26522150381550325
0.2651411526044812
0.2652227640900831
0.2653199370415757
0.26524704893681084
0.26510555200381397
0.26522035835235114
0.26531057560262156
0.2652375519263732
0.2651690010274892
0.26521374733203695
0.26526938047492427
0.26520108934595676
0.2651197857749816
0.2651986627965325
0.2651780931580848
0.26521803829882995
0.26528140604962186
0.26512371542737206
0.2650411053726835
0.2651044821569052
0.26517429594676917
0.2650657942028966
0.265014428461759
0.2650446472566321
0.2651459733135366
0.26511054809113194
0.2650643131266683
0.26510705738542945
0.2651766258374897
0.2651535843204763
0.2650564726254152
0.265095827191839
0.2651599732064224
0.2651200917079683
0.2651533665216828
0.2651559986641934
0.2652217325590272
0.26524158147658056
0.26509960369100743
0.2652037175243678
0.26524592990624407
0.26518756600454485
0.2652050203415437
0.26524273011562277
0.26530655872549935
0.26520238242269434
0.2650620944800047
0.2651492729078019
0.26521170261936694
0.26525952681359594
0.2652166620718677
0.26524461805477995
0.2652562461063639
0.2652818767318645
0.26520598320153643
0.26528525217432547
0.26518557969179163
0.2651722615956481
0.2651334675202903
0.26518833643370593
0.265238248188427
0.2651913906990412
0.26508634767820144
0.2651497490578375
0.2651877968865722
0.2651072277512909
0.2650420476660895
0.2651183118920122
0.2651723284173892
0.2651689438475923
0.2651210486820035
0.2652051026192633
0.2652043640282937
0.2652289879136604
0.2651299435202236
0.26519286592177543
0.26528092844019985
0.26515418029296883
0.26506790959820264
0.2651160875756074
0.2651871119627681
0.2651480895924709
0.26514926859796345
0.2652025648979165
0.265226157592578
0.2651994660068921
0.265172236496255
0.26526754803786284
0.2653183733782404
0.26520254841354074
0.2651084286108348
0.2651697231336566
0.26523097293029696
0.26521721960345634
0.2651449110008294
0.2652024966523201
0.2652419602609134
0.26519188405954447
0.26519035098719196
0.26520991325272225
0.2652654843786352
0.26515891430837757
0.2651469431789278
0.26521360538267647
0.2653224327395737
0.2652312238458699
0.26516296949978435
0.2652210332318027
0.26528999679909654
0.26520127673924043
0.2651094055483483
0.2651416464362251
0.2652001052464269
0.2651636388671816
0.2650470689436513
0.2650927658226763
0.26515222914844094
0.2651550510732865
0.26512348316945045
0.2651744667616451
0.26527397018659393
0.2651264885071623
0.2651366881452392
0.26516848722802383
0.2652366553969748
0.2652021666788537
0.26514959888432477
0.2652072880297507
0.2652650073375698
0.2651758837790203
0.26510443833286124
0.26507716764970374
0.2651027828553459
0.2650820969932564
0.2650420209344751
0.2651222956510978
0.2651832471190681
0.26509116540398014
0.2650491733335664
0.2650773978134842
0.2651553862266997
0.26506948573268047
0.2649590073592993
0.26502433470261194
0.26501921186411576
0.2650616738831228
0.2650779831866183
0.2651043940173566
0.2651671052662179
0.2650949089727596
0.26502021890790595
0.2650867895198345
0.2651208977743778
0.26508984407349967
0.26505672464991914
0.2650800810272743
0.2651031262433012
0.26504659200782
0.2650409937248965
0.2650934910398692
0.2651483876780988
0.26513876481796805
0.26508444318483443
0.2651406748857383
0.26515931814124105
0.26515031777009723
0.2650751652496225
0.26512696311725237
0.2652037060943443
0.2651169333051661
0.26509569150746587
0.2651191474200008
0.26517542163267416
0.2651273479660377
0.2650390824715264
0.2650917986910203
0.2650861951047388
0.2651114520193081
0.26514914130431283
0.26513099896155445
0.26521406097882605
0.2651518784967654
0.26511161157707414
0.2651325498646113
0.2652061661843178
0.2651258939912934
0.265009924230109
0.2651235082178695
0.2651393246662123
0.2651108743425847
0.26501135810942095
0.2650858526560219
0.2651276193362596
0.2651162009635864
0.26511791022073916
0.2651277232467455
0.26514720911772366
0.2651166652298204
0.2650510216373624
0.2650789681375513
0.265134761177393
0.26505350696019425
0.26497391199055065
0.265078828742553
0.2651242978475294
0.2651445801261856
0.26507485123208097
0.26514966049407945
0.2652241968563157
0.2651440259605651
0.265082594107466
0.26512393936517054
0.2651832193885081
0.26514125155600476
0.26518794327341055
0.26510375990674284
0.2650001053792229
0.2650801915318986
0.26510441875171825
0.26506021702242744
0.265002382544123
0.26507576515523623
0.2650965224427277
0.2650333183766433
0.26498891661762136
0.2650546002725927
0.2651526044065265
0.2650517676328261
0.2649982693346116
0.2650612512912597
0.26510355831816645
0.26507127871350983
0.2650378579240234
0.26507347014372123
0.26510486650800497
0.265076518825424
0.26500519743387563
0.2650477943638547
0.2650874232791913
0.2649964045026306
0.2649563072612706
0.26502327049661595
0.265066804501677
0.26505373021410544
0.26499504537557866
0.26505970236559523
0.26509077991751606
0.26509930395429243
0.26511019767312843
0.2651026028832335
0.26500191262453526
0.26496921493660214
0.26493268024306876
0.264984662681769
0.2651038374845277
0.2649661066437626
0.26487117812299454
0.26493736043456523
0.26498870528279833
0.2649957540313862
0.26490363521718246
0.2649557627189703
0.2650097006703013
0.26496830754682354
0.2649430705091555
0.2649841739003245
0.2650459493896078
0.26498970486664813
0.26486337547844213
0.26497242041147323
0.2650060650921965
0.26502054741199677
0.2650206668972194
0.26506980996751406
0.26500930215983576
0.2649562927249174
0.2649792164523793
0.26497980718570585
0.26506904007951904
0.2649851662930202
0.26491866432495237
0.2649695678390939
0.264968339399732
0.2649210087886582
0.2648660627672576
0.26490193824505615
0.264914664238598
0.26489687644718146
0.26488570776947223
0.2649261744577659
0.2649871426764948
0.2649592646892611
0.2649190570712734
0.2649790596301705
0.26504852377420207
0.2649453946978802
0.2648694659376763
0.2649212059511065
0.264961270099441
0.2649082903763833
0.26486199440623426
0.26492462414311085
0.2649432722259876
0.26496257498940107
0.26499429173632943
0.265045712307057
0.265078116002563
0.26498861943696095
0.26493653593207217
0.2648948561403997
0.264959749823528
0.2648564912435892
0.2647256923403469
0.2648008645249124
0.2647070259927816
0.2647660104521249
0.2648166773368952
0.2647407442175795
0.2646744373059289
0.2646942583089498
0.2647307663553489
0.2646909799631715
0.26463890129280393
0.2647070215832387
0.2647583168556768
0.26472526105997807
0.2646682435878393
0.2647326759123532
0.26477380949302143
0.26471260949853065
0.26464920962799277
0.2647014173907384
0.26475864779108677
0.26472469291267126
0.2647268473359229
0.2647574294291874
0.2647714437681468
0.26469229820151813
0.2646369428063232
0.2647108580503051
0.2646565771670904
0.26460427656108104
0.26455781977448817
0.26461624139428497
0.26465563862295466
0.264603948533605
0.2645832056350057
0.2646211750378356
0.2646963771634495
0.2645939010897208
0.2645802898283258
0.2646164620669003
0.2646567216880933
0.2646291583998951
0.26460524621089415
0.26464532849131783
0.26465082150580743
0.2646602921281798
0.2646265617642364
0.2646675682381534
0.2646943216097967
0.2646681808603564
0.2646334056268635
0.2647002910324827
0.264691471790201
0.26472236681035527
0.2647747073801268
0.2647247150816989
0.26465871965437354
0.26471334272956665
0.26476630066457374
0.2647495575889512
0.2646616284726836
0.264708360628175
0.26474041003804
0.2647397624099669
0.2647003310066184
0.26470672978989407
0.2647303230041171
0.26463145145710265
0.2646001483673
0.2646527759456048
0.2647091593824409
0.26463464929851316
0.26457878295009774
0.2646335986909209
0.2646207425150673
0.2646323128182219
0.2646213444745477
0.26467122615719807
0.264702576476025
0.2646087197059847
0.2645740539460998
0.2646246969106419
0.2646730696425538
0.2646553684550803
0.2646582180585214
0.26470529141478677
0.264748047537964
0.26471758540624096
0.26469781482495897
0.26472254884482205
0.26476222972502744
0.2647495888235747
0.26470589906210296
0.2647492139467062
0.2647614565568653
0.26473671153214134
0.2647426255308574
0.2647667074579389
0.264814425171213
0.2647390297727931
0.2646943686788853
0.2646452334151621
0.26460353633257305
0.26463947781080055
0.2646573340492567
0.26465394431968303
0.26465432485904894
0.26468065861227846
0.264746248865094
0.2646663756569181
0.26462202511442107
0.2646615527815368
0.26472741763329466
0.26465518727772785
0.2646138610037675
0.26467062389227647
0.2647039333840016
0.26461301499272755
0.26456971346182756
0.26459680437125466
0.26463501223273195
0.26461808168156786
0.2645686679882946
0.26462150803770407
0.26470726161624825
0.2646085461810475
0.2646125330717204
0.2646376415034601
0.2646986257605948
0.2646324233883438
0.2645968555222861
0.26465173365532646
0.2646655196598326
0.26466185090793504
0.2645870549003399
0.26457003774795607
0.2646058922178698
0.26457932058436817
0.26455728626676583
0.2645838932097022
0.26463743349828767
0.2645596721545033
0.26445634807101026
0.26450362293567276
0.26454144535240975
0.2645462589420765
0.26449313249964795
0.2645381625042776
0.26457162187598565
0.2645538412206875
0.2645238243640278
0.26457198437851664
0.264513080140575
0.2645824502328337
0.26459142227908705
0.26456973195704303
0.2645408735410846
0.26459307778218155
0.2646088993358837
0.264582489291367
0.2645476981432498
0.26457397965978546
0.2646126382747302
0.2645383336413508
0.2645083737994855
0.26456129929399624
0.26459364839001465
0.26458504094229046
0.2645573522298038
0.2645595923480782
0.26457003371514753
0.26457793272462876
0.26457851145756694
0.26461461117563945
0.2646135507477184
0.2646213560236323
0.2645592473884261
0.2646066570760455
0.2646595248277607
0.26462522656224796
0.26454305007269263
0.26460453161270236
0.2646527130850275
0.2645781942829438
0.26454945236902466
0.26459707205179567
0.2646096215218851
0.26460999818266007
0.26461339586745597
0.26461310296823415
0.26464959627908063
0.26463352204484836
0.2645241284615146
0.26461545002053405
0.264652543548977
0.26459859267319397
0.2645558388203174
0.26459243359789847
0.26467748436973776
0.2645667607408261
0.2645287227625217
0.26457097382393147
0.26462279495213126
0.26459333952486996
0.2645777844467729
0.2646202395748122
0.2646578586955133
0.26462483751620064
0.2645817401329149
0.26459640608059737
0.26464145287007285
0.2646188993134781
0.26455854341788965
0.26461775719386765
0.2646442010255984
0.2645998622138163
0.2646057487946723
0.26464270329820616
0.2646783020251436
0.26462143920534553
0.26452838868107864
0.2645784279782186
0.26459074376841163
0.26461043724335903
0.2645786302557168
0.26461506535435353
0.26465771174726294
0.26461360110473
0.26459110022638865
0.26462612788147555
0.26466484762539155
0.2645901144920789
0.2645805341751851
0.2646274712001987
0.2645877409146122
0.2645700197745014
0.2645345812012465
0.2645426702290569
0.264580736715951
0.26460510416193417
0.2645913714940019
0.2646199764026752
0.26465517057092725
0.2646411205646603
0.2646219216385363
0.26464504258880867
0.2647226352420019
0.26465722307542716
0.26458905265171917
0.26464850330590295
0.2646730017145926
0.26460283678519864
0.2646247226979584
0.26454549612632033
0.2644941941723988
0.2645404924312643
0.2645741128203914
0.26455358575170507
0.26449500950821514
0.2645281703353769
0.26449372199028304
0.26450652072598535
0.26441575261256006
0.26443496967186636
0.26450041668987123
0.2644803893473883
0.2644630167201963
0.2645053043632096
0.2645394267912507
0.26451919801874735
0.2645539048662694
0.2645800082975209
0.26462633891684906
0.2645760244380357
0.264518524229987
0.26454664587351917
0.26455820769145133
0.26453087988056606
0.26449457302963447
0.2645314638074628
0.2645588753274293
0.26455564126269576
0.26454115324671335
0.26454079487158044
0.2646087320372913
0.2645534537321807
0.26451066019889297
0.2645486616114328
0.2645875853492014
0.2645681999250281
0.26451530075480517
0.2645525161926323
0.26459522437332755
0.2645454071880451
0.2644946475056411
0.2644574914797055
0.2645029807620671
0.2645184854498702
0.26449359814421736
0.2645372936456116
0.2645526916377372
0.26451409686753513
0.2644762803951609
0.2644969770481549
0.2645145649282959
0.2645397951281827
0.2644836350795927
0.26452083814013927
0.2645367497147824
0.2645432055678161
0.26453221854393044
0.2645790516575792
0.26459286250267394
0.26457416611176154
0.2645290939707814
0.2645565974012115
0.264612724307174
0.2645782687748766
0.26448131502372635
0.2645624647579195
0.2646122033387624
0.2646033464941154
0.2645758934230292
0.264591878685373
0.2646157893669569
0.2645453866024916
0.2645699378272045
0.2645824417697874
0.2646328484800696
0.26457167663279135
0.264516526099126
0.2645201678841898
0.26453915188421656
0.26456262667781
0.264518532725199
0.26455962234551456
0.2646149661252532
0.26456998625103023
0.2645250823666516
0.2645753102687096
0.26462799164340983
0.26459255228337814
0.26458589825124995
0.2646133271371208
0.26461822972488247
0.26461199988219763
0.2646262374668698
0.2646257129523725
0.26464753896966225
0.26463675188393004
0.2646325353865712
0.26461996623852846
0.264536925953973
0.2646038200136409
0.2646126859609013
0.2646437461949561
0.26460884084267033
0.2646318791367252
0.26469239823805457
0.26463500537051954
0.26460790636549725
0.2646182055085709
0.26467045042445797
0.26465742867687847
0.26464131056802914
0.2646530961187513
0.264678694963451
0.26467430702222894
0.2646510175589777
0.26468614445168415
0.26472011447270816
0.26468648447011506
0.2646344979635807
0.26467336052394136
0.26472823051330463
0.2646725556746903
0.264606218309674
0.2646322485512485
0.2646425822458812
0.2646539341865422
0.264654596935722
0.26467424742567375
0.2646342595475011
0.26460451867779067
0.2645500747290725
0.26462033898229537
0.2647003488166523
0.2646339378621917
0.2645617188596484
0.2646048313202328
0.2646162068157025
0.2646207733402159
0.26458115791421116
0.26461161884005296
0.26463507153913857
0.2646254469578971
0.26459765299377375
0.2646254049688399
0.26464203109368345
0.2646212030610241
0.2645440918512349
0.2645590831957129
0.2645481602963076
0.2645745582920904
0.2646331716913213
0.26456872463729886
0.2645405470476059
0.26458306316079744
0.26459063650871145
0.26456852885815607
0.26454201317097165
0.2645876954234515
0.26457441821281347
0.264560200233007
0.2645461512759148
0.26457772434229154
0.2646166192816468
0.2645876607783161
0.264549149549876
0.26458884564524804
0.26463345337078853
0.2645843508728191
0.2645351765171979
0.2645785836191595
0.2646372044373806
0.26458356586204806
0.26453389248048276
0.2645855884852003
0.26460517166289943
0.26457574637068465
0.2645269444251532
0.26452736001512206
0.26457036873892
0.2645323873841669
0.26446375547939793
0.26451978739572546
0.26453138291678185
0.264512855533727
0.2644955599051217
0.26453353856984607
0.2645627120482183
0.26451331652881976
0.26449795746376636
0.2645590490688042
0.2646034828001554
0.2645474801492659
0.26452918146929133
0.2645697877661944
0.26451735471597015
0.2644647129353621
0.26440832728997715
0.2644425159156584
0.2644559430480934
0.26441458090124614
0.26439407476908167
0.2644370296182745
0.2644606868824703
0.26444030189783074
0.2644110692641627
0.26446945923030063
0.2645200015210283
0.26446292376974984
0.26447339179892126
0.2645121498204982
0.26457124063000137
0.26450925835199
0.26443974219700056
0.2644939954572687
0.26452288668910956
0.2645089804161623
0.2644970010843985
0.26451722206877926
0.26454237643473705
0.2645387875164516
0.26453465469690335
0.2645598799626423
0.2646002736447798
0.2645535813309339
0.26447479446562067
0.2645303314742171
0.2645730955903237
0.26448733211904374
0.2644244635829037
0.2644893298778955
0.2645435785218096
0.2645107980939519
0.2644675596078764
0.26451028599171916
0.26451767753902006
0.2645132839661418
0.26448980635093156
0.2645191682549682
0.2645385909493071
0.26446979976877644
0.26440605737553813
0.2644561377203154
0.2644726532489445
0.26446385086129526
0.26443102852211564
0.2644612411555388
0.2645074756904969
0.26445020912669687
0.26442009733099997
0.26444817327173176
0.26451194172741566
0.2644642979493157
0.2644142089658623
0.26443844624919094
0.2644765019909387
0.264452147164803
0.264377867420272
0.26442643772838387
0.2644548081405339
0.26442369381697384
0.2644227887234158
0.2644335577350562
0.26446982023214766
0.2644271897236862
0.2644329351475864
0.2644539599725013
0.26447998163548614
0.26444412260315736
0.2644324421985504
0.264445791434805
0.2644822541944102
0.26442320043053236
0.26441438891680885
0.2644430358557358
0.26447205433344606
0.264442336864584
0.26438589098155685
0.2644076525060444
0.26442409861527366
0.26442165060332895
0.26437597719192407
0.2644331299539319
0.264456478761422
0.26445666971090614
0.26444617454634445
0.2644687708173912
0.26450823872491497
0.26447564077678803
0.26444197805502967
0.2644919081120977
0.2645221411455212
0.2644888136041343
0.26445035756089813
0.2645104973296378
0.2645433056966528
0.2644989241548086
0.26446959015242283
0.2644926897694602
0.26445524239054874
0.26445932042834003
0.26449228187046947
0.26447528400194403
0.26444669542260724
0.26447063050304653
0.26449674515880944
0.2644973813955798
0.26449384376649204
0.2645237291785341
0.2645427221214328
0.2645253480765662
0.264471225105563
0.26451438508073916
0.2645541855016269
0.26449607558153393
0.26451054087910364
0.2645198580083334
0.2645512193481173
0.2645070089664575
0.2644555210978553
0.2645076628701266
0.26452621893862577
0.2645441342150637
0.2644908811589678
0.26450760466266565
0.2645181685695402
0.26453543754295566
0.264514510070269
0.264555775651071
0.2645957398884717
0.26454620103143517
0.26452610506990376
0.26456177865263936
0.2645914382415258
0.2645257027849437
0.2645159245074231
0.26453440638516207
0.26456250239467854
0.2645368996231928
0.26447460589833377
0.2644501481467058
0.26447070353204044
0.26444006505098405
0.2644187518156085
0.26446742171285936
0.26450284535443847
0.2644866609982003
0.26446788676294414
0.26449819522166024
0.2644651153932432
0.2645036287326228
0.2645129206682523
0.26447048046624794
0.2644049641720562
0.26444971694594105
0.26447441781926223
0.26445134843836693
0.26444325036542027
0.2644526208259318
0.2645042658440999
0.2644960868122348
0.2644924932595981
0.26450247992433057
0.2645193674005196
0.26448410140951606
0.2644278898338052
0.26446706084950683
0.2644849508081912
0.26451509785255645
0.2644880391195168
0.26453497311590984
0.26456525951467397
0.26451940572053356
0.26447271158203733
0.2645016951217481
0.2645448569285772
0.2644974245247649
0.2644994925040671
0.2644488724185573
0.2644843604445117
0.2644733690879746
0.2644399438470725
0.2644632697433058
0.2644659994453745
0.2644473224876207
0.2644085203407158
0.2644570624290352
0.2644675974102754
0.26445494465402913
0.2644520074042777
0.2644598018397088
0.2644926485152658
0.26445119089970487
0.264423364431684
0.26446079949209994
0.2644762715141575
0.2644481675164581
0.26445094980905637
0.26448427096056415
0.2645172018924272
0.2644359136637222
0.2644344762379321
0.2644708758205207
0.26451505943472087
0.2644918695741251
0.26445254503983623
0.26447656339944836
0.2645102060911264
0.26450395786737413
0.2644890552308271
0.2645135179000303
0.26454883034197474
0.2645408369315206
0.2645385682534376
0.2645641790166806
0.2645738059018895
0.26456647352032975
0.2645185406191032
0.26452736590972786
0.2645702379591834
0.2645412975557295
0.26450810058938595
0.2645503231553477
0.2645656294217492
0.26456761036543347
0.2645225523483132
0.2644875222391618
0.2645076577661322
0.26450770211577423
0.2645116663529811
0.26454905383096405
0.2645775468575684
0.26453415133070296
0.26451961122579043
0.26455753419653677
0.26459277821956045
0.2645658477603315
0.26452128718934775
0.26454951596056653
0.26458906412909383
0.2645279007896866
0.264503432323029
0.26451983313443334
0.26454251671122575
0.26448872374419585
0.26444919633728037
0.26448036936015007
0.26450458549268635
0.2644932801373157
0.26452819723316456
0.2645032023373129
0.2644420259661335
0.26448942968087524
0.2645233240851863
0.2644898398036993
0.2644770241631497
0.2644840820223978
0.2645365572746339
0.2644694563719602
0.264457614949122
0.2644026900092778
0.26442064516016084
0.2644009331948012
0.26437197032855636
0.26439811995176693
0.2644107911849725
0.26442493532707734
0.26439297220019076
0.26442272192471417
0.2644560620257606
0.2644615876062724
0.26441101901629355
0.26445626007103534
0.26447970024361284
0.2644505039665127
0.2644190443444077
0.2644278743241359
0.2644517125409707
0.2644324075906875
0.2644459162930648
0.2644664032058005
0.26449563946553273
0.26450218044204094
0.26451262686928423
0.2645144039744224
0.26454446262590253
0.2644996575271312
0.2644540301137653
0.2645089605978206
0.2645341820536628
0.26448618473904023
0.2644512387464267
0.2644856802571587
0.26450001178058585
0.2645116564148992
0.2644983278159991
0.26450821585904516
0.2645233866089522
0.26448040759886554
0.2644825228114918
0.2645020038703463
0.2645404791847271
0.2644791414118816
0.2644614766747144
0.264481089285341
0.26451028018509204
0.26446729362066596
0.26443644622224793
0.2644658334143655
0.2645026269545615
0.26448742893894023
0.264472554686195
0.2644739322224697
0.264479457354798
0.264484227041564
0.26446432929874186
0.26448887250332614
0.26451140752504404
0.2644958968928053
0.26447503716910586
0.26450845383744687
0.26451064757071974
0.2645196291474574
0.26445973584578153
0.2644794904512108
0.26446335199737764
0.2644313411806187
0.264430907316465
0.26444873974405936
0.2644958297647838
0.26444598831348415
0.26438590563120135
0.2644194907965719
0.26445423321965605
0.26444702730418024
0.2644212328071155
0.26445054060928974
0.2644566264706131
0.2644268456690104
0.26442409314855353
0.26446513447438913
0.2645006294564185
0.2644684285519252
0.2644656825789918
0.2644882228272214
0.264511524942388
0.26448198780308135
0.2644482192587562
0.2644836927381639
0.26449353692770833
0.26448780786516646
0.26445356835242695
0.26448971694822265
0.26452637040729443
0.264485569843437
0.264469930104891
0.2644654641959136
0.26449367908333915
0.2644758076343784
0.2644504969314799
0.26447841633250574
0.2645208683605589
0.264496783808106
0.2644409222269623
0.26448966759643944
0.26452479841376964
0.2645029559281785
0.26447109141606606
0.2644977642685963
0.26453488140057885
0.2644814752606744
0.26447679449606243
0.264489192653612
0.2645378311439679
0.26450767170155004
0.26446435766449894
0.2644927453777057
0.2645067185656767
0.2644696778938326
0.26443630042125
0.2644481789894621
0.2644673563497619
0.2644594193280115
0.2644297541105834
0.264468626472244
0.2644984684178778
0.26450958201506175
0.26449558244478105
0.26451507443042166
0.2645495594385797
0.2645309333002843
0.2645117185042149
0.2645134610010062
0.26453215078758513
0.2645240126998665
0.2645348812554324
0.26455440928050455
0.2645769980258448
0.26453985394025264
0.2645478193183407
0.26456529009667473
0.2646082224959412
0.2645592630960113
0.2645105258054134
0.2645250123815499
0.2645701820009412
0.2645479021523277
0.2645221899038384
0.26454949841575287
0.2645579139349984
0.26456500953904016
0.26455834680434964
0.2645811324398291
0.2646089864678894
0.26462081693324013
0.2645796369388429
0.26459890254376534
0.2646196524630433
0.264606521854287
0.26458083556558937
0.26461310549922507
0.26464051023945423
0.2645883565514303
0.26457538821996796
0.2645870535009968
0.2646069158622511
0.26460499407443416
0.2645566329532403
0.26459710488298566
0.2646265515430648
0.26461625150367635
0.26458367518417114
0.2646180323108221
0.2646530086848118
0.2645647341966051
0.26455794411911504
0.26457314283500166
0.26460851870783414
0.2645626903885746
0.26451800087462696
0.264559289996711
0.26457563536284073
0.26458031362428297
0.26451185309500735
0.26454407383295575
0.2645846331224989
0.2645434865896165
0.26452565181601606
0.2645673997042272
0.2645377173861244
0.26454255784167796
0.2645622384164554
0.26456592573977433
0.2645624625820842
0.26457742092226644
0.2645886742007373
0.2645433383741418
0.2645306135371773
0.26454758410622625
0.2645762388951494
0.26455261019248755
0.26453282995456945
0.26454530189498277
0.2645777902851207
0.2645752782343291
0.2645620595922939
0.2645805126769031
0.26459093556092084
0.26458308310401624
0.26454971335292604
0.26455613888057944
0.2645856858344856
0.2645776749664403
0.26453213096952205
0.2645692746623394
0.26458308731778846
0.2645738616126699
0.2645996762653533
0.2646000820901569
0.264626241612632
0.2645884144651405
0.2645890079896507
0.2645995504587624
0.2646338998522854
0.2646051119257036
0.2645583960293124
0.2645951958762231
0.2646230009900338
0.26460515290603187
0.26458874653418585
0.2646061259654967
0.26462230427668965
0.2646150016149446
0.2645872301008867
0.2646296019769139
0.2646628626708696
0.26463364471058726
0.2645832070413074
0.2646146827058226
0.2646462484860588
0.2646334636573668
0.2646117321826482
0.26463204807045104
0.26463901099112314
0.2646253621199364
0.2646422160400236
0.2646468762510139
0.26466157121590944
0.264646074685481
0.26460702500230177
0.2646351880918867
0.26465264564551155
0.264636344974144
0.2645938835171363
0.26463061855598197
0.2646627947704162
0.2646470405426642
0.2646447860030189
0.26467599299634426
0.26470305458843607
0.2646573059206318
0.26462711826834606
0.2646468819552168
0.2646812580506483
0.26466765411714366
0.2646288247618627
0.26465337923001697
0.2646720983040646
0.26466039645284284
0.26465032006024064
0.2646564911332668
0.2646682131453427
0.2646562896298618
0.2646484096681139
0.2646755999723238
0.2647084820494822
0.2646634557311752
0.26466085448437937
0.26465926494192554
0.2646869845068076
0.26468888267432716
0.2646720096394714
0.26470872034466675
0.26471401019191054
0.2646854982979051
0.2646701855691759
0.2646827828214559
0.2646899016875214
0.2646586691691534
0.2646859352708635
0.2646713989124355
0.2646265945673088
0.26465785912541373
0.26469640314955895
0.26466466828107027
0.26465181545370847
0.26467704416857923
0.2646898449926412
0.26466339372816533
0.2646557586574392
0.2646822014914829
0.26472426113075403
0.2646603851463561
0.264606735797824
0.2646476146513184
0.2646657445403785
0.26465381290121975
0.2646489869514947
0.26464970789433534
0.26468690345058743
0.2646572981711334
0.2646088650333753
0.2646497809205649
0.2646658930114877
0.2646452511149064
0.26461096576697996
0.26465131002202946
0.26467041716263023
0.26463797489769986
0.2646217734160756
0.26463332177946197
0.26465071590992933
0.2646439209388263
0.264617328961985
0.2646491398961183
0.2646680932516437
0.2646613814120408
0.2646390436637484
0.2646588424751052
0.2646722595769716
0.26466263983196225
0.26462035342619633
0.2646515529777411
0.26466523126662156
0.2646588767182049
0.26467152515609
0.2646906985877761
0.26473180281813236
0.26468953927192923
0.2646305628100776
0.26467871507948443
0.26469930173225403
0.26464859660958456
0.2646411505935279
0.2646614029807469
0.264686604899151
0.2646623372135171
0.264632116590365
0.2646652400557705
0.2646843369516041
0.2646777661381367
0.26465499028123723
0.264679369718583
0.26470607001151203
0.2646716439298278
0.26463784089831394
0.2646781115605328
0.2646755733106283
0.26463560024775146
0.2646326488659168
0.26464154894618597
0.26467260158533373
0.2646344401406108
0.2646261897386578
0.26462668276345164
0.2646511636313415
0.2646413786688587
0.26460183875913007
0.2646472391365588
0.26465828620139575
0.2646638101542766
0.2646704614380192
0.26468864124471164
0.26472275065929096
0.2646827954072449
0.26467139162524783
0.26469135639145397
0.2647269459526889
0.2647219247797965
0.2646825728742699
0.2647029196320279
0.26470635779191715
0.2647040932710059
0.26470588375371634
0.2647282046831249
0.26472385472659654
0.26468893810683986
0.2646828578177582
0.2647108635976364
0.26466473043591565
0.26469195699848047
0.2647021219429529
0.26471118304805263
0.26470855043769814
0.26473036810259176
0.2647699684160861
0.26473390049554
0.26471072070619384
0.26473231230971844
0.2647366763871072
0.26474674766788825
0.2647133286883892
0.26471367881213526
0.2647524462776797
0.2647367016552098
0.2647083036384363
0.26473560766073523
0.26475127417066285
0.26473261595508507
0.2647265939718501
0.26474853645140145
0.2647735599226166
0.26477815362975704
0.26476705007833673
0.2647936857263595
0.26480765810691737
0.26478234095031833
0.2647607241218643
0.26477416155338473
0.2648172145718247
0.26476306159309126
0.2647360675690901
0.26476479728693547
0.26480184925191985
0.2647555800458853
0.2647212204214893
0.26475165995733113
0.2647691658551453
0.26476363552939003
0.26473773408882806
0.2647645441898739
0.2647668633941836
0.26477301487807825
0.2647604360506797
0.26477104268336654
0.26481333847416916
0.26477746021979975
0.2647590397517546
0.26477120306295204
0.264778019852663
0.2647973456752509
0.2648275519817261
0.26477830078833287
0.26474080563926333
0.26477701591352415
0.26479023071762475
0.2647612722070923
0.2647453052816079
0.26477099963285156
0.26478516213956793
0.26477672026664867
0.2647576189100339
0.264779124758455
0.2648014434520087
0.264794889172194
0.2647697820255886
0.2647411393390456
0.2647708973662824
0.2647292088433568
0.26469454483281746
0.2647281515442455
0.2647640715935499
0.2647392149997909
0.2647018133139842
0.2647355896073437
0.26474107079217074
0.26473671801402937
0.2647501245958017
0.264760161331345
0.2647609941999686
0.264739332988955
0.2646910576573876
0.26473204485316604
0.2647513168828606
0.26473008380528346
0.2647123114809029
0.2647244724889927
0.2647685924543863
0.26472094088485726
0.2647091449535496
0.264725194690359
0.2647448238496217
0.2647478718388777
0.26474267499523885
0.26475145709210957
0.26477621941030416
0.2647594154253517
0.2647268409272609
0.26475650575529114
0.264739597062758
0.2647556827840972
0.2647781271445379
0.2647502869065281
0.26472048832347256
0.2647445492976061
0.26478401580876804
0.2647354551482853
0.26470749457657516
0.26472794496333013
0.264759857875315
0.26472937187383944
0.26472553918913505
0.26473349704290844
0.264768304631842
0.2647420399392193
0.2647019523241916
0.26472432662347556
0.26472461562374344
0.2647230407438358
0.2646840664104658
0.2647330430277327
0.26475578443105735
0.26473585858355103
0.26473164999379656
0.2647413934302728
0.26478235643952724
0.26472869540212696
0.2647152695643176
0.26473218133471554
0.2647431349741598
0.2647236131745747
0.26470589752714424
0.2647224746167107
0.2647254570683274
0.26472618069280385
0.26468818028459185
0.26471858368056095
0.2647317783981294
0.26473976687239903
0.26472772160603264
0.2647261028942144
0.2647421662949456
0.2647202931554694
0.2647117754082563
0.2647441711859211
0.2647589991571523
0.2647255743820151
0.26470292151998415
0.26474735030690266
0.26478549079096675
0.2647442581214319
0.264733621717817
0.26476346333781503
0.26477080903137823
0.26474994140108743
0.26473192801804785
0.26475565816824154
0.26478234793047173
0.2647568968682227
0.2647290347490716
0.2647608356657351
0.26478438603733495
0.26475564593509987
0.26473439010105154
0.26473557969885086
0.2647557087297416
0.2647483167639115
0.26474781024908317
0.26476308690122624
0.264765653411144
0.2647682686162058
0.2647262145052894
0.2647608916310448
0.2647773454706609
0.2647759221559836
0.2647690142629959
0.26479028269798754
0.26480362179970096
0.2647690931149485
0.2647519818668864
0.26477949588658894
0.26480473642888913
0.2647848029289612
0.2647659705305062
0.2647937934618332
0.2648197407525949
0.26478673214289
0.26478872483853116
0.26480635628824056
0.2648435406013157
0.26477879765998596
0.2647563224295208
0.2647816035897688
0.26478565780528823
0.26477534133169095
0.2647166431509749
0.2647569382296089
0.264778351578377
0.2647760854418635
0.26476467792601815
0.2647680339197078
0.2647761817380834
0.26475780793344056
0.2647484965484474
0.2647718773737082
0.26478949148879266
0.26477126284852137
0.2647422065469942
0.2647706069225932
0.2647749800303923
0.26480475296239947
0.2647865848024288
0.2647932453636216
0.2648207782725372
0.26480841473388766
0.26479532233180697
0.26480946048785686
0.2648422006995976
0.26479650753845213
0.2647637090242728
0.2648039840204414
0.26481564438641697
0.26479652476334903
0.2647869909548853
0.264801741798087
0.26482099514546664
0.26479244305426014
0.26478256528658056
0.26480220657610437
0.26483152059361326
0.26480950362579214
0.26479866920420186
0.26482849828084876
0.26485155459413273
0.2648368410977331
0.2648032889214151
0.2648188011068836
0.26484137385870427
0.26480405298587434
0.26479699658982014
0.26481803059588244
0.26481538232377055
0.26482175460397406
0.26481309155717075
0.26483072157509535
0.2648605173085831
0.26483309001606764
0.2648130761146443
0.2648249214185505
0.26479757911435947
0.2648269687174639
0.2648533737910347
0.2648234457353756
0.2648069933936898
0.2648366662735405
0.26485746126546256
0.26484154020925593
0.26482898079488026
0.2648576563966108
0.2648722151970179
0.26487536636642145
0.2648479859589962
0.2648695686041217
0.26487761196353715
0.26486528918403324
0.2648661841348483
0.2648800509098455
0.26490725321070974
0.2648742881148198
0.264831896850301
0.26486128051876734
0.2648635100959227
0.26486744242078275
0.26483652255333295
0.2648640208162253
0.26485910414337405
0.26486330856921664
0.2648674467704654
0.26488059554310095
0.26490132318865595
0.26490015256912475
0.26486698900519
0.26489405963618196
0.264922359444911
0.26490445274333646
0.26483986202327386
0.2648568717063892
0.2648986701447271
0.26487842866920325
0.26485421000961157
0.2648782680921511
0.2649009967936385
0.2648788015494951
0.26486338228501183
0.26489156728902047
0.2648981603921601
0.26488180930733973
0.2648306417333608
0.26486231298335455
0.2648396680649134
0.26484893272324456
0.2648531761821291
0.26486042559587497
0.2648629090679045
0.2648691609145971
0.2648904380396946
0.2648800856050442
0.26486785844803995
0.2648917470016461
0.26492415909161143
0.26487844047966186
0.2648400745396498
0.2648712109118026
0.26488741901695456
0.26485521196308437
0.26484796115373715
0.26485357882978317
0.26487857165219614
0.264859449614817
0.26483971116393423
0.2648654631407576
0.2648865242892828
0.26488024150266737
0.26485783921607825
0.264881937716038
0.26491487382990253
0.2648962699933208
0.26485562655342904
0.26487756543521757
0.26490184860687116
0.2648658307324333
0.2648486928061586
0.26486197219561647
0.2649015551431328
0.26487350760076067
0.2648405362225088
0.26486737909381797
0.2648389466632161
0.2648436169981022
0.2647870889478568
0.2648216748159078
0.26482486566671126
0.26478397786642066
0.26478824297953313
0.2648004750497603
0.2648337598237661
0.26480409913559955
0.2647979132220515
0.26481203608296366
0.2647946558215047
0.26479924586879594
0.2648332823226523
0.26480514705793584
0.264771766529776
0.26479756899372375
0.26481725521234517
0.26481230212658907
0.26477704531545876
0.26477969935942197
0.26479436984060106
0.26480884433820656
0.26480646049868894
0.26481828111518657
0.2648403198208175
0.26481284488499757
0.264770605697315
0.2647966956801521
0.2648182545386371
0.26480374608934576
0.2647851522439353
0.2648138344351778
0.26482518369428515
0.2648085176568281
0.2647925515264106
0.2648161671403608
0.26483158126593737
0.26481641533375877
0.2647981760093422
0.264803622030043
0.2648232729596352
0.26482025834456574
0.26478038868873005
0.26481013137012255
0.2648378787010592
0.2648016127056037
0.2647936102667198
0.2648097249307513
0.26484511138635625
0.26481947389892246
0.2648347505129712
0.26485480624954066
0.2648542505525903
0.2648191679453478
0.26478881947207317
0.2648214130025455
0.26482636331673987
0.26481942843491035
0.26478530251496796
0.26482012475609584
0.26483485667740514
0.2648170251377173
0.26481226239304967
0.2648275041012837
0.26483859129865317
0.2648405104082125
0.26482940510453784
0.2648422370204028
0.2648499838599052
0.26484390093048504
0.2648244755177743
0.2648381936041988
0.2648732895809918
0.26483170905520154
0.264803671134812
0.2648309156131414
0.2648054497311465
0.26479868536324136
0.2647800215204082
0.2648022829945607
0.26480600782679076
0.264807634478692
0.2647989017439509
0.26480043734520636
0.26484012204970625
0.2648217895273294
0.26480953757938225
0.2648233650332008
0.2648371363588097
0.26481441805049694
0.2647908102321804
0.26482195007776754
0.26484347458393437
0.264793012881508
0.26473699464989375
0.26475587757163666
0.2647811368180173
0.26475912825793896
0.26474231247038343
0.26476926278605434
0.2647933373304786
0.2647656134762206
0.2647719315309826
0.2647862631341465
0.2648140130483419
0.26477868908795343
0.26475005097453475
0.2647747489431677
0.2647905906820944
0.2647844614983954
0.26481167178104004
0.264767252076418
0.2647353942799253
0.2647638033600947
0.2647817109471826
0.2647751609128573
0.2647651243043088
0.26478267814493756
0.26480040688077905
0.26480606460289163
0.2647980405635754
0.26481680052457945
0.2648249642820747
0.26480111084910773
0.26477005971536927
0.2648068559495941
0.26482586338330494
0.2647909398622547
0.2647525505753582
0.26477382123512505
0.26480572963789123
0.264779954878866
0.2647647086178457
0.26477931332030114
0.2648093533064415
0.2647659341798053
0.2647451865303001
0.26476788206073765
0.26472727954119224
0.2647349509755856
0.26470564671943553
0.2647295088785082
0.2647485543381875
0.26472406963257755
0.2647113739597179
0.26472039283407345
0.2647574329648733
0.2647203142826932
0.26471293550021746
0.2647388583024959
0.2647367837295382
0.26473345191160114
0.26472482319551904
0.264738886989583
0.2647599323727254
0.26474876289099936
0.2647283189656512
0.264766162556331
0.2647804408348661
0.26476355626177356
0.2647228648139843
0.26475097145614085
0.2647544188947429
0.2647546088199602
0.264740800356247
0.2647665044514252
0.26479734557441
0.26475084524758713
0.26474559491018673
0.26475827798670964
0.2647641969178281
0.26474636609153473
0.264740309153223
0.2647538872613574
0.26475506079300287
0.2647716113039932
0.2647648807385387
0.26479619360348416
0.26481303592228195
0.26478144504898704
0.26478011897601933
0.2647901298759696
0.26480449711853526
0.26478477599065303
0.26477890871018384
0.26478331311730574
0.2648093394154305
0.2647794223806203
0.2647497420270835
0.2647678859799136
0.2647808494603482
0.2647895535506078
0.2647662632828382
0.26477725952127407
0.26480646617577075
0.2647527652613954
0.2647344048698853
0.2647602312246947
0.26477203808871375
0.2647733591702535
0.2647666588838263
0.2647838721594128
0.2647980707076054
0.2647986263014406
0.26478581866641654
0.26482027586057805
0.26478029192812497
0.26475436670332736
0.26474167260852316
0.2647668135092075
0.26476202049404923
0.26477550420816187
0.26479474444070233
0.2647515404464329
0.264713891941164
0.2647512237381826
0.26476148546966044
0.2647613565218678
0.26476758596016153
0.2647746408469366
0.2648019561306273
0.2647784272251535
0.26474818899892555
0.26478075680482965
0.2647900696069671
0.26475851713450793
0.2647346498543873
0.26476284554977625
0.2647930940259175
0.26476511963860067
0.2647521962995677
0.26477823169324466
0.26477201013274415
0.26474555207646144
0.264737219055032
0.26474461658804216
0.26476736311764665
0.2647299949001334
0.26472265136606354
0.26473944171854025
0.2647519268132151
0.26475555811220364
0.2647155450526953
0.2647506382481337
0.2647582171412727
0.2647631160917831
0.2647564042682607
0.2647736305024648
0.2648065624516268
0.2647756483654925
0.26475960296212686
0.2647703136678261
0.2647988388277847
0.26476591948590056
0.2647198831576812
0.26474154403598904
0.2647457563207706
0.2647552081775536
0.2647430314862222
0.2647579255097448
0.2647834484840681
0.26476054590657416
0.26473180134613683
0.26475585778722766
0.2647765353214784
0.2647662363108937
0.26474160498950816
0.2647638294393571
0.2647764026622476
0.2647616172628786
0.26475240004617323
0.26476221781389725
0.2647868309496263
0.2647705464554853
0.26475259946606267
0.2647660449193872
0.2647954215873319
0.2647699828428781
0.26474418326149873
0.26476666672545285
0.26478644350311864
0.2647741192374935
0.2647528686129782
0.2647715603902757
0.2647742773144756
0.26477898182512655
0.26476131046745466
0.26477793893617246
0.26480004288402376
0.2647976494812376
0.26476331393454555
0.2647907837760834
0.2648181784496944
0.26479559986044876
0.2647866769830202
0.26480921378669087
0.2648300919770408
0.26480310380527083
0.2647775408821752
0.2647838833337237
0.2647973326564823
0.2647777326453818
0.2647555608107581
0.2647797537046765
0.2648085652226377
0.26479062110741497
0.2647863614765001
0.2647940534907439
0.26483412810682594
0.26478423911986937
0.2647823472879012
0.2647923072905999
0.26481378401199174
0.26480864558201545
0.2648150198183474
0.26482412948641026
0.2648383940224145
0.2648140119892921
0.26477500760709893
0.2648150201037707
0.26481352619676524
0.26480538845153473
0.26477377421414533
0.26479071980432956
0.2647865375482498
0.2647850850174171
0.26478647664826
0.26480188981142133
0.2648361606258002
0.2648086183486003
0.26478274553604975
0.2648003270705505
0.2648272997352587
0.26480496409232196
0.2647689303586864
0.26478609258953095
0.2648014763057397
0.26480904357600193
0.26477346039723937
0.2647942790029311
0.2648077917975734
0.26480845218926896
0.2647871168966689
0.26480518967050665
0.2648135758040323
0.2648078722436826
0.2647682525986576
0.26479798581925446
0.26481150934043185
0.2647927941195545
0.26477616278071675
0.2647984294519296
0.264827472646357
0.2647861950929322
0.2647822245588885
0.264785741244149
0.26480984106318195
0.26478813561785686
0.2647717956509888
0.26479833046138174
0.26481173388530443
0.26480684955786077
0.2647909265859274
0.26478034108417836
0.26479980472611697
0.26477035984505853
0.26475259766583337
0.26476873552156976
0.26478332555689477
0.2647745435333071
0.26475505094263796
0.2647774207690815
0.2647854817013745
0.26478580402562135
0.2647479319722419
0.2647581640501928
0.26477937795337125
0.26475521214872066
0.264708883886615
0.26474146415357924
0.2647421428662258
0.2647352096261886
0.26472709689173796
0.26473372318799887
0.2647661264831121
0.264735202332235
0.264730982602606
0.2647477721014238
0.2647633632126252
0.26474816915246185
0.2647322347957832
0.26475516386260767
0.2647677229044993
0.2647541961702067
0.26475664996155324
0.26476346585310423
0.26477799951352615
0.2647698946966256
0.26474877019547655
0.2647668496861387
0.2647889773191211
0.26476593873922627
0.2647540387457153
0.26475552705493144
0.26477623107740955
0.2647585965759979
0.26474211923679775
0.26475725419547996
0.26476549485884365
0.26477278334472304
0.26479288177633165
0.2647657682264741
0.2647576979287699
0.26477078650598407
0.26480206937729794
0.26476774894644495
0.2647376389730086
0.2647557933184478
0.26476037987831896
0.26474924945408146
0.2647099402457425
0.2647400305963278
0.26475495099975443
0.2647524920985421
0.264757388899279
0.26475785456710066
0.26477329111275427
0.26473227809693906
0.26471213238734714
0.2647332237148569
0.2647504483132239
0.2647214229031024
0.2647252507713891
0.2647444614885998
0.2647547086843994
0.2647413682541387
0.2647247642939072
0.2647467721805546
0.2647638273083889
0.26475183345467906
0.2647298016586738
0.26473712105324954
0.2647585803873676
0.2647497271938843
0.26472528647636895
0.26475324884994816
0.264762977908623
0.2647664740849634
0.26476376049623895
0.2647767934947362
0.2647668579766624
0.26473007426106787
0.2647259562820675
0.2647461023596891
0.26476484421668633
0.264736202760851
0.26470052841359626
0.2647311435361574
0.2647468779813468
0.2647311001167317
0.26474865143920023
0.2647531535717353
0.2647373087817305
0.2647490801436517
0.26476482799336437
0.26476416506405287
0.26474882570460634
0.2647554269040285
0.2647837052073386
0.2647657548335939
0.2647454250397396
0.2647672777714341
0.26478703977799484
0.2647657104211357
0.26474356356975287
0.26477380636275033
0.26478103954845883
0.2647423886339887
0.2647401446959601
0.26474686405939746
0.2647683648573113
0.2647410352011866
0.26470720102783873
0.2647317465104766
0.2647210688791492
0.26471261150301884
0.26468760048905493
0.2646955765935076
0.2647040908294104
0.26470808293388615
0.2647008767854342
0.26472064327914707
0.2647481466475081
0.2647199564271041
0.26471272468496787
0.26472605124829957
0.26474509120248857
0.26473187577865237
0.2647014203688479
0.2647150540830315
0.2647381738715404
0.2647138037443821
0.2647068132048839
0.2647071126616239
0.2647250559365076
0.2647194953585781
0.2647177219270221
0.264728014083917
0.2647406083108703
0.2647249804525051
0.26469198343749045
0.2646592412412528
0.2646217912171875
0.26466527077992263
0.264670292538089
0.26467401269754987
0.2646686378128126
0.26467964211016237
0.2646923967172824
0.26466132266450865
0.26462080642886693
0.26463470599458194
0.26465505055409
0.2646433732570924
0.2646319712087464
0.2646553417186636
0.2646802842704177
0.26466051177242894
0.2646233743174554
0.26464426756866655
0.264665970735667
0.2646512029272432
0.2646267427661177
0.26464754508293936
0.26465641864201656
0.26464012006010607
0.2646316621627164
0.26464147409842476
0.2646676836720933
0.2646445416884045
0.2646164653283177
0.26463859375844057
0.2646464549928229
0.26465290571003397
0.26462555832292955
0.264617852174241
0.2646262805589539
0.26462132463261817
0.2646182045401685
0.26462282308012547
0.26464468602379493
0.26462852259296765
0.2646221886332873
0.2646423552055715
0.26465955836583327
0.2646340543367464
0.264626043575019
0.264635045224241
0.2646490047843847
0.2646486668607765
0.26465987177959904
0.26466195424624867
0.264656265494942
0.26466863718679506
0.2646806519948637
0.26468177405162224
0.2646642639129673
0.2646566462459152
0.26466822455298133
0.2646358589529366
0.26462181147525776
0.2646502120664938
0.2646767472625365
0.2646278972317533
0.26460267161330825
0.2646190709265891
0.2646287711006524
0.2646273248023637
0.2646283736537652
0.26463332929390604
0.2646503177582847
0.26462503850320235
0.26459827426209104
0.2646271662660737
0.26463599390407794
0.26463268433848325
0.2646039803647107
0.26462501731856214
0.2646495667930863
0.264603482732856
0.2645906894933784
0.2645899670663851
0.26459597403368934
0.26458907258382375
0.26458243377700663
0.2646072065891562
0.2646253385429879
0.2646274601518921
0.26461852280903947
0.26463566109547804
0.2646442568342494
0.26463145065848326
0.2646266793368762
0.2646377211111596
0.26465559382589543
0.2646441210714459
0.26464587969579895
0.2646440705729571
0.264664465092805
0.2646571654231611
0.26467651572275247
0.2646513179252361
0.2646326175219694
0.2646538699318458
0.26468179221714905
0.2646562784276788
0.2646296026588496
0.26463219579617875
0.2646439136087235
0.2646440038625303
0.2646554060791786
0.26465812295707003
0.26467951651375554
0.26464433180301505
0.26463096027472827
0.2646437664855389
0.2646613692860237
0.26463912491495034
0.2646178938871976
0.2646430202960535
0.26465082485904956
0.2646432165640784
0.26461405689568873
0.26462401114238693
0.26464818433318654
0.2646484098247636
0.2646313810923746
0.2646457882006768
0.2646788003402707
0.2646576238294209
0.26463055695456966
0.2646210404864091
0.26462982870401597
0.2646153758720768
0.264608337931282
0.2646133964781877
0.2646094086746586
0.26462723209565653
0.264601670186355
0.2646245401242951
0.2646329569504605
0.26462533452229725
0.2646251424939817
0.26464003275940595
0.26465543121497814
0.264626752080681
0.26460194515615193
0.26462040180339313
0.26462926332074904
0.26461991023882103
0.2646276847891183
0.26463177583131164
0.2646556031582222
0.26462581545580205
0.26461536457685253
0.264644258111207
0.2646601731222881
0.2646416403052016
0.2646081757649094
0.26462221720039364
0.26464662178521886
0.2646353932655598
0.2646265303736303
0.2646501257126926
0.2646652359611935
0.26465678457169733
0.26461090707641793
0.26463342979847715
0.264654198206485
0.2646255757272115
0.2646186660526167
0.2646358826331284
0.26466281001011727
0.26462272724610797
0.2645888970526661
0.2646157112885995
0.2646347873436408
0.26462845201285
0.2646202347623161
0.26463002152081905
0.264640204920056
0.2646272140840775
0.26460172142725275
0.26462558320568935
0.2646303942481189
0.2646296221923869
0.26460580811242684
0.26462908038657984
0.26463323832703906
0.2646324098102402
0.2646223365674518
0.26462871469338534
0.264650425467912
0.26462679234503717
0.26461994695925267
0.26462737686794885
0.2646492156873512
0.26461925917489165
0.26459751100419454
0.26461457671059163
0.2646491752068985
0.264615159292927
0.2645701163974139
0.2645846408557546
0.2646048527684327
0.2645996216114153
0.2645906654780003
0.26459455039896096
0.2646172344667743
0.26459427319453893
0.2645753600207211
0.2646027251149415
0.26459904340016477
0.26461140775256775
0.26460337587156746
0.2646197171699713
0.2646242750321022
0.264619341980311
0.2645922106522967
0.2646152181067991
0.2646256794053567
0.2646081111633296
0.26460675692648833
0.2646087889634825
0.26461925263547864
0.2646193943997154
0.26461425518374126
0.2646311944398876
0.2646430186131355
0.26462022559367976
0.26459157508038156
0.2646124469982868
0.26461955148728
0.2646085163260543
0.26460392379672665
0.264611129339211
0.2646298588328633
0.26461094063428214
0.2646122550087579
0.26462307252434353
0.26464333615213353
0.2646334556610402
0.26459958462788
0.264617851947109
0.2646302830344125
0.2646319383903267
0.26461526983599387
0.264647694480506
0.2646650786855261
0.2646279235602869
0.2646451805855279
0.26462912145130707
0.2646258906178195
0.26464486453123715
0.2646408387535453
0.26460276199906774
0.2645961507065584
0.2645952416398986
0.26462175653247194
0.26459860785349526
0.2645776478804544
0.26460398124624135
0.26460786877989007
0.26460020833753656
0.2645746273773219
0.26458980634345286
0.2646101165671982
0.2645988455882605
0.264588180213918
0.2646106309462899
0.26462536985084245
0.2646148960300837
0.26460714837165594
0.2646212789681081
0.26462951023303893
0.2646183070272543
0.264594006779942
0.26460994693121365
0.26463380147011695
0.2646046941106495
0.26457806057772687
0.2645868953472651
0.26459723692587633
0.26460061879383917
0.2646078490622333
0.2646231529762776
0.2646426572016953
0.2646295311499335
0.26460963881318705
0.26462397966186046
0.2646396202519771
0.26462547778836926
0.2646112971613744
0.26463297535699587
0.26464935274970786
0.26464007439758674
0.2646278208702043
0.2646488735923102
0.26466311442813373
0.2646435533727563
0.26462413382377414
0.2646401591130228
0.26466244160037145
0.2646317204977174
0.264627369204375
0.26464082647329545
0.26464936404829187
0.2646371073621075
0.26462371323674116
0.26463527599801034
0.2646438464887106
0.26465520077958254
0.26463360642346756
0.26464554890984376
0.264651351386748
0.2646566139962731
0.26466164795001307
0.26467215290530566
0.26469413328050645
0.26466057865473164
0.26465031199961403
0.26466648240367296
0.2646730900869401
0.26466248459656666
0.2646572910156672
0.26466156800577356
0.26467782442700216
0.26466210060555306
0.2646446582125386
0.26466655049676174
0.2646818509957775
0.2646853186493231
0.26468642933429065
0.2647031241708393
0.2646810338652846
0.26464124894958213
0.26463554689671426
0.2646545718491015
0.2646621191908795
0.26465538657032844
0.26464778074685735
0.26466309542259997
0.2646719172862738
0.2646579631109384
0.26461936425604315
0.26463783616583836
0.2646589246763648
0.2646299027876639
0.26459572481641347
0.26462597179762853
0.2646063127829807
0.2646426002310626
0.2646532618657758
0.264632511910825
0.26462339044786226
0.2646258107928718
0.264636276277636
0.2646309627790739
0.26461683018192683
0.2646295512739158
0.26464618602871004
0.2646265792601355
0.26460614548236194
0.26463009515103636
0.26465152482781007
0.26463103387209136
0.26460149174323344
0.26462077153289687
0.26464717054586756
0.26462534221831907
0.2646217190860284
0.2646317034293161
0.2646404181972456
0.2646293452311279
0.26458581409291626
0.2646107031168372
0.26462193302467824
0.2646182603520969
0.26458083507188956
0.2646110061936052
0.2646205530910299
0.26459956173527616
0.26459647624865834
0.26459728788654996
0.26462791103967437
0.264630904621304
0.2646277667997827
0.26463395830344305
0.26465518177761826
0.2646438835886931
0.2646363036568813
0.2646515786987265
0.26465683804919843
0.2646499743642596
0.264611617350447
0.26462665699636967
0.2646441944796164
0.2646366441975824
0.2646153234071923
0.2646383640027546
0.264644714526352
0.264641850536681
0.264627432005295
0.26463626013507785
0.26466007266332386
0.264639288711507
0.264638548154192
0.26464994801615654
0.26467011314659034
0.2646651522064988
0.26464109234918226
0.26466317700868935
0.26468122684365497
0.26464781669823656
0.26463523032057984
0.2646419649689895
0.2646598551777031
0.2646485790487131
0.2646491280905315
0.264659726410828
0.26466302368908096
0.2646604189954281
0.2646518236372893
0.26465225434628276
0.2646681359806731
0.26464505587047754
0.2646374962040915
0.26465130387631913
0.2646583371193169
0.26465828463067104
0.2646456977938501
0.26466800094942106
0.26469926702353885
0.26467204018240414
0.26464258998176327
0.26466463309033467
0.2646773966881224
0.2646698290304587
0.26466497945932943
0.2646830551483745
0.2646984012747281
0.2646698501053326
0.26466805409561267
0.26466915659864715
0.26465056951660765
0.2646510230218773
0.26462729899330967
0.26465246492158256
0.26466737511416677
0.2646540048399896
0.2646313745847371
0.26464036027011145
0.26464671987846694
0.2646368341021196
0.26463189319907376
0.2646508667383129
0.2646731906464887
0.26465548363588665
0.2646433805970201
0.26465173092737
0.2646628558305878
0.26465429819100295
0.2646278709921244
0.26465060464547635
0.2646677250214
0.26464711267507324
0.2646312228322828
0.2646471850640694
0.2646756754405859
0.2646396162747285
0.26462976151923534
0.26463998242627623
0.26465446219587635
0.2646476729583988
0.26462724392053216
0.26464482033954945
0.26465407046844475
0.2646588791248739
0.264639621726889
0.264656516086208
0.26467269800256005
0.26466282373712746
0.2646374902026876
0.26465028604807
0.2646666728547684
0.26465634635893714
0.26464811708053376
0.2646575804095832
0.2646570181954581
0.26465123569655863
0.26465093947775914
0.2646659642836437
0.2646822149969068
0.26466558703898796
0.2646617860755771
0.26466556962523924
0.2646960119828975
0.2646600909379975
0.26464951884593074
0.26467346387015733
0.264644024450404
0.2646716397293867
0.2646778530156863
0.26468624742384556
0.2646756289872158
0.26468730497388443
0.26470534503273796
0.2646993961791272
0.2646783721562104
0.26468634707301164
0.26467130774387343
0.2646655648856154
0.26464763041679296
0.26467205348801276
0.26469347091649476
0.26466679788627684
0.26464990397930616
0.26465321709706807
0.2646847103560513
0.2646601334122733
0.2646376654430633
0.26466077824844725
0.26467646733244715
0.26464872043150944
0.2646556409165042
0.26466867387268267
0.26469027641170334
0.2646629276629436
0.2646738958443844
0.264686662145651
0.26469455075077547
0.26467197265233544
0.26464625954643506
0.26466508172553715
0.2646698317395514
0.2646660936527924
0.2646535685242403
0.26467015969313307
0.26468910245175764
0.2646818510997535
0.2646557476203522
0.26467858130672284
0.2647024492246442
0.2646807664254291
0.26468310498529235
0.2646608789928543
0.2646641767431296
0.26465781436303804
0.2646340029376365
0.264650770119959
0.2646731408278113
0.26464989443331705
0.2646293582047983
0.2646462654145915
0.264663382581112
0.2646520449822703
0.26463940159207394
0.2646576897445119
0.26467417140491095
0.26466095241449533
0.2646353952626934
0.2646443687513128
0.26465946352227304
0.264645393477909
0.2646398052588002
0.26464639340701607
0.2646619239928134
0.2646575458431597
0.2646446185840044
0.26465377924830713
0.26467154882694616
0.26464343527740963
0.26461304031022487
0.26464497292901473
0.2646571756184685
0.26463493407360006
0.26461572087598795
0.26463856233123306
0.26464996879691655
0.2646280863643657
0.26463262137851845
0.2646464385232333
0.26465593348857624
0.26463393603386737
0.26463042352980676
0.264641132816635
0.2646584141609874
0.2646538204089317
0.2646310128645634
0.2646437432034568
0.2646731580358878
0.26464963676662
0.2646284252871362
0.264637336558603
0.26465701160980587
0.2646505661972755
0.2646292938935032
0.26465013512928964
0.26465822075579143
0.26464893907990833
0.26462054316592215
0.2646364561988963
0.2646149398871916
0.2646141889804968
0.2645748422475166
0.26459227954972564
0.26460234645822045
0.26459469699813165
0.26459386778156035
0.2646057530185736
0.2646239834649913
0.264605916047126
0.2645880066461135
0.2646144811837025
0.264633834451647
0.2646006562293288
0.26458989480559586
0.2646090171088148
0.26462970515836937
0.264620900794016
0.2646016177463026
0.2646255563046111
0.26463529958591875
0.2645960041730476
0.2645770388367484
0.26460704315125977
0.2646281282590473
0.2646065295175833
0.2646014379523342
0.2646151474771824
0.264630593665438
0.2646125388670884
0.264592809809134
0.26460572634056884
0.26460911859270275
0.2646024590794057
0.2645723514564928
0.26459822328413996
0.2646125124337062
0.2646066533683354
0.2645870637705169
0.26459167730876787
0.26461112245394597
0.2645972383036601
0.26459412425337614
0.26460769454226685
0.26460528538688255
0.26461017854958097
0.26460811988369726
0.26462128390378864
0.26462774216125423
0.26462305092356453
0.26459970229882823
0.26462234142864466
0.2646359888799811
0.2646319925143912
0.26463345494170615
0.26463552788218847
0.2646501903310221
0.26462560239542443
0.26459520061907316
0.26461686381812466
0.2646349458866606
0.26462048190775095
0.26461570242384586
0.26463189850502516
0.26463929162763744
0.2646345511997009
0.26462404883995466
0.2646154406013308
0.2646427079566793
0.2646176737489425
0.26460793171694
0.2646221689080231
0.26464057536166474
0.264620941114798
0.2646203542737815
0.26462522976697717
0.26463433731042835
0.2646272071221371
0.26461236705945196
0.2646348902484186
0.2646362474563375
0.2646173496446941
0.2646074262230224
0.26461483588723467
0.264624834863673
0.264595845110773
0.26458221348462035
0.2646044045708078
0.26460725126860163
0.264617782829318
0.2646034775747741
0.26462164827832674
0.2646293559235755
0.2646175365540335
0.2645998973435355
0.2646064148402646
0.26462093608634146
0.2646245244309095
0.2646474544329071
0.26463344203455946
0.26462565304833213
0.2646377151331344
0.2646475736117998
0.26462196256959675
0.2645920843298677
0.2646125273056117
0.26461558718260214
0.2646103308850186
0.26460404155079675
0.2646118678591802
0.2646154132461991
0.26458475773819473
0.2645851753556096
0.26459104610004053
0.2646093787162178
0.26460689943208837
0.2645878297668154
0.26461762153693147
0.26462301040126507
0.264623589616478
0.2646125099821751
0.26462702933674304
0.26464156655913046
0.26462636535877415
0.26461024024767965
0.26462225344846374
0.2646263209117088
0.2646178506680094
0.26458795111296407
0.2646000475471612
0.26461747257199375
0.26461677253230054
0.26460015082654526
0.26461984645116965
0.264634205897669
0.2646184586169946
0.2646025911482288
0.2646211010285883
0.26462490574056885
0.26461273737476343
0.2646183050513041
0.26461486993083916
0.26461959810753005
0.2646140522317806
0.2646016162631316
0.26458183455428574
0.2646075407565747
0.26458215363993415
0.2645932522126901
0.264592594229485
0.2645700585805244
0.26458821955004475
0.2646022214344104
0.2646043332182181
0.26459322988230416
0.2646016624585251
0.26461569147951824
0.2645994187983679
0.2645733256019327
0.26458155389572596
0.2645841217710417
0.2645882663571627
0.2645842497226995
0.2645949144993634
0.2646131069262357
0.2645966402155456
0.26458827754348274
0.2646091532806094
0.26462034858443695
0.26461033085890673
0.26460093007834234
0.26461875019827147
0.2646318746210364
0.26460158126985583
0.2645919892865619
0.2646099368243591
0.2646190830652258
0.2645987209072677
0.26458297926915486
0.264594492750895
0.26460237656019187
0.26459293939302075
0.26458243242154134
0.26459002685269634
0.26460763567047013
0.26458522611508933
0.2645500540944795
0.2645739173661414
0.2645895462451112
0.26458246887289255
0.26454702850721074
0.2645674482675194
0.2645877359146085
0.2645755751059457
0.2645591839517813
0.2645722114969543
0.264581637323076
0.26457678539157176
0.2645967953840748
0.26457778347819416
0.26457214574408316
0.2645763523303669
0.2645813935231168
0.26459559098561186
0.2645810958191951
0.2645961874025138
0.2646054480997215
0.2645930619181785
0.26459747747992624
0.2646009829349261
0.26461378417814546
0.2645853776569559
0.2645900814519422
0.26459857101054707
0.2646191726204716
0.2645973745503637
0.26457080960993384
0.26458408085951995
0.26459358510254805
0.264596119745569
0.26458693229985963
0.26458328201725834
0.2645833677263255
0.2645817988390821
0.26457381901101296
0.26457308739268764
0.26459253671953675
0.26457092792722764
0.26455458802842946
0.26457977348165274
0.26458791037518525
0.264577273382065
0.2645532926465541
0.2645649213804992
0.2645796082241028
0.26457105872794623
0.26456510332196
0.264575045340305
0.2645982032472672
0.26458447390009127
0.26457391508832945
0.2645977658959204
0.26460344886903425
0.26458480262171247
0.26455054571623016
0.26457446706000726
0.26458627235753
0.26456447531336785
0.2645695283272892
0.26454860548236603
0.26453678770740263
0.2645453866961656
0.2645663800195865
0.2645461176292229
0.2645418245714588
0.26454260233868876
0.26455405642529617
0.26454862355860576
0.2645419054109498
0.26456572585807137
0.2645802701304306
0.264568086603857
0.26455049037314354
0.26457736312836044
0.2645896841851676
0.26456090888624245
0.26455376254495483
0.26457173773973464
0.2645779498828004
0.26456884713503925
0.2645512982409772
0.264567674201944
0.26457154349081585
0.2645792424555216
0.2645839928211222
0.2645817046266076
0.26459335527701033
0.26458089441088845
0.26458688340088915
0.2645912592967967
0.2646161689915019
0.264593344771918
0.2645665731167162
0.26457468704738923
0.26458396354195574
0.2645628781082527
0.26454948167400033
0.2645607243051299
0.26457387907521185
0.26456722207041555
0.2645595505644947
0.2645664677253515
0.26457989603325566
0.2645859256624097
0.2645817514644456
0.2645934174823394
0.26460320931220965
0.26459376950044655
0.264579829074602
0.264591464975549
0.2646032494641998
0.2645783183152305
0.2645665617374561
0.2645522219949682
0.26457144233767066
0.264557643581678
0.26454742401870446
0.26456473524596386
0.2645693210057483
0.26455630734259333
0.2645547694611879
0.2645538488057344
0.26457330292358056
0.2645603285149844
0.26454929249757186
0.2645607762504953
0.2645638071025321
0.26456760837164894
0.2645482011525739
0.2645557318259057
0.26458080558064984
0.2645517059314316
0.26453394742836495
0.2645490317917567
0.26454864990902033
0.2645563024708343
0.26454622679888695
0.2645674008192742
0.26457946640639896
0.26455817943407994
0.26455381778002546
0.26456275223711295
0.2645783707261575
0.264569480233061
0.2645633908136049
0.26457920305893695
0.26459634731227805
0.2645783197457554
0.26456285580779404
0.2645838475899464
0.264591625759723
0.26457534915066105
0.26456086104904386
0.26457867975747573
0.26458270873506157
0.26456924477803795
0.26456024768713576
0.2645645328227079
0.2645625166237109
0.26457866347243425
0.26459158116479914
0.2645760408801526
0.26455807282892796
0.26457503112498304
0.2645908656194521
0.26457101569129743
0.2645562862943835
0.26456432284482684
0.2645800317674105
0.2645628304865688
0.26453749829786033
0.26455955518422636
0.2645621509322351
0.2645384422437334
0.2645236316003706
0.26453679237249755
0.2645647712823356
0.26453660163825987
0.2645250532670112
0.2645449569043825
0.26455858669537174
0.2645474386149699
0.2645401634910622
0.26455424361152574
0.2645564348795164
0.2645508935962454
0.26454133506097804
0.26455616842480634
0.2645705602497864
0.26456749291839743
0.26456129579110926
0.2645700800530523
0.2645800643752884
0.2645665569840668
0.26456544339638777
0.2645749163630473
0.2645889641705966
0.2645715926650792
0.2645568517523856
0.2645743727430076
0.2645737298013495
0.26457816881130203
0.26457301369050773
0.264587262380484
0.26460969648793026
0.2645868135026287
0.2645524602300459
0.26457775263926536
0.2646021653931971
0.2645867310787103
0.26457556633751367
0.2645899706999124
0.26459756587709204
0.26458888003570796
0.26457975954755386
0.2645950276258746
0.26460760619987683
0.2645868055922634
0.26458305442938473
0.26459137064204236
0.2645931247303938
0.26459249395353246
0.2645735033315311
0.26458587495275376
0.26460058919300783
0.2645701625407441
0.26454168380947407
0.26456464695557047
0.264572566062547
0.264584242129169
0.26457974890207714
0.2645830170122214
0.2646074127256719
0.264594529109618
0.2645870911379817
0.2645936888026444
0.26459849257137413
0.2645953596700656
0.26457382218684766
0.2645905387152081
0.2646104191333544
0.26458187233905966
0.264572668510647
0.26458698464540986
0.26458628239851534
0.26456576327326636
0.2645619851188333
0.26457479515493243
0.26457408146081446
0.26456583539025275
0.26456435786977256
0.26457454739486785
0.26458744741958035
0.26457642326290903
0.2645640484931633
0.26458158271161386
0.2645878708840522
0.26459031100211794
0.2645876819281903
0.26458784770322585
0.2645813135526411
0.26458951084560905
0.2646158763637894
0.2645998300643093
0.26459511680888603
0.26461290018489864
0.26461785266262616
0.2646111688854115
0.2646112484981344
0.26461979492097787
0.264634949835519
0.264615715525839
0.2645989190394594
0.26460661353452974
0.2646204435580304
0.2646168241659385
0.2645978275441789
0.26462128542188557
0.2646255969645004
0.26461169748841407
0.2645997905054358
0.26460390581583687
0.2646140976963172
0.26461814683504603
0.2646038152048474
0.2646205739957576
0.26463229275973205
0.26462459354147716
0.264594027173776
0.2646126241147607
0.2646358413760542
0.2646042294249375
0.2645821292340831
0.2646017329368517
0.2646169077929951
0.2646143753240072
0.2645899611777535
0.26459026822557297
0.2645986886850974
0.26459746842163806
0.2645899365160461
0.26460251433707377
0.264623675851044
0.2645969629700283
0.26458611847164265
0.2645999148191443
0.26461439245676294
0.26462310892519325
0.2646105169734624
0.2646177096691611
0.2646328040597257
0.26461532354783207
0.26460105489374214
0.26461959296833
0.26462767124949627
0.26462197484617306
0.2646293152475301
0.2646301485237688
0.2646452336030572
0.2646365524240923
0.26462598053564246
0.2646389181678753
0.26465720648790286
0.26462268306956055
0.2645958182740613
0.2646180413164222
0.2646283410984364
0.2646266719221966
0.26462285800557694
0.2646383416592109
0.2646420924736331
0.2646322731840618
0.2646213142721156
0.26462440727929637
0.26463893307473246
0.2646285475965947
0.26460643708231474
0.26461828438100393
0.26463782086341975
0.2646211417604363
0.264611793012119
0.2646242708961214
0.264642160149046
0.2646218981639872
0.26461638970865226
0.26462473521343366
0.2646284699358175
0.2646150343191456
0.2645921156957623
0.2646132831668947
0.2645922737582546
0.2645787943155325
0.26456191865218737
0.26456729235552695
0.2645759924630425
0.26459165953114194
0.264589143095687
0.2646017282538065
0.2645708141020126
0.2645922203354316
0.264609145519539
0.2646061092557167
0.26458950667597997
0.26459859760420346
0.264621145081368
0.2645870105305563
0.2645779747725217
0.26458951490973853
0.26460270945235426
0.2645927491625665
0.2645696986423622
0.2645902218600956
0.2645927950512771
0.2646054177659186
0.26459291038019367
0.2646113382169296
0.26462662562255684
0.26459579227156815
0.2645970343547331
0.26460807729096786
0.2646167007789006
0.26460164126060653
0.26460648029613104
0.2646056775474169
0.26461733444270125
0.26459920342497684
0.2645819239188227
0.26460198057108353
0.26461018261680924
0.26460383822201533
0.26458612143838905
0.26460381632976215
0.2646186844151107
0.2646075871074709
0.264581985994854
0.2645982916858529
0.264619027217763
0.26461003520688064
0.26460102737979047
0.26461717244536465
0.2646254491427834
0.2646183879398786
0.26461034663940686
0.2646184131540344
0.26462968992195174
0.26461753388711895
0.26459752299848344
0.26461215868300364
0.2645980303387691
0.26460969328414813
0.26461968339678493
0.2646077534908465
0.26459321926358126
0.26460642568024734
0.2646228727082226
0.2646175154689761
0.2646135545419615
0.26462120327783956
0.264637429438982
0.26461942728497473
0.26460347328597517
0.2646046929791398
0.2646121391694938
0.2646195743190615
0.2646006303349014
0.2646181668400596
0.26462634486498815
0.2646286675608216
0.26463154392771937
0.26464167162828633
0.2646584598456075
0.2646384986696199
0.2646245707476583
0.264638867978871
0.26465121072320447
0.26462461710768537
0.26462011788114764
0.264620357804678
0.26463137867171194
0.2646276654342275
0.2646142635307827
0.2646011769164074
0.26462314679083737
0.2646145296671425
0.26460058508292084
0.2646093508577185
0.2646227847573448
0.26461265577206133
0.26460987223510984
0.2646238949326867
0.2646338073417772
0.2646086720235377
0.2645749586618574
0.2645952816858398
0.2646104779990476
0.26460038947439596
0.2645902765853414
0.2646101266997417
0.2645961490605339
0.26460790582775645
0.26461597870047715
0.2646111885833396
0.264589313383583
0.2645944617086384
0.2646118101176322
0.26459104370330117
0.2645688358098184
0.26458973768252325
0.26460462151193
0.26459972674745486
0.2645959962047361
0.264607864917709
0.26462222120949935
0.26461567458492696
0.2646154953542573
0.26461928090292974
0.264624166136498
0.2646151035923134
0.2645990967726265
0.2646205762254906
0.2646257514616735
0.2646255742218828
0.26462065407965724
0.2646258182137413
0.2646425397068643
0.26462361002698565
0.26462624386995565
0.2646351745532395
0.2646550905573939
0.264649058669332
0.2646348750650236
0.2646513538034444
0.2646556073430716
0.26464502196483536
0.2646342213872184
0.2646445143511639
0.2646564679011693
0.26464978381594917
0.2646375998060143
0.2646437279023486
0.2646552225551105
0.2646415124367294
0.2646244603336715
0.2646348876895961
0.2646386843028734
0.2646336087012279
0.264620430104032
0.26463264095052225
0.2646202216673722
0.2646260441217409
0.26463715479445227
0.26462318665285045
0.2646135811504271
0.264624335932163
0.2646451886866482
0.2646215833629021
0.2645979721654991
0.2646232990870394
0.26462689228847547
0.26462253863259244
0.26461303490937144
0.26462461583242497
0.26462648023797714
0.2646163871526949
0.2645978326502937
0.2646132211723175
0.26462436888424534
0.26462611277680403
0.26461272064158303
0.26461095926232975
0.26462714035198887
0.26461745568714606
0.2646044256571818
0.2646033906498742
0.26462143655352477
0.26460638540742254
0.2645896694999818
0.2646080901696447
0.26461452022722953
0.26460700758145445
0.26459971305567775
0.26460605629090594
0.26462213207033214
0.2646084839733869
0.26458112666460804
0.2646018067760051
0.264614496411694
0.26460778502915494
0.2646061106297969
0.2646177930559318
0.26462847096864217
0.2646190081815124
0.26460321588933833
0.2646109849647427
0.26462711021600305
0.2646173927205697
0.264606327674033
0.2646205136435098
0.26462848864993943
0.26462588343861937
0.2646264046575831
0.26463609397840865
0.2646499117974903
0.2646213044725247
0.26461128944331397
0.26461895779439165
0.2646266033638377
0.2646212935477298
0.2646223608442618
0.2646252536041392
0.2646385401524304
0.26462979030081046
0.2646173723317191
0.26462741049002036
0.2646480001705915
0.2646237584207321
0.2646070971250434
0.26462463221446125
0.2646342962262714
0.26462401593991686
0.2646100133271344
0.26462786392769666
0.26463425037796307
0.2646277692588602
0.2646229716023605
0.264625496395984
0.2646374911518279
0.26461992127082773
0.26458624470467246
0.26460641322311645
0.26462552523397515
0.26462586783068337
0.2646082396739847
0.2646211827920972
0.2646297517305963
0.2646293143138141
0.2646196160462543
0.2646299321422936
0.2646441217548445
0.26463985656128514
0.26462748322175084
0.26463486279752935
0.26464911292039595
0.26464153564451814
0.26461235706127556
0.26463355231741204
0.264641917196568
0.26462613316854516
0.26460508827658646
0.26462005785625614
0.2646328711416696
0.2646167795743696
0.26461160516141125
0.2646189245873384
0.2646261156709918
0.26462583169140635
0.26462003710605037
0.2646302159406435
0.26464868964842875
0.264633928051187
0.2646196622316452
0.2646283259659042
0.26461095327757717
0.2646061673964283
0.26460025395934617
0.26461613720840066
0.2646104094712485
0.2646089496104403
0.2646017028087712
0.2646112851099043
0.26463423541863934
0.26461467221603424
0.2646008753740476
0.26461941317412246
0.26462902177562453
0.2646250342474051
0.26460752818976857
0.26462365567725715
0.2646427318800201
0.2646263936792405
0.2646219924150141
0.26463666326411883
0.26464186406770596
0.2646258657082862
0.26460079673253567
0.26461431768151167
0.26463051449743846
0.2646128557681099
0.26461056497158875
0.2646145110843145
0.2646233567459451
0.2646129485631527
0.2646003541119472
0.2646159156212851
0.26461801040370286
0.26460837076360244
0.26459047813941017
0.2645955293799267
0.2646128660219517
0.26460050200674695
0.26459238560223813
0.26460261565843973
0.264622771607922
0.26460153857829405
0.26456422100942834
0.2645823227760083
0.26458911480468156
0.2646023606520251
0.26458508328290975
0.2646006558900494
0.26461015549648775
0.2646065735445294
0.2646017663321224
0.26461345544686843
0.2646160315302541
0.26460553450625685
0.26459787033754895
0.2646149936732234
0.2646296371662284
0.2645989796201996
0.26458583240599415
0.2646017215677108
0.2646177096101894
0.2646007721662367
0.2645808772673541
0.26459908506833724
0.26460064925681437
0.2646058444998145
0.26460337909025394
0.26461242842677707
0.2646335996800053
0.26460189963987824
0.26457510609855706
0.2645969789334141
0.26460577054489637
0.26460379533904904
0.26458247578315297
0.2646016199617866
0.264619191222051
0.26460103718979666
0.26459941666209
0.2646033470629895
0.2646054660921424
0.264590001529767
0.2645805900993289
0.26459390517775544
0.264587368806954
0.26458559098759477
0.2645914574865539
0.2645923305960327
0.2645735025559316
0.26459412271559035
0.2646038683644479
0.2645917880125565
0.2645961672027985
0.2646142852781733
0.2646192250079589
0.2645948925926373
0.2645758556871371
0.26459580048474696
0.264598227721857
0.26459541406258036
0.2645969468947553
0.2646059847017246
0.2646248313285337
0.26460994847097985
0.2646060156573247
0.2646132954607666
0.2646248893847164
0.26460372810758065
0.26458360022699573
0.26460208231389776
0.264594647107836
0.26458456557401394
0.2645740876562668
0.26458606646810695
0.2645961274592573
0.2645972009325368
0.26457770918050266
0.2645871310274683
0.26459700689015875
0.26458482468989497
0.26458867849114925
0.26459183817565596
0.26460419901493093
0.2645805008308089
0.26454710770849393
0.264573151097065
0.2645816277796058
0.2645771211219508
0.2645522576760929
0.26456795734014354
0.2645764396397735
0.2645672036084292
0.2645516252705414
0.2645556238827961
0.2645791536175898
0.2645686016120886
0.26459019607204065
0.26457723613323963
0.2645707770937809
0.2645838356599982
0.2645949931833823
0.264586808176204
0.26455938458682443
0.26458236527167645
0.2645889946968046
0.2645839163000629
0.2645714666661562
0.2645816936431635
0.2646009176867127
0.264569924131336
0.2645780042172988
0.26458315777129515
0.2645929464645979
0.2645815290979351
0.26456883546742666
0.2645875943621887
0.2645946238334126
0.2645959131208308
0.26458245632603744
0.2645873006852481
0.264597379975752
0.2645911531159774
0.26457590271884013
0.2645912770773249
0.26461366946957304
0.26460408306620464
0.26460149998845545
0.2646077484677434
0.2646197008765072
0.2646160813970639
0.2646064934881577
0.26461334725111163
0.2646270803822238
0.26461543970566015
0.26461353618828043
0.26461918657168354
0.26463098146667535
0.2646145474859761
0.2645885167742771
0.26460502338603115
0.26460894631875337
0.2646135998760652
0.26460755393109553
0.2646213881582127
0.2646290926297923
0.2646137209326305
0.2646203143024753
0.2646156102640947
0.26459459543092645
0.26459970975799413
0.26460260782396366
0.26460456660435394
0.26459335364234804
0.26460123259354384
0.2646156916491599
0.26461042251106687
0.26460844027034774
0.26461478789350057
0.2646356145172563
0.2646136072790527
0.2646057563276818
0.264614920359438
0.264612101826868
0.26461060085336807
0.2646044861260541
0.2646129912152871
0.26462373641562303
0.2646178445213603
0.2646050618953167
0.26462459396343696
0.2646389912094218
0.26461370464474065
0.2645832810512892
0.2645967332138343
0.2646102360534995
0.2646060060260111
0.2645921505537329
0.2645965383654928
0.2646201446516264
0.26459497019556116
0.2645876371205569
0.2645910469938615
0.2646074250982125
0.2645968822060469
0.2645758671430777
0.26458520533130314
0.2645903629116852
0.26458538610476784
0.264579345469237
0.2645938079488914
0.2646016189939745
0.26459355361670595
0.26458529501644934
0.2646013823098457
0.26460676191526356
0.2645965262351816
0.2646071893523631
0.2646071871163873
0.26459113290104147
0.2646053877648853
0.2646139550977391
0.2646208938161873
0.2646040969408085
0.26462103044835456
0.26463026700680714
0.2646142948356493
0.26461086456473254
0.2646136224580378
0.2646225390293806
0.26459063793342114
0.2645749087302752
0.26459446202531073
0.26460117388470994
0.2646025039390281
0.26457967355958906
0.2645869196995217
0.2645998149360837
0.2645967818690961
0.2645968085397133
0.2646013952358086
0.2646201720352225
0.26460622757523533
0.2645979793748578
0.2646037332624816
0.26461476865439554
0.264612558773736
0.26460384556654243
0.26461974427566937
0.2646262033505972
0.26461242732140544
0.26459742927149743
0.2646127256552275
0.26462387484355
0.26460043669973765
0.26458211518897745
0.26460379876734647
0.26462031338592873
0.26460600691846536
0.26460145467818524
0.2646125853652391
0.2646286547418172
0.26461215635584645
0.2645986160168735
0.26461126300188004
0.264614479858632
0.26460185152310783
0.2646122946760042
0.2646043811320382
0.2646031531727286
0.26460203152714845
0.2646154880426026
0.2646244003585249
0.26461799678195796
0.26462795810817324
0.26464420615046896
0.2646189292214111
0.2645982918401723
0.26461045856320614
0.26462434825316744
0.2646124274623525
0.26458633907736673
0.26460954125630765
0.2646273667017523
0.2646114062119982
0.26459393391120706
0.26460206325347485
0.2646112382817148
0.26461665681185903
0.26461562609672484
0.26462349389500306
0.26463082815786015
0.2646179743442202
0.26460288713789804
0.26460711592965697
0.2646218751826879
0.26460468565782774
0.264586233675794
0.26459909198391257
0.26460287517914577
0.264605244427214
0.2645951392083564
0.2646090990973799
0.26462270291750967
0.26460975987399704
0.26459960000422045
0.26461739978582527
0.2646299525284292
0.26461315802704916
0.26461149559870994
0.26459339316024105
0.26460191783222126
0.26459510190520247
0.2645927029182516
0.264600132016134
0.26460194809214665
0.26459061032397807
0.26458719819961024
0.2645975509740453
0.26459771332843757
0.2645898977407577
0.2645863604077622
0.2646004999835987
0.2646080171754432
0.2646025327808162
0.2645986875534902
0.2645845280351987
0.2645949044805271
0.2645814628212234
0.2645717287423803
0.2645853426814403
0.26459600238515596
0.26458235221740245
0.26458194428091186
0.2645805471393391
0.26459333224874565
0.2645801656765064
0.26456623120475936
0.2645785827955316
0.2645844464245206
0.2645873693890901
0.264589781913605
0.26459601149463124
0.2646041395818008
0.264596845000204
0.2645781926415324
0.26459747333750694
0.2646056551750867
0.26459872324197875
0.26460073728680183
0.2646092765441817
0.2646174984943281
0.26461807469263227
0.2646088438040486
0.2646168992733618
0.26461598170450124
0.26460553399998626
0.2645930810672237
0.26460706862260464
0.2646236330608292
0.2646077740293259
0.2645818484882038
0.26459474593416654
0.2646094558223967
0.26459054644975866
0.2645775750131253
0.26458819434236297
0.2646042284840202
0.2645870537405208
0.26458619339447587
0.26459656865546916
0.26460777222789367
0.2646121313138427
0.26461025298244434
0.2646084716294351
0.2646236286146109
0.2646164850280358
0.2645964922079735
0.26461026855767866
0.26461569995147466
0.26461706208215374
0.26459584078121196
0.2646193341935448
0.2646243527769384
0.26462408449946784
0.2646267365191634
0.26462287026669457
0.264631025044085
0.2646245530063137
0.2646085756969421
0.26461441728322427
0.26462900201435124
0.2646193132457268
0.264614293930252
0.2646272419391323
0.264637463594075
0.2646342134732001
0.2646293725190467
0.26461550250626625
0.26461958010822395
0.2646106580875353
0.26460130939203885
0.2646102214616233
0.2646280819346086
0.26461582695220415
0.26460537861571193
0.26461158750950947
0.2646343174169932
0.2646156345721737
0.2645966552450693
0.264615508913963
0.26462428447836955
0.2646036797870429
0.2646091719180563
0.26461351709154635
0.2646193073644321
0.2646073860931835
0.26459881179729267
0.26460328267235045
0.26460635988121256
0.264586039597802
0.2645816043633788
0.2645848580781542
0.26459536784956295
0.264578484361653
0.26456389542343695
0.26457721680219826
0.2645768072525192
0.26458843906251794
0.26457488560016024
0.26459653925018345
0.2646066054775346
0.2646013403977007
0.26458238089588104
0.26459542840619016
0.2646095074552615
0.2645900136871074
0.26457720679063174
0.2645861758619393
0.2645889702768527
0.2645862430366836
0.2645805674057595
0.2645858849371871
0.26458553613290964
0.26458978505603487
0.26458175122726324
0.2645933577524852
0.2645953790437745
0.26459463948400075
0.26459322004713487
0.2646012964555787
0.26461387846144924
0.2645992510638815
0.2646018022085778
0.2645882150788923
0.2646015647788888
0.264579821168636
0.26455582809851497
0.26457119211384217
0.2645814787633807
0.26457858906597503
0.26457101282882994
0.2645779959302355
0.264589451367992
0.2645727523538566
0.26457466812134406
0.26458046054451023
