0.08041461483465404
0.0921688960900078
0.08934280574450325
0.08742958492567614
0.08645068874639003
0.08801114721227103
0.08856349755700303
0.08708352448000159
0.08704301203411083
0.08956196678065398
0.08910741093901807
0.08899547235279998
0.08864039050264896
0.0882870727682574
0.08850878515682435
0.0881654176916099
0.08865266222555508
0.08896581123146396
0.08881493135323056
0.08900630843385404
0.08887701767991103
0.08843496781390571
0.08793704658898463
0.08761272193046198
0.08805252526146085
0.08793039061309496
0.08811138422306586
0.0878401648675626
0.08796063324931361
0.0879734448032722
0.08782939742472252
0.08773631927362067
0.08740200949574678
0.08793643345079673
0.08815304866371543
0.08779290010359099
0.0879151316077582
0.08787694884839929
0.08788905360059701
0.08799988385817883
0.08804644976049887
0.08799415867249746
0.08796154366663246
0.08791714062887004
0.08776432263586362
0.08767368965013035
0.08781305674034734
0.08778720938642144
0.08777706388050392
0.08765462895186264
0.08756381779715171
0.08767138612995362
0.08750383021598158
0.08789934030893501
0.08780081991896421
0.08762007635055209
0.08764308313918433
0.08758099265919146
0.08748400931178613
0.08776302102295294
0.08782513048388874
0.08782827915214872
0.08774363710849784
0.08772155327031378
0.08747512336886794
0.08768240199712314
0.08771660489063816
0.08773035290371209
0.08759500084207644
0.08775123727721418
0.08762728633070688
0.08767501551811091
0.08761211526034436
0.08762867918195409
0.08750219322116728
0.08759218487625975
0.0875197725823456
0.08737253625719411
0.08739664056231465
0.08741264075131491
0.08743066916071184
0.08750773264146401
0.08746064507194777
0.08743720407563811
0.08731215309490532
0.08748844298498236
0.0874247475660119
0.08737457988220415
0.08736017357180867
0.08736220182905838
0.08730703445902523
0.08724205366787023
0.08723845278940295
0.08719837607364057
0.0872140076088975
0.0871596209718223
0.08701923794366447
0.0870534900716707
0.08715414976777845
0.08715093546995004
0.0871828658666395
0.08722204272900319
0.08715140783335389
0.08704928488323004
0.08704179281410729
0.0870967960482757
0.08710758179168158
0.08709061763711495
0.08716291286107015
0.0871663440302279
0.08719555120170248
0.087169837021878
0.08712674288376421
0.08715294916387652
0.08707001516777195
0.0870978621570341
0.08710895111097436
0.08710621140111231
0.08714464455902868
0.0871564642874963
0.08704623477368396
0.08711195487611155
0.08713243439095053
0.08703302486263331
0.08707159602696742
0.08709046417287818
0.08709039945268639
0.08716609757532706
0.08713868989263905
0.08716968153104988
0.08722720846824396
0.08724813101428891
0.08713747479583077
0.08711395156260696
0.08715180057271751
0.08706201016641363
0.08698906329550372
0.08703100725832548
0.08704956358020517
0.0870613986206228
0.08704899345001092
0.0870146840220839
0.08696986767080792
0.08711011414979199
0.08707666102143816
0.08705633876784641
0.0870745901776695
0.08702545495297766
0.08700067685007462
0.08706451246795069
0.08717328822775129
0.08718439337359889
0.08720831822547274
0.08720789765830332
0.08724270367834275
0.08727132326568914
0.08731175400183869
0.08730619059099344
0.08724002948863481
0.08724299142876704
0.08731108807067205
0.08732638137299704
0.08727067782118841
0.08727190384494476
0.08728495926956235
0.08724765039211574
0.08724316645399265
0.08726274416523629
0.08726765545578
0.0872747167980756
0.08719796742319746
0.0872612705714474
0.08728628780371803
0.0872435625216403
0.08724980157545519
0.08728024629780137
0.08732423274942622
0.08729064764244518
0.08731247842854437
0.08731880881664825
0.08733896262456498
0.08728564343036548
0.08727134631556233
0.08723139862440273
0.08731813794276128
0.08732613447444813
0.08730120295952287
0.08733626660354234
0.08732307879517376
0.08731894930112989
0.0873441101277614
0.08731911270549543
0.08726704869633566
0.08729141203647352
0.08725702426740171
0.08727082932613436
0.087263924133718
0.08724942991770364
0.08726617619201306
0.08724632328821301
0.08721966684992209
0.08726329430888562
0.08727759487722654
0.08726263286455041
0.08721040005040155
0.08724069642078892
0.08724340441411398
0.08723175745691633
0.08727246680579892
0.08726673812481629
0.08723562727311321
0.08722633693188674
0.08722245248207171
0.08724797774616032
0.08723340717255294
0.08718694802697857
0.08719323196398883
0.08723556236473319
0.08723691309745087
0.08722172341849176
0.08718627583789458
0.08716958479983765
0.08718874134539249
0.0871945841457621
0.0871478028623914
0.08714326838032066
0.08717294733369702
0.08714760358086734
0.08713099843564763
0.08708691491737057
0.08710097036910355
0.08717274185096026
0.08717995078986657
0.0871363264073168
0.08717902497043467
0.08718750179124687
0.0872189922976009
0.08722269521887811
0.08715397325461756
0.08721372262848719
0.08720942047505303
0.08715885161763222
0.08716983829337362
0.08721674525010756
0.08723503350153033
0.08723637730549352
0.08721663700354164
0.08722207237501904
0.08723996732259819
0.08724411200691082
0.08722891993959551
0.08721966161319797
0.08723871359583238
0.08727066028360213
0.08736340530273536
0.08736316782545425
0.08730823725312682
0.08732754130524764
0.08728456537246206
0.0873201215427881
0.08730138410721996
0.0873076773725869
0.08730709380303363
0.08729569538882953
0.08732466638167675
0.08727753791296236
0.08726635403287099
0.08730454689728648
0.08726039711917134
0.08728359223576793
0.08725710210501861
0.0873024661281896
0.08728902727741046
0.08732551503009812
0.08733673766321395
0.08736887405057953
0.08732621952984596
0.08739094370824037
0.08741702353286113
0.08739101275960597
0.08741400986086147
0.0874139321405764
0.08737779620075717
0.08738603909693589
0.0873521128591348
0.08732321304110405
0.08732555190095265
0.0873499956531004
0.08734989064197092
0.08737153660970204
0.08738865046304786
0.08737638752515105
0.08736069782337064
0.08733897153327903
0.08734628153743436
0.0873602040173898
0.08735462571980004
0.0873649526525183
0.08736566305400728
0.08735260574987265
0.0873240091019561
0.08734599303267063
0.08734655605536742
0.08734070843381303
0.08732137483445429
0.08735036610093828
0.08733297066647357
0.08731899485294672
0.0873490562373306
0.08731845769505961
0.0873040074605574
0.08735225352000962
0.08736205911250529
0.08734615725887175
0.08734321135292072
0.08734718060224007
0.08732930929954487
0.08729416185820496
0.08728920546841354
0.08726992511535003
0.08724991661988282
0.08723144374230898
0.08721887174848082
0.08721472033201116
0.08720547336067767
0.08718370938801777
0.0871940645809062
0.0872124024620115
0.08724675588551467
0.08723017599109657
0.08722803095509817
0.08720777777028851
0.08719819984442308
0.08720460263260113
0.0871985883591587
0.08719866929820118
0.08722085108372031
0.08720017172755848
0.08721234390613611
0.08720718955067482
0.08722821497787116
0.08729417845753148
0.08730781700527342
0.08730953271816247
0.08734425857729079
0.0873270580976696
0.08730523858181563
0.0872765926291324
0.08724436712736733
0.0872723782069134
0.08724977200151454
0.08727053899845916
0.08725972205386145
0.08729097847324274
0.08728302904338915
0.08725363400549754
0.08722065423789191
0.08723767685812144
0.08725030951784438
0.08726478824061662
0.08727087267268667
0.08725112431428522
0.08724714267815424
0.0872568479533321
0.08727741758655183
0.08725954466860782
0.08725433481890613
0.08725568857576023
0.0872519505359314
0.08725866545414893
0.08724315156991796
0.08723149644704717
0.08723700282768793
0.08725444856854707
0.08728097488581972
0.08726145443047201
0.08724426896454811
0.08725603480414067
0.0872475194891948
0.0872471562227642
0.08724073752009728
0.08726725565610603
0.08724417548336218
0.0872326912306897
0.08720447688565341
0.08721169233359
0.08720174930612241
0.0871972781683855
0.08721516891983745
0.08720084631605507
0.08717617477660655
0.08718119486315155
0.08718818118249949
0.08719197587497454
0.08718086375601998
0.08720028121192798
0.08720081026853853
0.08720904081369527
0.08718085723991623
0.08719113288729365
0.08718553300279279
0.08717846640907291
0.08717694957619836
0.08717612894684637
0.08717823265050008
0.08719341380420244
0.08717701949021381
0.08717049303202053
0.08713684615548085
0.08714125573296982
0.08713553083065921
0.08713138594526405
0.08714075747180808
0.08712140754574582
0.08710877070154582
0.08710455132226433
0.08711009685702063
0.08710372341327263
0.08711121907686085
0.08710585627289405
0.08709594878117004
0.08709411691197531
0.08709742644090625
0.08709261829465434
0.08707325400373894
0.08706759739350757
0.08706486312205873
0.08706010518822568
0.08703797113060481
0.08708344747942591
0.08706684241234076
0.08708470224895265
0.08707274907607619
0.08706286842577983
0.08705305852852592
0.08703996988815842
0.08702196572652718
0.08700336525136099
0.08699191968535007
0.08701593002201431
0.08700922718146564
0.08701302679150692
0.08701279690108313
0.08701697341162926
0.08702978900957467
0.08704826811869722
0.08704750821773771
0.08706234974678487
0.08707171311845313
0.0870890373942543
0.0870782998115263
0.0870906178116103
0.08707388376087988
0.08706223066118975
0.08708905401534496
0.0870839484660471
0.08710080487861423
0.08710740172972031
0.08710428680098509
0.08709087735694754
0.08707986794247637
0.08710570279782308
0.08708094527887254
0.08706804568811209
0.08705100168322388
0.08705932262821783
0.0870359886920899
0.08705751523579863
0.08706281453577273
0.0870723612566833
0.08707348952828485
0.08707466750697201
0.08706665125855205
0.08706463963209259
0.08706075497986143
0.08707241795634882
0.08706480701993935
0.08706326527984777
0.08706278405992664
0.08706295573686192
0.08704330338566225
0.08706874391597551
0.08707825177912064
0.08706638011130545
0.08706125489418133
0.0870542382948428
0.08705549898778583
0.0870637758857562
0.08707281755065897
0.08708468306495572
0.08709319550714667
0.0870872849688349
0.08708310953292045
0.08707801016749972
0.08707692507854596
0.08711038085600274
0.08712147828933467
0.08711032369652422
0.0871180085508065
0.08713827126093632
0.08713015534728756
0.08713440774526053
0.08712643054125917
0.08712191827436808
0.0871118737750343
0.08711165140881777
0.0871522414131836
0.08715843484535574
0.08714322092662481
0.08716264703915884
0.08715353908953723
0.08717482153753181
0.0871816938790263
0.08718623154897336
0.08718632401500803
0.087204933800842
0.0872423810431223
0.08724244885408437
0.08723496303959044
0.08722628098005492
0.08721977774531466
0.08723520707508756
0.08723484428755461
0.08723141823255755
0.08722300416503326
0.08722568702355149
0.08724377399664059
0.0872633450151749
0.08726033308176324
0.08726634179626244
0.08725030250581733
0.08726805313202698
0.08725071768674036
0.08725016246000133
0.08727055733561646
0.08726291176709244
0.08726122213666107
0.08727348728789484
0.08726504405625053
0.08727546487162431
0.08728105403295645
0.08727742672726296
0.08725297321875795
0.08725263589201407
0.08723570367029
0.0872533907139713
0.08724268363647392
0.08725865633048172
0.0872719241288878
0.08726779187823547
0.08726871321937493
0.08728074854150426
0.08728095329380552
0.08729799374024023
0.08728829649432206
0.08728367285789286
0.08728184288613879
0.0873025432312507
0.08730632455313983
0.08731609720433973
0.08733201668122417
0.08733386180838004
0.08733665815006357
0.08734098581986201
0.08733631141130326
0.08733250752109266
0.08731137853296866
0.08730596238964562
0.08732419800716261
0.08733217917452546
0.08732210696470727
0.08733701359554766
0.08734085070838386
0.08733685741110274
0.08732460648660789
0.08733785908249082
0.08734177189531059
0.08733554296009104
0.0873321090777155
0.08732988038349937
0.08735003933518366
0.0873356063189368
0.08732731865472171
0.0873271360983681
0.0873197361324979
0.08731802708001012
0.08731442900387411
0.08732848346649008
0.08732121879615569
0.08732569982738952
0.08730443583469905
0.08729261499670167
0.0872902717909462
0.0873025120463598
0.08728987214873256
0.08728904451042051
0.08728081022665723
0.08729588823522907
0.08731774563216689
0.08730796759375702
0.08730864363358652
0.08729974932865626
0.08728141032684678
0.08728898295943616
0.08729187907784886
0.08727746042459214
0.08727677300912841
0.08727692657671222
0.08726231394347109
0.08726169817573878
0.08726674748989897
0.08726540781061058
0.0872611495626187
0.0872516436319026
0.08724955048649119
0.08724523766704385
0.08723829575307264
0.0872329335009563
0.08722295364317204
0.08722940548209808
0.08722914226157777
0.08723228021143616
0.08722866213484351
0.08723224285126757
0.0872394870397447
0.08723113232456192
0.08723826386597835
0.0872470955776417
0.08723103350410524
0.08722039619390055
0.08722997714704733
0.08721619764388598
0.08720893310819608
0.08719726976149106
0.08718737012778345
0.08720287278063373
0.08719431742692106
0.08721365982794779
0.08719253747330118
0.08721339984879106
0.0872270766662453
0.08721703014484587
0.08720174414048282
0.087222082682936
0.08723044562659109
0.087221662363487
0.08720351295792342
0.0871949738689049
0.08721038257505934
0.08720302357092465
0.08720008722995427
0.08719432769122296
0.08719841970571289
0.08719162827172583
0.08718157660819731
0.08717254344870926
0.08719321389981188
0.08718926746158026
0.08718727064044396
0.08719387441220143
0.08717392495052052
0.08718055639771541
0.08718195517496484
0.0871788633844736
0.08718140896190922
0.08716679792642502
0.08716833824748513
0.08717557698634756
0.08718461681600025
0.0871980600694928
0.08720919541469788
0.08720004066475151
0.08719627986986371
0.08720955725613097
0.08720388165223114
0.08719750429002361
0.08720891512074438
0.08721477600046244
0.08721457291343156
0.0872333665083832
0.08724977379326208
0.08723872660795744
0.08726338743835868
0.08724868463213603
0.08724785181587864
0.08725206374220262
0.08724011380093988
0.08725409170822561
0.08725083123045414
0.08724256207470997
0.08725362471141705
0.08724416796485206
0.08723222810484527
0.08724914720849888
0.08725507294475333
0.08725050017752954
0.08724848353482878
0.0872495369054287
0.08726268787307673
0.08723987066579779
0.08725400828256252
0.08723228497069797
0.08724066170327822
0.08724835433441179
0.08724797076544671
0.08725502165987342
0.08726169764644086
0.08726259253452366
0.08726929446147476
0.08725633429374596
0.0872470660847142
0.08724251086451155
0.08724215834707467
0.08724340053048316
0.08727059390692013
0.08726071783520324
0.08725692431226531
0.08727004164050364
0.0872597346804304
0.08726300014390832
0.08725358706010766
0.08724941267045631
0.08726419647853365
0.08726138991988014
0.08725377156527261
0.08726158639763232
0.08726296688956577
0.08725988419006721
0.08725882235958839
0.08724528072255425
0.08725479496278564
0.08727350517115881
0.08727325446703757
0.08727486288344603
0.08725886367524478
0.08724907766580334
0.08724268800206908
0.08724251715655564
0.08724072734123257
0.08723814649757829
0.08723120333831866
0.0872470872225115
0.08725397602704237
0.0872544742072464
0.08723867649800127
0.0872421768099613
0.08725056398119431
0.0872508254054641
0.08726354165366478
0.0872645147995236
0.08725668363427729
0.08726126513321
0.08726892930102949
0.08725312740014098
0.08725103215837701
0.08726704452242173
0.08725489983152512
0.08725700144100931
0.08725438962625796
0.08726045199765513
0.08727361268773222
0.08725778958490452
0.08724832486985773
0.0872513497181318
0.0872523940771021
0.08723289451498197
0.08721673263943343
0.08722893131541266
0.08723393777581577
0.08722932745496167
0.08722574010958274
0.08723540712237549
0.08721795873543131
0.08722294697790842
0.08721583115905657
0.08723168159214424
0.0872312758067297
0.08722477948382869
0.08721980788677244
0.08721866141756592
0.0872061948594992
0.08720047511669723
0.08720175155390417
0.0871952705211585
0.08719519941936421
0.08719093199430292
0.08717832101379085
0.08718394130073517
0.08719414878293773
0.08718845254816684
0.08718171293553977
0.0871846449381624
0.08718250360053724
0.08718548612368712
0.0871814382471376
0.08717271963868661
0.08719436088562489
0.08718198892996608
0.08718166737723114
0.08718858783135175
0.08717681100769992
0.08718012714594553
0.0871930896590938
0.08719005795514738
0.08720281537200181
0.08720072647270712
0.0871947539197161
0.0871878971678287
0.08719154915199706
0.08719688963308768
0.08719450274039328
0.08719293750225815
0.08719210626126739
0.0871868046669519
0.08718335322526001
0.08719115627248247
0.08720260666146325
0.08719648528361658
0.08720122766607884
0.08720094142796689
0.08719794837080919
0.08718874705422912
0.08717397101518903
0.08719325198707877
0.08718578322844693
0.08718550081121543
0.0871765167052087
0.0871670243385351
0.08716772590970202
0.08716274037316768
0.08716367309022902
0.08715820318191339
0.08715069080787886
0.08717422085956396
0.08716957197365117
0.08718377249460962
0.08717810687633275
0.0871789244247559
0.08716990356955899
0.08716446424869644
0.08714516391082851
0.08715478320157025
0.08715439935997349
0.08714967942191804
0.08714874576610991
0.08714880231320836
0.0871500659365781
0.08714318100327648
0.08714249431169557
0.08714585979388885
0.08713356314173978
0.08713636570355715
0.08714217462143456
0.08713807060619558
0.08713126416513682
0.08713207523034418
0.08714064534317169
0.08713591387342831
0.08713428537163946
0.08714119038753312
0.08713632579995967
0.0871396602810708
0.0871308720622695
0.08712982618546539
0.08712483858066339
0.08713869864999027
0.08713750934445544
0.08713474567617108
0.08713486655536591
0.08712276626285693
0.08711171950009618
0.08712091893293189
0.08711763740003292
0.08711433990119512
0.08711102714640186
0.08710562397124626
0.0871179760449155
0.08711013875923698
0.08710347790814163
0.08710674279220275
0.0871021189407465
0.08709029683332596
0.08709869892317267
0.08709334770473987
0.08708929972282381
0.08709411373098179
0.08709499406034502
0.08709482156471832
0.08709167981150542
0.0870859227659986
0.08708839694202618
0.08709528180369272
0.08709119362737912
0.0870813344961123
0.08707558603035866
0.08708024214039871
0.08707309764960676
0.08708398519773351
0.08707584538421251
0.08707897704810326
0.08707309766901401
0.08707056833462594
0.0870700425764359
0.0870670504008126
0.08705903562147636
0.0870729705521147
0.08705556933809935
0.08706673099168441
0.0870671422224631
0.08706481645989816
0.0870580573141792
0.08707552276496917
0.08706557243443883
0.08707034804248176
0.0870695421248281
0.0870776947576679
0.08708814524494868
0.08708562629414623
0.08707662229225219
0.08707487678591726
0.08707287912686214
0.08706482022843179
0.08706058885650071
0.0870661139591298
0.08707346192880064
0.08706555281775294
0.08706158829675834
0.08705824727224994
0.08706811246072668
0.08706264127361601
0.08706530094105028
0.08706107252072638
0.0870706444757839
0.087070467478593
0.08705912531786765
0.087061398565619
0.08707003464514428
0.08706536146110841
0.08705308674408657
0.08705613462568276
0.08706787518957314
0.08707157275123356
0.08707305180736213
0.08707147376133116
0.08707458109564477
0.08706526904042061
0.08705073410223096
0.08706393963489335
0.08706459224470593
0.087059582310438
0.08705664587701686
0.08706297960943922
0.0870556722587254
0.08704790897101
0.08704360925722732
0.08705253032108819
0.08704873899141385
0.08704973981681415
0.08705220704404898
0.08704898319187085
0.08704915941174231
0.08704901577469301
0.08706115764677273
0.08706059488347338
0.08705573461237517
0.0870557819807594
0.087073930000149
0.08707833702679565
0.08707661474946281
0.08707840478191244
0.08706428773540456
0.08707453174175807
0.08706315907268866
0.08706142295797938
0.08707829896960832
0.08707826516470565
0.08708490927395397
0.08707976208794814
0.08707508677279009
0.0870810972392997
0.08708883775720914
0.08708025433285642
0.08707773712164171
0.0870726924109793
0.08706585215854508
0.08706903925284598
0.08707321478620156
0.0870732752824585
0.08706547903446268
0.08706058731420363
0.08705461833975314
0.08704958056442678
0.08704142077682443
0.08704016615194463
0.08705509418813748
0.08704772467693508
0.08704492235169138
0.08704046619676523
0.08703797087718906
0.08705134050021782
0.0870439393813267
0.08704193496208756
0.08704094329053576
0.08705007335424174
0.08704700909788764
0.08705183925151641
0.08705492483329619
0.08705608341684375
0.0870520984166747
0.08704739064677854
0.08704371005261502
0.08705107263176584
0.08704762165727184
0.08704300246232943
0.08704325290853804
0.08705446189759664
0.08705409841380203
0.08705528195000861
0.08704962044748457
0.08704749454663219
0.08704136606498783
0.08704533904434196
0.08704089798673847
0.08703984020049024
0.08704427281752579
0.08704397242651744
0.08705191742923489
0.08704594819837516
0.087044678716947
0.08704822749799591
0.08704110068361753
0.08704096233623997
0.08704877439040239
0.08704690749016289
0.08704968261356792
0.08704459831826948
0.08705213638761664
0.08704815640968647
0.08703499421530406
0.08704417690179896
0.08703547630691481
0.08703980998200903
0.08703523235851539
0.0870383361708199
0.0870263539701151
0.08703694124846698
0.0870465099099139
0.08705604886099796
0.08705589995020518
0.08705625999443058
0.08706008669402136
0.08706061927607968
0.08705883509462857
0.08705919739869464
0.08706122771177739
0.0870656366486898
0.08706071587694741
0.0870603793797901
0.08706800048218777
0.08707587262492206
0.08708190280569295
0.08707382681038654
0.08707507482915319
0.087071040222638
0.08706176690366228
0.08707739300601347
0.08707357517431379
0.08707916485937665
0.08708075516466375
0.08708347210266278
0.08708340430814544
0.08709512566574791
0.08708630417704634
0.08709444235585018
0.0870944242281984
0.08708746708959501
0.08710086430219144
0.08709701453452504
0.08709592541105883
0.0870918055683992
0.08709114485262687
0.0870913853331851
0.08709007510434215
0.08710123258820945
0.0871018004282045
0.08710039085934113
0.0870946828345924
0.08709111134172333
0.08708982129412265
0.08709053236771988
0.08709308861225452
0.08708835783466201
0.0870893821287051
0.0870918315679069
0.08708384178852858
0.08708818882667403
0.08708027812090963
0.08708443646054168
0.08708577960736001
0.0870814237932928
0.08707787500843686
0.08707769275415748
0.08707276169237682
0.08707720556196313
0.08708437087568838
0.08708095014446209
0.08708286284624024
0.08707931877207735
0.08708209699820031
0.08708137219491922
0.08708605279238557
0.0870843732539078
0.08707868627690986
0.08706891313834149
0.08707639071470424
0.08708064113192793
0.08708412739558273
0.08708594642119465
0.08708138309179797
0.08708399521651591
0.08708583356676936
0.08709105709173133
0.08708713671305936
0.08707810859641335
0.08707126567528986
0.08707278751099753
0.08708123713433351
0.08707652904942519
0.08707307000073077
0.0870787532563651
0.08707172819602628
0.0870878489680109
0.08707631227983488
0.08707664087136097
0.08708297518178755
0.08707759683086735
0.08708078842087943
0.08707807728677523
0.08707657820851092
0.087080557170421
0.08707508111084795
0.08708642008960173
0.08708143751421822
0.08707764966666073
0.08709102077999158
0.08709625838934582
0.08709764638224571
0.08709942507429894
0.08709592041113338
0.08710381694607498
0.0871145359558134
0.0871130897251245
0.08710644124684297
0.08711145242060186
0.08710761027117137
0.0871107535533406
0.08710851304346462
0.08710835059669858
0.08710158200917194
0.08709779518526867
0.08709576512711721
0.08710217583867613
0.08709450033719007
0.08708340380326847
0.08708630658235679
0.08709337807939467
0.08708946031233977
0.08708433476818911
0.08708000509749105
0.087082427945548
0.08708344090469466
0.087093150458066
0.0870898065366938
0.0870851765930327
0.08709144958305036
0.08708965686633184
0.08708357593181665
0.08709060892987257
0.08708250952895484
0.08708514762935016
0.08707875180146496
0.08707743602458161
0.08708347872411451
0.08708415706758404
0.08708202494638201
0.08709056459569865
0.08708317740856446
0.08708631867358131
0.08708686454363318
0.08707726114503658
0.0870788163737362
0.08708319696157218
0.08708026009941908
0.08707670011253192
0.08707931424388657
0.08707650691516745
0.08707177412934888
0.08707584901317657
0.0870681608436947
0.08708327023206806
0.08707393039233835
0.08708272963331451
0.08709307058374621
0.08709065436326507
0.08708561757864548
0.08708594892323314
0.08708577637734442
0.08708172242615637
0.08708029625486187
0.08707438937389056
0.08707547412349295
0.08706863496818795
0.0870709867709013
0.0870754230837947
0.08707934178655548
0.08707483065557323
0.08707392192451045
0.08707957790853106
0.08707475150899277
0.08707573252632349
0.08707919515878391
0.08708298805676999
0.0870759661559342
0.08708753924859408
0.08708041474187188
0.08708101388987143
0.08707886042116901
0.08708515518399382
0.08709591537531242
0.08709012873342765
0.08708636103578242
0.08708139743332437
0.08707954123331424
0.08707900134861506
0.08708321523747248
0.08708078843626578
0.08708209513355146
0.08709011675448292
0.08708350782954455
0.08707829181643725
0.08707815630374384
0.0870784299096497
0.0870769842814812
0.08707119136753856
0.08707061509925501
0.08707139747230001
0.08707065871053078
0.08706426214727461
0.08707667622507077
0.08707793085073262
0.08708051572600506
0.08707984302313213
0.08706973835267275
0.08707720971605108
0.08707422793446262
0.08707394800709564
0.08706875827510778
0.0870677110295192
0.08706842257480056
0.08706908940528493
0.0870698685206366
0.08706776387724317
0.08705710886994059
0.08706088263342535
0.08706880342145966
0.0870611130895403
0.08705769688556335
0.0870559032812063
0.08705822710307783
0.08705705354971553
0.08704863901711755
0.0870558270056786
0.08705397738153442
0.0870589022232398
0.08705059791718425
0.08706014486042875
0.08705921608566031
0.08706050049788575
0.08706351159174451
0.0870628005325757
0.08706431232280068
0.08706301841212243
0.08706541752702081
0.08706068681844745
0.08706146837449935
0.08706575832215326
0.0870606550691041
0.08706318298135202
0.08706980303431588
0.08706362933118583
0.0870644563647779
0.08706567303879181
0.08707455719549173
0.0870760321478862
0.08708448429872724
0.08708253475845969
0.08708066280441258
0.08708032169905597
0.08707320497816268
0.08707715951883853
0.08708342629270732
0.08708620601604217
0.08708494186570866
0.08708420905567431
0.08707883264359297
0.0870786265730961
0.087078014518395
0.08707825235377413
0.08707824761361799
0.0870745677365238
0.08708414386987301
0.08708783084859527
0.08708904619196
0.08708707968127008
0.08708297500549492
0.08708283668646485
0.08707977321229203
0.08708298490193554
0.08708620404786228
0.08708638822075851
0.08708641007113982
0.08708518806675535
0.08707988910871363
0.08707417823544047
0.08707190834297804
0.0870792038942827
0.0870856152659065
0.08709182769902296
0.08708648320380606
0.0870952460474497
0.0871013048768535
0.08710805833718845
0.08711605617495151
0.08712192988864187
0.08711719802651136
0.08711346267228821
0.08710887654430105
0.08711112529041315
0.08710807355921522
0.08711858584815961
0.08712415140102095
0.08712554491247486
0.08711521866576741
0.08712299324178112
0.08712878498654442
0.08712645848932449
0.08712518361633698
0.08712455442446376
0.08712491825868694
0.08712018685758706
0.08712315365433122
0.08712200010521817
0.08711917374130831
0.0871217092767724
0.08711753425873131
0.08712669975659774
0.08713080367089587
0.08712630090383337
0.08711654202663287
0.08712095388112188
0.08712995182091014
0.08712368305498382
0.08711956820050465
0.0871189545893142
0.08711675123281111
0.0871269749064539
0.0871258734606866
0.08713424004245054
0.08713223735002615
0.08712663781013606
0.08712428633104304
0.08711666577051948
0.08711790644581108
0.08712733999558381
0.08712749242429299
0.08712292063778
0.0871261547627381
0.0871230783417639
0.08712078682975535
0.08712261251427096
0.08712938952515129
0.08712382294661908
0.08711654138485454
0.0871214665233731
0.08712643123879864
0.08712136560514755
0.08712196677788396
0.0871262807967997
0.08712367809602818
0.08711930282470474
0.08711479620667362
0.08711754898464165
0.08712455321492094
0.08712108031226164
0.08711757545786379
0.08711189785705906
0.08711606649813716
0.08711722890780381
0.08712275868391961
0.0871250344455981
0.08712167957404171
0.08711887706255582
0.08712088273707425
0.08711993567760487
0.08711540251085725
0.08711847458393998
0.08711618249444626
0.08712430000618752
0.08712684674818674
0.0871234688162725
0.0871196738683835
0.08711414807005345
0.08710743078509711
0.08710474221498823
0.08710512843345508
0.0871055482625764
0.08711071838657423
0.08712064004777308
0.08713168516491879
0.08712432180662766
0.08712638179145926
0.0871275202082591
0.08712977848977031
0.08713343205903523
0.08713219106574858
0.08713712380799325
0.08713103201508896
0.08713043130945607
0.08712947877572076
0.0871320997654226
0.08712785464071497
0.087120495662372
0.08712227111631891
0.08712425359816402
0.08712341463054511
0.08712200164007491
0.08711989801134586
0.08713038214323279
0.08713356306452212
0.08712709819614457
0.08712272443631493
0.08712961290974397
0.08712822986521787
0.08712244864795157
0.08711812334367827
0.08712356492209772
0.08712409328890262
0.08711838520050715
0.0871199371492594
0.0871216331726079
0.08711777044503206
0.08712311190847807
0.08711875291592854
0.0871278845069085
0.08712809756074902
0.08712717613500882
0.08712857602674622
0.08712587732505216
0.08712310356109824
0.08711765517887383
0.08711318784144866
0.08711662387324323
0.0871139015836666
0.0871160880484534
0.08711294770691318
0.08711451238118618
0.08711614675001667
0.08711341026148149
0.08710953709588612
0.08711014014685475
0.08711492138944817
0.08711508375591996
0.08711318631261135
0.08711376305244176
0.08712352862669015
0.0871141526230244
0.08711407481732933
0.08711984947205526
0.08711671806596943
0.08711531181751338
0.08711484230099233
0.0871103872183681
0.08710769397315485
0.08711118824102732
0.0871083716956807
0.08711761691696511
0.08711877960056445
0.08712019807933283
0.08712689100365394
0.08713342985073694
0.08712924350662737
0.08713424619477589
0.087132536638307
0.08713423003330847
0.08713885833345916
0.08713217438362775
0.08712816681427607
0.08713201947399843
0.08712853146283055
0.08713461145578287
0.08713541278300815
0.08713792247709573
0.08713162473951581
0.0871394418891452
0.08713850210892125
0.08714243618512701
0.08714326296252016
0.08713707707079846
0.08713259274014959
0.08713318537653598
0.08713410333222121
0.08713544130131994
0.08713393604031733
0.08713754468560754
0.0871408270546251
0.0871428742976032
0.08715183269176624
0.08715180371116432
0.08714612825856964
0.08714648872478359
0.0871416235472177
0.08714108406047522
0.08714282865667371
0.0871381169380969
0.08713443081191283
0.08713515566099775
0.08713422447675709
0.0871332784304458
0.08713814376067683
0.0871363835454776
0.08713704922097809
0.08713856678964166
0.08713758634821184
0.08714421979306994
0.08713615399899992
0.08713538332648703
0.08712963943735891
0.08713093077026221
0.08712715964147405
0.0871352889692407
0.08714194774711169
0.08713386774860796
0.08713808652423954
0.08713216836840751
0.0871291170073489
0.0871309639431466
0.08713711998586093
0.08713707186466291
0.08713831858733136
0.08713608774291355
0.08712995173756567
0.08712756505795226
0.08713192290245772
0.0871390322240589
0.08714449463671668
0.08714187834836506
0.08714374683354452
0.0871396297272866
0.08713308306979627
0.08713378505680534
0.0871331922651098
0.08713286597918996
0.08713602515040815
0.08713850668337655
0.08713968005431268
0.08713959999310322
0.08714648923015857
0.0871461078909097
0.08713701037963598
0.08713976630530063
0.08713668349892163
0.08713887383439999
0.08715335435070784
0.08714491121829332
0.08714881560284622
0.08714047002318888
0.08714164329637714
0.08714127406249043
0.08713619542601733
0.08713811057606922
0.08713127354548655
0.08714017844570321
0.08714856449407052
0.08714337189435087
0.08714400502988737
0.08714504591267924
0.08714204489598006
0.08713834664070096
0.08713173171418684
0.08713899465023431
0.08713827606714951
0.08713544875748336
0.08714533858315056
0.08714977067995036
0.08714751805421003
0.08714556110407837
0.08714938049769617
0.08715488665184999
0.08715399084570927
0.08715306864423944
0.08715174364424709
0.08716232940124993
0.08716699669083353
0.08716887365896671
0.08717227910220084
0.0871692228358446
0.08716524135624505
0.08716684829978107
0.08716545374786806
0.08716865594701259
0.08716912912656113
0.0871678992863584
0.08717235054769151
0.08716835032161509
0.08716717895904673
0.08716121322294731
0.0871628057864279
0.08717639589838327
0.08717350770888652
0.087168364696029
0.08716153239539458
0.08716172791594082
0.08716864529025208
0.08717088369842615
0.08717193981343609
0.08718011012104697
0.08718243839033439
0.08717710303067687
0.08717954675997164
0.08718146249244925
0.08717733760165296
0.08717475780773487
0.08717384734338074
0.0871742536674277
0.08716864706385687
0.08717363728875245
0.08717354873731982
0.08717577154567088
0.08717621803296165
0.08718013226882981
0.08718187106703115
0.08718023955091583
0.08717835535642333
0.08717691944982743
0.08717350410007463
0.08717616061555124
0.08717799664167969
0.08718341675689982
0.08718123497797871
0.08718567714857674
0.08718941347588145
0.08718738495709692
0.08718319761644755
0.08719228507443703
0.08720172035058335
0.08720309720152758
0.08719944492305558
0.08720428248161127
0.08720675655292982
0.087201092416782
0.08720171900834414
0.08719949612077749
0.0872032500983679
0.0872030599105276
0.08720065904714475
0.08720049640422835
0.08719538465099158
0.0872002802968088
0.08720251028613278
0.08719775328339219
0.08719566860443986
0.08719537031034266
0.08719688826836056
0.08719928063885411
0.08719525336790132
0.08720634791775707
0.08720876878068723
0.08720181064289087
0.08719796005094597
0.0871990129838782
0.08719854539488898
0.08719514688478026
0.08718709412420984
0.08719026573821573
0.08718899767038225
0.08718487204568452
0.08718168018795502
0.08718515036880228
0.08718050761444039
0.08717966053778618
0.08718211298278383
0.08718339605502694
0.08718967069475546
0.08719038545276288
0.08718805021634202
0.08719352665782679
0.08718864879145974
0.08718875596739666
0.0871886804776169
0.08719522999286967
0.08719164691147224
0.08718830283271008
0.0871844358512378
0.08719199649246764
0.08718872625909069
0.0871850822354108
0.08718137444267773
0.08718570728514523
0.08718711078590903
0.08718939523543467
0.08718096382995498
0.08718480207834567
0.08718763557662981
0.08718547883516328
0.08718716683056214
0.08718734080710819
0.0871896925865887
0.08718796092419405
0.08718514954429285
0.08718673077579416
0.08718390350827779
0.08718684391247361
0.08718410571199428
0.08719068531029064
0.08718772582105626
0.08719050085955911
0.0871927983256049
0.08719393647982507
0.0871903326116813
0.08718670045544623
0.08718518142908356
0.08718371532400727
0.08718156853942279
0.08717651758208193
0.08718567110970947
0.08718980278977566
0.08718428185359156
0.08718306987115701
0.08718362335670189
0.08718560674932402
0.08718275812796106
0.08717976673917523
0.08718412202494717
0.08718535056603809
0.08718246971035608
0.08718132281612588
0.08718231211933374
0.08719225850353142
0.08718386984396935
0.0871855835495258
0.08718828136635423
0.08718468575201724
0.08718049831174124
0.08718143055278527
0.08717688779225137
0.08718087589752735
0.0871780170312647
0.08717898259665026
0.08717463676484039
0.08717246540989006
0.08716930872635656
0.08716531590986527
0.08716198714007292
0.08716616078109263
0.08716735541395017
0.08716657445434046
0.08716430552715207
0.08716648195411099
0.0871654142455424
0.08716196987306843
0.08715687132679943
0.08716140775524817
0.08716141669331233
0.08716382811739358
0.08716578650632077
0.0871645723846096
0.08716223422556899
0.08716114754629345
0.08716013607516601
0.08716085178125613
0.08716238123051412
0.08716449733061453
0.08716333922906024
0.0871614857251204
0.08716263921570393
0.08716731900936013
0.08716174116213903
0.08716513095491135
0.08717207855996431
0.08716800585866333
0.08716352092998747
0.0871672803584087
0.08716275885656964
0.08716485801214334
0.08717047103339923
0.08716759403078465
0.08717054300950727
0.08716931180716131
0.08716425459324623
0.08716156294256515
0.08715662399786013
0.08715616549082623
0.08715299845964095
0.08716512497950846
0.08716479931363305
0.08716323452067702
0.0871649461561819
0.08716260276008686
0.08716187151540422
0.08715932486098464
0.08715592356786414
0.08716382619071819
0.08716231882256782
0.08716453267690198
0.08716268986594053
0.08716365204337914
0.08716397076575573
0.08715964280959497
0.08715872586700586
0.08715702161531734
0.087154904333632
0.0871558530057034
0.08715227007467198
0.08715428978062918
0.08715885408156214
0.08716342316166803
0.08716694838222011
0.0871622825912545
0.0871605551133387
0.08716598024301052
0.08716311794563707
0.08716649274668438
0.08716244403389753
0.08716492219977712
0.08716304070044778
0.08716875230860428
0.08716651608724732
0.08716236532129841
0.0871635280876985
0.08715579059353337
0.08715408530952173
0.08715661249865064
0.08715635305139796
0.08715755841049255
0.08715653241711904
0.08715714932545814
0.08715545551937341
0.08715220348836074
0.08715471340119893
0.08715507140358945
0.08715377874312268
0.08715127305011572
0.08715428108216709
0.08715346576111162
0.08715391539941479
0.08714865966292283
0.087151921879708
0.08715497948037243
0.08715509480286768
0.08715174201331012
0.08715176888200259
0.08715301246972205
0.08715583897370383
0.08715751333100606
0.0871593031953007
0.08715610351648737
0.08715854634284588
0.08716045736962288
0.08716173315145045
0.08716491333605271
0.08716462770391968
0.08716256953249173
0.08716138985446667
0.08716546345368159
0.0871602297423918
0.08716244078864256
0.08716362014178039
0.08717116335071347
0.08717230492042936
0.08716943655220842
0.08717446865802353
0.0871793675533168
0.08718096267273927
0.08717672631859301
0.08717156593039194
0.08717152276106362
0.08717007758849332
0.08717159650934127
0.08717397456555254
0.087174688726284
0.08717248175679429
0.08716932828198715
0.08716327032503517
0.0871617834761497
0.08715894904857487
0.08716811791464914
0.08716925641040459
0.08717536725715563
0.08717859404628378
0.08718032087672031
0.08717730037658065
0.0871795765211387
0.08717973485095759
0.08718452021644206
0.08719118354313411
0.08718942846233974
0.08718792381598138
0.08719099761743362
0.08719702696049504
0.08719907991653275
0.08719459803104802
0.08719573068790333
0.08719507413586514
0.08719521956462248
0.08719974990127623
0.08719311062230262
0.0871900984705327
0.08718774374185968
0.08718972577253857
0.08718658277071886
0.0871800048061711
0.0871817499585466
0.08718438260596285
0.08719030067270792
0.08718780488710624
0.0871930715895292
0.08718917918818253
0.0871905365707109
0.08718783385647362
0.08718844226231931
0.08718475906167956
0.08718538157138096
0.08719118470404222
0.08718770274854447
0.08719074177405046
0.08719216201732506
0.08718975547066615
0.08719202607861012
0.08719158950294523
0.08719349162803451
0.08719340336192852
0.08719021636309439
0.08719186034059524
0.08718959299336271
0.0871852806169485
0.08718814608501528
0.08718396445292782
0.08718503397743677
0.08718356873794685
0.08718585530135797
0.08718541962002985
0.08718693882692106
0.08718201191322283
0.08718038851521376
0.08717847883135135
0.0871851127712872
0.08718790383449933
0.08718635882160383
0.08718451379115164
0.0871857917605099
0.08717946668049326
0.08718590944393828
0.08718347607971241
0.08718473445924212
0.08718330089348049
0.08718714553774949
0.08718612814323314
0.08718345621616692
0.08718272419623489
0.08718983995326887
0.08719254550458226
0.08718943006064243
0.08718765034575032
0.08718479515428144
0.08718881776319509
0.08718763903986583
0.08719273354663852
0.08719009915916777
0.08718677136251711
0.0871880083120457
0.08718321753851065
0.0871838801249485
0.0871884937812491
0.0871862419111544
0.08719033766579402
0.08719561218097933
0.08719209261480795
0.08719123935871838
0.08718856393803748
0.0871853691726446
0.08718633232931812
0.08718326875879105
0.0871799727589575
0.08718730821159838
0.08718708438853592
0.08718702057908802
0.08719121008900475
0.08719317172349109
0.08719241503782703
0.08718771937842708
0.0871845386885043
0.08718373311810226
0.08718208688985858
0.08718589467259122
0.08718898867428883
0.087186521213243
0.08718424020227353
0.087186998868105
0.0871866674157005
0.08718837420884049
0.0871842062085692
0.08719410135606108
0.08719336688573087
0.08719489873933539
0.08719153125303467
0.08719056604928556
0.08718975773549471
0.0871931745188823
0.08719286755159661
0.08719108829447994
0.08718795508383757
0.08718707392701157
0.08718527616347316
0.0871922464390164
0.08719007539916593
0.08719022471566934
0.08718895528941482
0.08718597903663126
0.08718309222481528
0.08718666635471654
0.087182725524363
0.08718300637710708
0.08717609630224935
0.08717978875463066
0.08718717780932406
0.08718298825888635
0.0871856122465636
0.08718773193852382
0.08718697904713446
0.08719466716242263
0.08719267361973808
0.08719147459043938
0.08719368873724005
0.087192193397402
0.08719147157327659
0.0871901017970063
0.08719215693969828
0.08719183909878872
0.08719270054182203
0.08719407726814436
0.08719648066226382
0.08719565199976995
0.08719392294605306
0.08719914728462928
0.08719310209850675
0.08719580234735534
0.08719343388246516
0.08719164859873346
0.08718875634313215
0.08719797857328883
0.08719420860047215
0.08719352600970881
0.08719380671698024
0.0871939962983943
0.08719279223390922
0.08719212251284686
0.08719236103614526
0.0871940201176907
0.08719923766860468
0.08719567809300771
0.08719271597654982
0.0871913263812302
0.0871984180788218
0.08719954159683384
0.08719722815081488
0.08719709145022757
0.08719334300016253
0.08719514468496518
0.08719277039748402
0.08719188623560248
0.08718705969724953
0.08718862338539488
0.08718731412622446
0.08719341170173865
0.0871902441729777
0.0871954443166141
0.08719567692168098
0.08719231956946849
0.08718941473489324
0.08718742527836892
0.08718843810151622
0.08718874657635907
0.08718848983240747
0.08718791394573953
0.08718731880690028
0.08718622221382952
0.08719450119958677
0.0871905393271838
0.08719340118869623
0.08719451240542937
0.0871987249886949
0.08719947442550936
0.0871954147432705
0.08720103667847501
0.08720014897377573
0.08720050372135192
0.08720101185540581
0.08719842538418794
0.08719367403848194
0.08719392505461307
0.08719561133034422
0.08719811830117855
0.08719424664516508
0.08719017937090089
0.08718976551458099
0.08719082971373668
0.08719191016296261
0.08719559246584874
0.08719883554039796
0.08719941173767388
0.08719676377217196
0.0872047583007483
0.08721233361062042
0.08720838054709693
0.08721144729557577
0.0872130335491192
0.0872107153679198
0.08721340481151368
0.08721107416844447
0.08721155895189578
0.08721267673061277
0.08721859364586265
0.08721722424740562
0.08721389247595134
0.08721334467610412
0.08721253923003287
0.08721171564242793
0.08720810172147458
0.08720773320032933
0.0872067067569903
0.08720396294287952
0.0872036720647133
0.08720306287553763
0.0872091856997983
0.08720725575527292
0.08720481785720907
0.0872012281158754
0.08720197648644475
0.08720002101637833
0.0872035507016073
0.08718730754261096
0.08717107947948728
0.08717194174554742
0.08716702426207215
0.08717271953266288
0.08717234248202262
0.08717099176394541
0.08716996007005015
0.08716647712137449
0.08717262548818792
0.08717155620886083
0.08716719969445662
0.08716832360306026
0.08716699638946965
0.087168573805602
0.08716657926187224
0.08717016549801952
0.0871724523337253
0.08717591018817114
0.08717254710134399
0.08717283888137599
0.08717381668963274
0.08717179457214237
0.0871730236676577
0.08717228742911545
0.08717609998689221
0.08717758047642936
0.08717744321631501
0.08717516432617925
0.08717308686115588
0.08717045257209187
0.08716917040957739
0.0871696586603759
0.08716663709627674
0.08717462105733956
0.0871752847927793
0.08717205307162704
0.08717728445964094
0.0871770525742491
0.08717449254400444
0.08717370192823529
0.0871716177084559
0.08717239600843953
0.08717111220791043
0.08716899259375811
0.0871752866031939
0.08717926911807809
0.08718080690857118
0.08718409327822958
0.08718191258520878
0.08718606790177216
0.08718071215324809
0.08717997548040379
0.08718228623334509
0.08717824674094835
0.08718153381195448
0.08718404653889529
0.08718524780214128
0.08718466511764772
0.08718670428453819
0.08718799582712546
0.08718591680664717
0.08718533509511597
0.08718845030528218
0.08718469818174496
0.08718241627523922
0.08717813816889643
0.08718423733926371
0.08718643762806196
0.0871890507189304
0.087184260065197
0.08718470409306794
0.08718182469550492
0.08718299406439045
0.08717530323916596
0.08718371461311444
0.08718991689971844
0.08718932271473401
0.08719129048904385
0.08718905185123836
0.08718821201713588
0.08718606821084512
0.08718285038588355
0.08718950436106303
0.0871896702769551
0.08718606444113979
0.08718110630800431
0.08718658496428616
0.08718442244978049
0.08718114923276885
0.08717849909332502
0.08717967487785241
0.08717810930772207
0.08718468854924605
0.08718813462180253
0.08718731207331967
0.08718995020316463
0.08718967706990507
0.08718726178404325
0.08718533807521814
0.08718007623931402
0.08718144488300367
0.08718140081639032
0.08718119861048584
0.08717744370674935
0.08718493930815567
0.08718368338993888
0.08718127309445457
0.08717839317028939
0.0871786155869848
0.08717595974408862
0.08717692433424708
0.08717861110491248
0.08717966140178127
0.08717816255581207
0.08717665352044753
0.08717557105955552
0.08717548278227827
0.08717628177071178
0.08717809409424207
0.08717602715583901
0.08717787774109609
0.08717840727559852
0.08717819834957281
0.08717692795155345
0.08718057212867317
0.08717651319038462
0.08717767478895357
0.0871778876521455
0.08718320139893508
0.0871831951473562
0.08718217219067569
0.08718094816505399
0.08718364976609169
0.08718153371920645
0.08717745714466442
0.08717946323653919
0.08717696456912669
0.0871760157350891
0.087180324856595
0.08718107026410155
0.087181363112192
0.08718263994455941
0.0871799632474051
0.08718589587080453
0.08718760081183594
0.08718188156260405
0.08718868033287772
0.08718758992990402
0.08718358419863471
0.08718026776867532
0.08718163440773262
0.08718201125177155
0.08718135524195106
0.08718065174189218
0.08718171910558906
0.08717658003136301
0.08717943666726062
0.0871764788283968
0.08718221080320941
0.08718491557643845
0.08718131999318951
0.08717596483598111
0.08717416643079436
0.08717426575064191
0.08717138656084687
0.08717103186668182
0.08717008589065948
0.08717386471744198
0.08717415715465003
0.08716829406803894
0.08717564387275845
0.0871742938680357
0.087175759958465
0.08718247765242948
0.08718190217508562
0.0871875169789657
0.08718461103427998
0.08718729985120352
0.08718459118631786
0.08718367534404098
0.0871785163630477
0.08717456277338213
0.08717342788455569
0.08717032634463599
0.08717325511367865
0.08717598896699842
0.08717481133925005
0.08717429097694847
0.08717360684612548
0.08717284501559554
0.08717374430799146
0.08717222162527655
0.08717518636057811
0.08717102220596401
0.08717648389433294
0.08717255054886268
0.08718080301895366
0.08718160666726384
0.08718662181591139
0.08718811834443625
0.08718630120358206
0.08718913985493172
0.08718777169400639
0.08718927039189911
0.08719191640484879
0.08718921517793622
0.08718821352088095
0.08718694342178628
0.087185824431646
0.08718251327846416
0.08718311734966906
0.08717929793271904
0.08717932307104133
0.08717922152049086
0.0871787100615708
0.08717670691750562
0.08717653770027402
0.08717756510473049
0.08717874574178454
0.0871772598138065
0.08717497600883546
0.08717053057388714
0.0871680791949919
0.08716954930261521
0.08717236299283826
0.08717465593765311
0.0871732822051361
0.08717431497386266
0.08717053156138688
0.08717002066198241
0.08716651504059754
0.08716210189878608
0.08716442510511277
0.08716189428543511
0.08716142660923096
0.08716096653063093
0.08715888095736356
0.0871553123423152
0.0871599558253682
0.08715698836413938
0.0871567656561304
0.08715537977331471
0.08715564901340651
0.08715449597010888
0.08715546934400979
0.08715280552239096
0.08715023482787705
0.08714980095453051
0.0871552380445937
0.0871504437593405
0.08714809860739976
0.08714802183093953
0.08715005287003555
0.08714735609269623
0.08714749954765756
0.08714844556970262
0.08714839011825783
0.08714463018613831
0.08714601427898035
0.08714629054991449
0.08714361208968754
0.08714669295212685
0.0871465447874688
0.08714780109201418
0.08714701379044251
0.0871445597204174
0.08714838863350642
0.08715112878762676
0.08714944816988375
0.08714549389270772
0.08714656732917214
0.0871476084087333
0.08714545658359636
0.08714721968486591
0.0871438369087227
0.0871432652081227
0.08714446757726181
0.08714308534593292
0.08714269485224524
0.08714108175946547
0.08713919245122263
0.08713924196182624
0.087140493748132
0.08714048506398211
0.08714169245986314
0.08714148709784401
0.08713889831679256
0.08713847174071133
0.08713373584816657
0.08714013853771913
0.08713958246200788
0.08713829970084243
0.08713717918614748
0.08713566858617547
0.08713551891420286
0.08713477641249329
0.08713696437436322
0.0871345021936566
0.08713909380819664
0.0871405737663794
0.08713749405909997
0.08713593611900747
0.08713654306554326
0.08713408005115506
0.08713357926886778
0.08713258209495149
0.08713174134595263
0.0871325201693074
0.08712985272355585
0.08712711091513982
0.0871302802312665
0.08712824992320366
0.08713178220259585
0.08712850208959166
0.0871268820582073
0.08712891312601166
0.08712961005895806
0.08712771348698042
0.08713191063545231
0.08713181777902815
0.08713196001181701
0.08713279372160274
0.08713364771379853
0.08713241471227098
0.08713323469105236
0.08713384499529593
0.08713218821289058
0.08712896341522856
0.08712854188662425
0.08712417497820946
0.08712339559228914
0.08712700929436529
0.0871275761844029
0.08712948522361548
0.0871320125523426
0.0871375665690929
0.08713418532441707
0.08714106777302083
0.08714300073383405
0.08714157500875032
0.08713624771240545
0.08713837408717082
0.08713582460027053
0.08713558375355421
0.0871318083710033
0.08713071499384632
0.0871373292533866
0.08713708889474524
0.08713526089441853
0.08713667212350472
0.08713487570438891
0.08713296619059761
0.08713564455949922
0.08713855234841074
0.08713614315143671
0.08713341516478762
0.0871326782368264
0.08713055704583468
0.08713575517025081
0.08713542512451927
0.08713654487431935
0.08713604666402967
0.0871359992807792
0.08713494225199649
0.08713376895114404
0.08713227068576063
0.0871333124656008
0.08713330508478458
0.08713396860259952
0.08713150957297365
0.08712840478492949
0.08712993077723677
0.08713108951732154
0.08712925351163514
0.08712727859211061
0.08712537206938917
0.08712904690723328
0.08712996888782866
0.08713136876804814
0.08713599916377673
0.0871322835549429
0.08713288426652334
0.08713427567951758
0.08713126741765789
0.08712891824075768
0.08712523991309841
0.08712549245668613
0.0871265914525861
0.08712761262755371
0.08712977121270776
0.08712936601112449
0.08712941880630708
0.08712564575156764
0.08712777175465163
0.08712755049274114
0.08712895106345911
0.08713350387567598
0.0871335082670769
0.08713179044196469
0.08712901506937985
0.08712594104933007
0.08712316038920272
0.08712798469118574
0.08712224041725312
0.08712161788141687
0.08712528611098111
0.08712450972290539
0.08712939150975772
0.08712444296538732
0.08712419716267546
0.08712456302885685
0.08712502655724684
0.08712240964754342
0.08712616257791905
0.08712647053055549
0.08712366336623113
0.08712413503373144
0.08712432943711611
0.08712220597426781
0.08712157671430909
0.08712361111029467
0.08712017385237517
0.087125196026951
0.08712196956267021
0.0871218465135448
0.08712104978729991
0.08712225678660203
0.08712030900070457
0.08712088153721016
0.08712415212813361
0.0871213411859092
0.0871214227793539
0.08712450163746166
0.08713129815419497
0.08713289296827029
0.08713318719202759
0.08713445109299274
0.08713330568638811
0.08713087347895979
0.08713357108608646
0.08713011481343265
0.08712885627382422
0.08712774568587262
0.0871224435349477
0.08712531953692391
0.08712776654562615
0.08712668825772206
0.08713009596185088
0.08712745527820107
0.08712638273077303
0.08712338468903041
0.08712389074383506
0.08712357598798424
0.08712197227376058
0.08712309669556471
0.08712533986383482
0.08712695116182999
0.087129918031592
0.08712815620136742
0.08712586979783887
0.0871248019352603
0.08713224670155024
0.0871313012182147
0.08712589783009642
0.08712494743437714
0.08712341995182805
0.08712122580078664
0.08711771505220739
0.0871182926081152
0.0871187791149023
0.08711593212043481
0.08711721642990967
0.08711573381536704
0.08711331555136491
0.08711545163010671
0.08711146163705644
0.08711282759257151
0.08711318073300284
0.08711486061209639
0.0871183026079634
0.08712151673299245
0.0871237406060583
0.08712888568364155
0.08712906598582781
0.08712596510456058
0.08712360793212733
0.0871232096909233
0.08712139406540075
0.08712338939254902
0.0871265875215917
0.08712109279659172
0.08712075478415857
0.08711992530087134
0.08711884250716541
0.08712034428120287
0.0871202491736312
0.08712295941243713
0.0871230882195559
0.08712494598282636
0.08712388969858663
0.08712278593865612
0.08712509548262251
0.08712389889959654
0.0871252253173476
0.08712675517592888
0.08712625973818848
0.08712257862195996
0.08712243879309035
0.08712046699084643
0.08711730847324378
0.08711780261000222
0.0871169792615632
0.08711734641896138
0.08711889979160257
0.08711616602216339
0.08711097345627712
0.08711047260689662
0.08711708134441662
0.08711610254979577
0.0871168108004564
0.08711462657463556
0.08711065278947186
0.08711252154788088
0.0871138163828645
0.08711011276735803
0.08711234315910836
0.08711161810758208
0.08710772333348808
0.0871084863653661
0.08710648200887564
0.08710957597009772
0.08710739100172463
0.08711257574265312
0.08710935171167468
0.08710869765929082
0.08711666250828057
0.0871164628421685
0.08711643708031132
0.08711407959207301
0.08711294458389188
0.08711376949997945
0.08711215782566627
0.08711096762213773
0.08710763703097922
0.08710691156323143
0.08710294380927214
0.08710666957123198
0.08710489239429291
0.0871082445079409
0.08710800055252389
0.08711014631090475
0.08710882875988238
0.08710929435224739
0.08710709816016157
0.08710489168079538
0.08710800102903334
0.0871081641754551
0.08710596329863757
0.08710706005738311
0.08710453460211484
0.0871030146823271
0.08710822472803499
0.0871110041632139
0.08711133798025035
0.0871103592560816
0.08711035814803955
0.08710668052009266
0.08710780076686149
0.08710455488940987
0.08710665625774192
0.0871116106739567
0.0871108949107611
0.0871103522486755
0.08711100279764072
0.08711215708613097
0.08711167676062097
0.08711356512259413
0.08711536734403902
0.0871145160561409
0.08711318538598573
0.08711505728471586
0.08711278670722898
0.08711962540475483
0.08711618153414835
0.0871133264510406
0.08711178435916561
0.08711283368859059
0.08711033853607932
0.08711259595571132
0.08711655316966486
0.08711211821529564
0.08711280531175068
0.08711482585463286
0.08711404206077544
0.08711894496778176
0.08711431219820258
0.08711242908935976
0.08711402956544372
0.0871117967782316
0.08711434801282397
0.08711688609859408
0.08711601574036792
0.08711524455940214
0.08711923342837664
0.08712023097095979
0.08711760895080224
0.08711797987792616
0.0871198980994761
0.0871202727804137
0.08712126106493934
0.08712034815929083
0.0871221355458318
0.08712167421956878
0.0871238969091724
0.08712440906826156
0.08712161988112019
0.08712316360391757
0.08712180689751711
0.08711966944746066
0.08711602287220196
0.08712277798532674
0.08712330812903349
0.08712449152434149
0.08712180689342397
0.0871217637714521
0.08712144610434501
0.08711828854253256
0.08711710713142942
0.08712232760786459
0.08712120161128115
0.08712040345685937
0.08711857063977359
0.08712155294829414
0.08712329581459469
0.08712143615095995
0.08712138051888432
0.08712330654910934
0.08712285978942544
0.08712343161875274
0.08712319912723115
0.08712049221558696
0.0871206709976918
0.08711824343980507
0.08711671912023887
0.08711664613758875
0.08711242642908225
0.08711546953004011
0.08711895945838821
0.08711884490032076
0.0871219094696085
0.08711958793234686
0.08711914855862672
0.08712077460035518
0.08712293080183836
0.08712110075248507
0.08712077008465431
0.0871249268009513
0.08712252771949879
0.08712356833096156
0.08712336111913938
0.08711957592286966
0.08711892674242362
0.08711865806547314
0.08711744256124837
0.08712066935267748
0.08711988756966911
0.08711731835997234
0.08711811032824071
0.0871145689405154
0.08711120042147519
0.08711259433582957
0.08711663562346093
0.08711462360848168
0.08711563606558183
0.08711691828807258
0.08711902414747957
0.08711897396891267
0.08711702396276476
0.08711648824583693
0.08711460243790246
0.08711366269339614
0.08711378421897617
0.08711350592935271
0.08711595138477034
0.08711367755664472
0.08710959680193395
0.08710928975930596
0.08710783214660127
0.08711008621993088
0.08710872578858582
0.0871084408111095
0.08710415510205058
0.0871063528096216
0.08710891705699973
0.08711192575140639
0.08711093323829991
0.08710687825320305
0.0871045777081478
0.08710497560536828
0.08710669020212788
0.08710734873454441
0.0871083989204813
0.08710964317555296
0.08710928660706975
0.08711585899257203
0.08711561911320577
0.08711707832207366
0.08711778005286079
0.08711564846953977
0.08711714757741038
0.08711954313400065
0.08711958855288111
0.08712155050865016
0.08712393999023779
0.08712223457897723
0.08712125833534032
0.0871249452102311
0.08712942160475243
0.08712644344563475
0.087125485996292
0.0871277828134415
0.08712895441995344
0.08713063067902725
0.0871290701820913
0.0871326361358527
0.08713845669162942
0.08713249258859748
0.08713211713006552
0.08713340910479203
0.0871326610486803
0.08713773652342448
0.0871378998224773
0.08713681579731822
0.08713374602731842
0.08713222008448496
0.0871349705061163
0.08713198926277935
0.0871337761170716
0.0871307387693978
0.08712979728045497
0.08712754561676175
0.08713372607265105
0.08713480016663387
0.08713776751317595
0.08713841953511806
0.08713630730236942
0.08713888415450144
0.08713987399683264
0.08713959359496508
0.08713567310048644
0.08713889185699951
0.08713961279310058
0.08713955792385956
0.08714149322382828
0.08713738982720044
0.08713575592406152
0.08713346187423154
0.0871352217326631
0.08713744176777354
0.0871405948598579
0.08714220204443307
0.08714299903934991
0.08714367877069172
0.08714467343457785
0.08714298050706987
0.08714090077781173
0.08714268579445617
0.08714363409151647
0.08713938498329152
0.0871359766531267
0.08713825095613964
0.08713971989268644
0.08713751108830323
0.08714167459025951
0.08714272035080481
0.08714170815036602
0.08714657351978433
0.08714352010744195
0.08714193459202708
0.08714263782228476
0.08714777283526261
0.08714677370288255
0.08714882455182006
0.08714571280653154
0.08714360593596339
0.08713958841258193
0.08714343706970828
0.08714408792034582
0.08714663655493059
0.08714650966778048
0.08714336390772419
0.0871429245543483
0.08714091239599975
0.0871422937937977
0.08714332444610404
0.08713939335678553
0.08714011238373398
0.08714498611406328
0.08714390114485553
0.08713995222123037
0.0871449705051747
0.08714473368319013
0.08714458878384643
0.08714495678505546
0.08714627174134798
0.08714504642310758
0.08714244622486705
0.08714002446610011
0.08714187826848274
0.08714206099744494
0.08714652683656834
0.08714654930086392
0.08714446482819446
0.08714436877491452
0.08715029234817581
0.08714720299979514
0.08714792431930445
0.08714723736808015
0.08714454607304721
0.08714416798365424
0.08714134507208428
0.08714317824360795
0.08714132342148037
0.08714072229647667
0.08714190882448654
0.0871406443410921
0.08714152508478215
0.08713803007696476
0.08714142980702921
0.08713973686872953
0.0871396303963044
0.08713874865367414
0.08714011877444908
0.08713789174133886
0.08713898380642475
0.08713713167446945
0.08713999010826745
0.08714074889002171
0.08714129538815918
0.0871400615097827
0.08713977430996854
0.08714080865222257
0.0871383517366597
0.08713653412041224
0.0871395404705569
0.08713627845206763
0.08714036008239291
0.08714134637323434
0.08714079873793683
0.08714090327172488
0.08713964160497008
0.08713867869803536
0.08714023089173768
0.08713993405724195
0.08714092488226792
0.08713920563374462
0.087139365388763
0.08714082722144953
0.08713797790091862
0.08713580638955014
0.08713663572372914
0.08713587670389435
0.0871352201889909
0.08713275188186385
0.08713515708769888
0.08713757796519668
0.0871363468043309
0.08713700454209336
0.08713675753570611
0.08714160806203697
0.0871411224629129
0.08713914946320465
0.08714132211533873
0.08713945725075965
0.08713767299333196
0.0871340568254352
0.08713377522607281
0.08713096222270554
0.08713288139531736
0.08712915235700061
0.08712747877504431
0.08712844765723399
0.08712940298323178
0.08712627799592244
0.08712467265026556
0.08712538564742793
0.08712591998113822
0.08712535345574132
0.087129936968771
0.08712877657660253
0.0871294925319607
0.08713375516815376
0.08713647424625541
0.08713415860782607
0.08713372430692358
0.08712911845279779
0.08713163761297865
0.08712962424110789
0.0871282040833697
0.08712429421910257
0.08712351083414535
0.08712801004078842
0.08712871943791825
0.08713001890704102
0.08713405390495739
0.08713228985691666
0.08713426439751613
0.08713275105931866
0.08713423739714929
0.08713395893520587
0.0871338054257587
0.08712992775536631
0.08712752322388274
0.08712740372447711
0.08712818928261225
0.08712955971022703
0.08712668584928801
0.08713304408181594
0.08713196974154999
0.08713253782230784
0.08713289407764672
0.08713089410222023
0.0871314981484768
0.08713312785645483
0.08713390010636227
0.08713191319772237
0.0871338868188703
0.08713275494699424
0.08713411009029283
0.08713651697488463
0.08713279981767966
0.08713354085176078
0.08713546520883068
0.08712982554509555
0.08713459151892831
0.08713339405775547
0.08713155501969187
0.08712900586299621
0.08713073881328494
0.08713047205575383
0.08712804304438092
0.08712501111127668
0.0871267113190301
0.08712781767930451
0.08712884009674013
0.08712823279118678
0.0871299356991486
0.08713329650820681
0.0871335636702701
0.08713145379299754
0.08712988044662075
0.087130087319199
0.08713014863950136
0.08712734832325515
0.0871292356097968
0.08713040845622437
0.08713146153741244
0.08713064977062002
0.08712908662925845
0.08713049846616516
0.08713243556932328
0.08712962049526003
0.08712963534498913
0.08713419665655295
0.08713372383984389
0.08713796535263933
0.08713616869323107
0.0871333791345828
0.0871322899424473
0.08713374399213822
0.08713361734928149
0.08713543499767026
0.08713592244708619
0.08713325169333253
0.08713446121889763
0.08713256229445694
0.08713351371550913
0.08713650424448936
0.08713582683820933
0.08713474516419233
0.08713702643313663
0.08713638333760824
0.0871370238541034
0.0871337525557911
0.08713855921108554
0.08713786383639695
0.087138596585012
0.087139908270963
0.08713764806015682
0.08713805675438469
0.08713655799496695
0.08713530868073466
0.08713596128292798
0.08713378513038533
0.08713588474920309
0.08713461976005618
0.08713484756372278
0.0871325205631219
0.08713181921055833
0.08713938780872658
0.08713852426383167
0.08713444665609073
0.08713304816610742
0.08713010926185699
0.08713458530523427
0.08713438126726133
0.08713367726369109
0.08713569968471006
0.08713654118096673
0.08713786255182145
0.08713787520415589
0.08713894314084841
0.08713983733725808
0.08713675844149557
0.08713834748415757
0.08713902537021097
0.08713975310134918
0.08713482873436396
0.08713387794707657
0.08713328397423103
0.0871371258798591
0.08713760581087267
0.08713723531639113
0.08713474401565456
0.08713485711327991
0.08713616396790379
0.08713639623557695
0.08713713922869334
0.08713404836405973
0.08713259188561795
0.08713384142651386
0.08713411519181322
0.08713487361917802
0.08713343212168174
0.08713198652889347
0.08713655424261509
0.08713555996900589
0.08713408409432652
0.08713656030901282
0.08713486912985166
0.08713514300729437
0.08713254362501914
0.08713450401733523
0.08713565367796128
0.08713556781105807
0.08713401376012939
0.08713174738977225
0.08713314270278097
0.08713447440932123
0.08713270157929914
0.08713334991485926
0.08713262387845598
0.08713424759141203
0.08713631427959394
0.08713631805687765
0.08713219578790594
0.08713472890914527
0.08713864130630433
0.08713636971922394
0.08713688834722687
0.08713490929061854
0.08713574005805641
0.08713811520851673
0.08713990135367411
0.08714018491685162
0.08714255633066607
0.08714062583123687
0.08714243092270747
0.08714088834623195
0.08713722843997794
0.08713748341410407
0.08714080650495758
0.08714308404106884
0.087139835678987
0.08714338993960391
0.08714552460547091
0.08714259810975207
0.08714576250405182
0.08714467056335087
0.08714177904074007
0.08713795459276108
0.08713803293428328
0.08713981972940223
0.08713778769261733
0.08713692535415896
0.08714070925575838
0.0871424307279969
0.08713956557422085
0.08714177501359907
0.08714274594184344
0.08714189611238522
0.08714001846901266
0.08714463906901576
0.08714354839519213
0.08714370464951071
0.0871494581709358
0.0871489437501258
0.08714727818094811
0.08715170394397655
0.08715368904600658
0.08715285205269227
0.08715200100826435
0.08715214740922864
0.08715178330255172
0.08715265017607185
0.08715359937825705
0.0871552664295635
0.08715211111139765
0.08714786568666076
0.08714392878639847
0.08714397084101881
0.08714396244145384
0.08714440402472452
0.08714909191166952
0.08715105822619433
0.0871502141606293
0.08714857080614698
0.0871467569293382
0.08714875918653871
0.08714623668155734
0.0871455258722851
0.08714826171666934
0.08714821234540088
0.08715227818039331
0.08714964785645793
0.08715470708322928
0.08715084666883251
0.087150881387424
0.0871555914708628
0.08715598980143571
0.08715688604714361
0.0871579966268447
0.0871597377053748
0.08715890828870819
0.08715924747561853
0.08716273273636437
0.0871606064674773
0.0871591225150342
0.08715920274950524
0.0871595807785983
0.08715954809326841
0.08716005636888881
0.08716084537278626
0.08716054361170832
0.08716005629292409
0.08716037591472284
0.0871608446498837
0.08715710527743042
0.0871571163597617
0.0871597560867685
0.08715951666230783
0.08716154653117562
0.08715961285007644
0.08715743560190792
0.08716142561451254
0.08716087464826786
0.08716329315924162
0.08716521126386616
0.08716307780315705
0.08716110271334791
0.08716759431289263
0.08716554971811728
0.08716397738730408
0.0871614867994952
0.08716225935580148
0.08716182597795247
0.08716318343673915
0.08716125776715244
0.08716530318493626
0.08716532901735217
0.08716306170562714
0.08716552179475866
0.08716321404805814
0.08716396028431078
0.08716323292019164
0.0871616339484975
0.08715895733647826
0.08716025986073091
0.0871583268938064
0.08715777260260307
0.08715568184904177
0.08715413358165777
0.08715080720868836
0.08715149620617826
0.08715307138681734
0.08715467823090528
0.08715321542113051
0.08715433618061097
0.08715257804300058
0.08715344280012852
0.08715508227338262
0.08715594306899818
0.08715654702808984
0.0871534866032185
0.0871543905534435
0.0871522876912217
0.08715081643609605
0.08715134580780579
0.08715085831997699
0.08714973267180408
0.08714961842761751
0.08715031327783625
0.08714873903984544
0.08715088198610654
0.08714864536639054
0.08715435980459273
0.08715516518788677
0.0871528291582978
0.08715160921234782
0.08715045072075227
0.08714977298565331
0.08715122979641415
0.08714823628758352
0.08714870053880544
0.08714870891249231
0.08714842782707637
0.08714784651185982
0.08714429131180065
0.08714513201967283
0.08714384715967637
0.08714271346450767
0.08714407299475409
0.08714507446942694
0.08714919977978888
0.0871511086779822
0.08714828361500546
0.08714686538191176
0.08714625276491952
0.08714776410111683
0.08714659510380986
0.08714468416405359
0.08714409013009629
0.0871483086784227
0.08714992820079923
0.08715342843733306
0.08714939811985345
0.0871510140009585
0.08715192551862633
0.08715413124370688
0.08715046306941035
0.08715235353594797
0.08715114584872038
0.08715153242016259
0.08714861423785965
0.08715075282627074
0.08715031576621877
0.08714818177702974
0.08714703939008092
0.08714551580336047
0.08714396258774006
0.08714802984380395
0.08714601043744026
0.0871458417655629
0.08714759401210502
0.08714630401776344
0.08714806010039967
0.08714975652331568
0.0871459812413713
0.08715141093905598
0.08715324616295815
0.0871519389927469
0.08714804598176482
0.08715240307943245
0.08715104561888797
0.08714843265509867
0.08714856304925543
0.08714669436556359
0.08714519164798092
0.08714767570309966
0.08714765265034431
0.08714567775237228
0.08714378030256932
0.08714391640564276
0.08714274755107489
0.08714204268451499
0.0871452937187664
0.0871432683580131
0.08714314924885717
0.0871442767468677
0.08714248372429487
0.08714117636533904
0.08714539852395758
0.08714412672338864
0.08714502672800532
0.08714528207399552
0.0871455006677753
0.08714637646194903
0.08714555118020098
0.08714610162664997
0.08714488815740454
0.08714224307242206
0.08714203404998506
0.08714201921044622
0.08714172617466318
0.08714017554092911
0.08713925040963069
0.08713723434507026
0.08713358692276993
0.08713546309362308
0.08713445548059252
0.08713287210040457
0.08713310138752671
0.08713388941445584
0.08713318660373105
0.08713166013354161
0.08713030759734004
0.08713012085142921
0.08713037153941676
0.08713040025149653
0.0871320137603689
0.08713021425195286
0.08712792062544492
0.08713151651334677
0.08712883308833884
0.08713098278995349
0.0871307483295343
0.08712991861980164
0.08713550575016496
0.08713759336296009
0.08713935658761478
0.08713713986321481
0.08714078263065404
0.08713885084732022
0.08713552467321094
0.08713514183141241
0.08713273453111167
0.08713660538568598
0.08714051181294487
0.08713942653389047
0.08713711209776957
0.08713708846029407
0.08713631687077332
0.08713630334890037
0.08713851472319294
0.08713862770109633
0.08713677834980585
0.08713944511617773
0.08713877198799957
0.08713722577989977
0.08713820551750247
0.08713871832355015
0.08713764605022281
0.08713519928757736
0.08713421634027202
0.08713711100102044
0.08714133125041373
0.08714057267973514
0.08714155739023727
0.08713999204605231
0.08714265387598963
0.08714091091819928
0.08714142663754987
0.08714348392420368
0.08714479654411773
0.08714752634072
0.0871471256411021
0.08714949639905646
0.08715027082172361
0.08715073637455215
0.08715144043816268
0.08715316511941869
0.08715070662031817
0.087149915271615
0.08715100568021568
0.0871507104966652
0.08715316684482738
0.08715230688720886
0.08715132083625009
0.08715172471200064
0.08715162374819165
0.08715083857603134
0.087147512132642
0.08714750468669617
0.08714666594608549
0.0871449625876421
0.0871430743579078
0.08714557670449112
0.08714825633238307
0.08714613196800057
0.08714234713217002
0.08714698354443956
0.08714493814931462
0.08714749945512519
0.0871438044752482
0.08714276883098154
0.08714458034880537
0.08714516228512609
0.0871415506336377
0.08714472746134022
0.08714664123060749
0.08714844974542785
0.08714962281368419
0.08714985486812306
0.08715190295379358
0.08715040397752054
0.0871500452594381
0.0871524861275251
0.08715132727627528
0.08715007312171551
0.08714747887954272
0.08714922933119056
0.08715019410344058
0.08714779018741524
0.08714562706166758
0.08714969194183103
0.08714719679884772
0.08714620499074248
0.08714688826649014
0.0871503509945775
0.08715106816631696
0.0871501889302838
0.087147916394167
0.08714730731373214
0.08714683655051686
0.08714891227260342
0.08714587979997093
0.08714895307799156
0.08714662353775403
0.08714527120397175
0.08714567011127071
0.08714473476028273
0.08714351108632522
0.0871440022890786
0.08714049402388253
0.08714581522371397
0.08714477076084017
0.08714431777710531
0.08714402098481773
0.08714289033054906
0.08714562623685909
0.08714182232812961
0.08714201928745073
0.08714307604045558
0.08714602989547311
0.08714329946659723
0.08714211268511096
0.08714223635490441
0.08714261464064671
0.08714064505436503
0.08714290862783222
0.08714034312989619
0.08714061956712593
0.08714017274046887
0.08713812967969274
0.08714078689386373
0.08714042653403603
0.08713908675391473
0.087137498304054
0.08713983840652058
0.08713781132984588
0.08713727290945829
0.0871341725682315
0.08713465338736502
0.08713455437686254
0.08713233106024511
0.08714168679044328
0.08713870857797537
0.08713572465149551
0.08713779285413883
0.08713619900641971
0.08713945093007727
0.08713809538949002
0.08714057383405024
0.0871419232074779
0.08713992354467087
0.08713856961026395
0.08713785368116654
0.08713680573954341
0.08714113323609249
0.08714389097755745
0.08714090310132623
0.08714135148582923
0.08714214685058969
0.08713934920344885
0.08713825609195212
0.08713747235993212
0.0871381030677526
0.08713574032708374
0.08713530689107782
0.08713712469306466
0.0871351713774908
0.08713367246871648
0.08713153693612863
0.08713038466565025
0.08712963606830237
0.08713122057560323
0.08713025995576411
0.08713161111921423
0.08713102330808178
0.08713276657999948
0.08713265543129846
0.08713084526237547
0.08713050455097747
0.08713427027214773
0.08713442033036256
0.08713275280199428
0.08713326293318542
0.08713105783147934
0.08713555210347985
0.08713450728071603
0.0871344245436213
0.08713312171286351
0.08713331513040876
0.0871353193576232
0.08713196998564776
0.08713455236543366
0.08713040531506176
0.08713314039265035
0.08713347014243185
0.08713530058723055
0.0871373976338764
0.08713917607674158
0.08713674929276227
0.08713679756535479
0.08713665368251532
0.08713474349616605
0.0871368579975424
0.08713866407277243
0.08713803042565844
0.08713606582117586
0.08713767946828443
0.08714509856515913
0.08714478465632387
0.08714608410875087
0.08714472561968661
0.0871420427711055
0.08714025142869825
0.08713968740330365
0.08714233451979705
0.08714185062726798
0.0871408638979332
0.08714457275266986
0.08714449391594013
0.08714331263342608
0.08714666608541698
0.0871444830298534
0.08714447525948525
0.08714163533025622
0.08714377685364703
0.08714424676639573
0.08714230287818425
0.08714343327963374
0.08714369744189042
0.08714257266077588
0.0871434080012656
0.08714910230227262
0.08714696283381161
0.08714361327914835
0.08714615732069587
0.0871445885412562
0.08714343469389355
0.08714308317138864
0.08714438582308758
0.08714318367781064
0.08714566929339142
0.08714492424913595
0.08714137265786429
0.08713794252734425
0.08714003969069568
0.08714450920295445
0.0871450446725719
0.08714460756659527
0.08714809369659973
0.08714793784568192
0.0871471730121179
0.08714925392594752
0.08714770475937321
0.08714757470589289
0.08714679005179425
0.08714646857049795
0.08715141161876883
0.08715004721177283
0.08714845948543296
0.08714977327116401
0.0871504385606379
0.08715074531366793
0.08715246586835829
0.08715041807266653
0.08715031269705464
0.08715007667179149
0.08715096233017228
0.08714952277710779
0.0871515445191048
0.08715019954741839
0.08714950311770436
0.08714735193074778
0.08715079933173575
0.08714898226575782
0.08714761949801124
0.08714770448661414
0.08714861724973366
0.08714935817594116
0.08714810602559683
0.08714874039060239
0.08714938940520864
0.08714936677502319
0.08714836777185957
0.087148551085429
0.087152954928865
0.08715204579632654
0.08715290611457156
0.0871511349415091
0.08715646266149754
0.08715412116804183
0.08715511013717218
0.08715515150125262
0.08715461938582514
0.08715498390423024
0.08715555028015261
0.08715331569632065
0.08715721200986824
0.08715999076796335
0.08715780608314568
0.08715764248896685
0.08715610539199853
0.08715725490945517
0.08715660931087371
0.08715307765645193
0.0871516723858574
0.08714966184550231
0.08715168073893916
0.08715086827888784
0.08715142295580794
0.08714795173851776
0.08714895870759513
0.08715613281116476
0.08715571247452913
0.08715387642037728
0.0871523285481958
0.08715222887604027
0.08715208141709782
0.08714905535340312
0.08714957002813468
0.08715043586664065
0.08715314653084758
0.08715428316732336
0.0871534848054367
0.08715198318992601
0.0871511643533305
0.08715155398278254
0.08715021393327894
0.08714969157110465
0.08715067772837291
0.08714981304905654
0.08714956259778107
0.08714920200708706
0.08714921253109126
0.08714722570323696
0.08714641044587716
0.08714598819656291
0.08714680048034681
0.08714539114632519
0.08714661726228544
0.08714788719514956
0.08714561845408574
0.0871440944430526
0.08714509359750121
0.08714389130798456
0.08714509506640868
0.08714372878002533
0.08714475614947687
0.0871436855000482
0.08714441082338793
0.08714486048713153
0.0871486915060851
0.08714659171228926
0.08714900586942557
0.0871498686832225
0.0871477502685629
0.08714473519751288
0.08714801959961313
0.08714776071693753
0.087146388889757
0.08714464385239375
0.08714582748044153
0.08714622132404069
0.08714601646209538
0.08714473161077782
0.08714244122394373
0.08714035935112445
0.08714261416346755
0.08714201237236271
0.08714113677707648
0.08713950182992203
0.08714023666025401
0.08714064837434451
0.08713946525862108
0.08714120196367477
0.08713981854517826
0.08713879509197262
0.0871380140823235
0.0871347998473088
0.08713913648212458
0.08713843515050164
0.08713889539351963
0.08714143580868114
0.08713941205253012
0.08713883256576667
0.08714053947604687
0.08713827098359338
0.08714074988554832
0.08714113243015796
0.08714136766960623
0.08714150519107346
0.08713945689773374
0.08714185705190197
0.08714238168109656
0.08714043871061626
0.08714037849100836
0.08713824800159146
0.08713873620479
0.08713680685475021
0.08713711879762752
0.08713906073974209
0.08714028102222074
0.08713944009786358
0.08714132953689696
0.08714230577784993
0.08714160509962965
0.08713900867717622
0.08713875935350854
0.08713789072936934
0.08713975327547296
0.08713839666599067
0.08713904973094874
0.0871435968514843
0.08714020301503521
0.0871381210026863
0.08713684235623688
0.0871342700063246
0.08713906986407831
0.08714355503676455
0.08714265936963557
0.08714690373112055
0.08714529301459824
0.08714315586231525
0.08714577717816188
0.08714542233178624
0.0871444784334275
0.08714473339417188
0.0871442569259113
0.08714388983245532
0.08714263070794034
0.0871424918312184
0.08714282206860456
0.08714063025173999
0.08714093716909306
0.08714171850333115
0.08714359043747547
0.08714636235002378
0.08714503179016517
0.08714565229040999
0.08714544054788574
0.08714463483241809
0.0871461179941863
0.08715077559787028
0.08714890783449755
0.08714732083344219
0.08714574540077863
0.08714712123110659
0.08714522354531798
0.08714693891300174
0.08714711580548323
0.08714919089802436
0.08714765213196086
0.0871457975811422
0.08714609096187845
0.08714534882870373
0.08714597608489451
0.08714523050555853
0.08714613614245528
0.08714905900216009
0.0871501507763856
0.08714979050585021
0.0871476358232711
0.08714690192079073
0.0871456573487413
0.0871503144433458
0.08714804448533006
0.08714726266793553
0.08714706116825781
0.08714646032355339
0.08714676422035011
0.08714623478625001
0.08714682891717518
0.08714757463633449
0.08714505918403537
0.08714575050542014
0.08714999003662713
0.08714696536493782
0.08714919555794279
0.08715042535546673
0.0871487464836062
0.08715015146838272
0.08714923798085461
0.08714948672801671
0.08715005012886522
0.08715113570484245
0.087149985502386
0.08714944202546847
0.08714894026331567
0.08714618350825387
0.08714839046571682
0.08714555073933435
0.08714774791070319
0.08714585719970089
0.08714604569467033
0.08714605306057434
0.08714851696349964
0.08714508159791845
0.08714486054046332
0.08714639827636107
0.08714450666792459
0.08714541686759462
0.08714289114659843
0.08714342995378242
0.08714641353408084
0.08714910237979111
0.08714770173022832
0.08714753415157231
0.08714804164460192
0.08714760066201074
0.08715005087871404
0.08714939995537946
0.08714774494743571
0.08714987744857274
0.08715085617986457
0.08714981910237062
0.08715044937184148
0.0871511656020381
0.08715058127095976
0.08715019328798668
0.08715112435311828
0.08715091596269992
0.0871498389784948
0.08715010485207751
0.0871491818245357
0.08714816546590942
0.08715005042182115
0.08714919456392814
0.08714895699515467
0.08714862590699794
0.0871526929074606
0.08715470425093846
0.0871541057191364
0.0871513557340701
0.0871523973378893
0.08715213050520719
0.08715090378280806
0.08715186702004159
0.0871524380750067
0.087152231070976
0.0871502880893784
0.0871483852004012
0.08715261719910669
0.08715191463224801
0.08715286242712558
0.08715021352300388
0.0871484064198961
0.08715247310480619
0.08715059491712003
0.0871508173555828
0.08714912793545766
0.08715254915066753
0.0871522707649502
0.08715087154379392
0.08715198584053627
0.08714927755272986
0.08715256274433462
0.08715373096984318
0.08715433878855154
0.08715453023270746
0.08715319820077268
0.0871563015641551
0.0871544591372219
0.08715314937974959
0.08715325620058269
0.08715648727522828
0.08715502863921737
0.08715330127834911
0.08715418282669474
0.08715615453037627
0.08715404509378591
0.08715173398950041
0.08714901360051741
0.08714616022795575
0.0871471864820546
0.08714971380961577
0.08714733109824611
0.08714845564721277
0.08714739606718334
0.0871463832312232
0.08714569814297851
0.08714538340529959
0.08714792586526164
0.08714670109120717
0.08714560226906562
0.0871462396392165
0.08714916490832275
0.08714979772807331
0.08714834563049607
0.08714937913688169
0.08714834384085743
0.08714848654368755
0.08714779516902076
0.08714884967660477
0.0871477401959659
0.08714608283499661
0.08714827594393416
0.08714980295802303
0.08714983977041736
0.08714651966394399
0.08714686654758518
0.08714590190816128
0.08714516411107025
0.08714429871349834
0.08714338737264164
0.08714416808034628
0.08714408516804853
0.08714654840482478
0.08714664521292655
0.08714550706848352
0.08714409477609028
0.08714383905765162
0.08714710178882286
0.08714772770391387
0.08715038963871552
0.0871535578949077
0.08715176147360734
0.08715470617864622
0.08715464794602416
0.08715253978059138
0.08715194337454601
0.0871499726437003
0.08715283034337344
0.08715363153515586
0.08715334423368543
0.08715292179566715
0.08715494216672634
0.08715335455029273
0.08715541036728656
0.0871550521129188
0.08715568646102269
0.08715467070105239
0.08715555305820968
0.08715695665409826
0.08715622797659958
0.08715985603546404
0.0871584476910658
0.0871571506187348
0.08715742927986647
0.08715919733315293
0.08716032566688492
0.08715928179122845
0.08715730330442979
0.08716075896724262
0.08716043139365245
0.08715985584150106
0.08716311889242238
0.0871624198195912
0.08716398137235072
0.08716491623587155
0.08716954433043497
0.08716841104349536
0.08716620964705414
0.08716661342153857
0.08716637106525732
0.08716601433013797
0.08716769807679509
0.08716968511552763
0.08716696477061657
0.08716696120744247
0.08716749506560909
0.08716733809838466
0.08716810343675233
0.08716700989447307
0.08716586831021893
0.08716690273050295
0.08716605264775597
0.08716705537437708
0.08716581217544694
0.08716888004414623
0.0871667908379686
0.08716568393206198
0.08716496008683704
0.08716647021070627
0.08716733991936461
0.08716895879333297
0.08716977809021173
0.08716871118986272
0.08716879043187865
0.08716849762154855
0.08716858774750279
0.08717314497281083
0.0871721667938625
0.08717372973331901
0.08717339718604636
0.08717402421127261
0.087172109450018
0.0871716098651652
0.08716954378477088
0.08717127836521955
0.0871677034335933
0.08716614719434616
0.08716946716281783
0.08716656485331127
0.08716992153604088
0.08716912265900419
0.08716834670970977
0.08716896661514317
0.08716763150428453
0.08716521153777945
0.08716772335257005
0.08716831635285434
0.0871717946404108
0.08717198559896829
0.08717520578569349
0.08717337606832105
0.08717113862479223
0.087172877413948
0.08717115072509096
0.08717031313375644
0.08717070284663228
0.08717071881564817
0.0871695437952011
0.08716942574414414
0.08716905124149041
0.0871687775603499
0.08716756258821456
0.0871676161731751
0.08716730791522329
0.08716657904834837
0.08716881864049102
0.08716705152960025
0.08716739905171009
0.08716901475763443
0.08716686213274805
0.08716730458382194
0.08716682914142009
0.08716786124081276
0.08716641031581807
0.08716721209001707
0.08716917285108244
0.08717159459826983
0.08716979227222714
0.08717183889401117
0.08717134008922041
0.0871698055331338
0.08717163961778741
0.08717274070128846
0.08717360233755111
0.08717321112091286
0.08717196425326121
0.08717127501310942
0.08717369943965828
0.08717383909756746
0.08717110045871627
0.08716947884597119
0.08716967169207848
0.08716812919438845
0.08716825342178273
0.08717115533525864
0.08717149633822524
0.08716997264191353
0.08717256067323526
0.08717328697042274
0.08717252468432166
0.08717314217305079
0.08717193273371218
0.0871728030822262
0.08717122722541361
0.0871706004367996
0.08717051917608608
0.08717049636351812
0.08717030323888048
0.08716989660640106
0.08716921580845283
0.08717061231835894
0.08717154015524484
0.08717240913958016
0.08717088000694671
0.08717262444500783
0.08717246041246668
0.08717162065585515
0.08717274356365584
0.08717663012698065
0.08717712935992275
0.08717488133916709
0.08717540135097802
0.08717332603431432
0.0871750765728396
0.08717703051880907
0.08717770871306639
0.08717890202246797
0.08717734513344307
0.08717806347653381
0.0871788503432496
0.08717855270658655
0.08717703479099913
0.08718187859870372
0.08718035627114008
0.08718104003822208
0.08717982662544274
0.08717924918969912
0.08717838169038367
0.08717783821817618
0.08717620245509983
0.08717502748798284
0.08717482202653325
0.08717477597429915
0.08717143758591661
0.08717058245048727
0.08716887569088445
0.08716743678348746
0.087168450076846
0.08716971103956074
0.08716900849381376
0.08716951480837007
0.08717128985322554
0.08717008778166309
0.08717045963446754
0.08717287304380747
0.08717242866785607
0.0871745978081249
0.08717237680371072
0.08717065467586388
0.08717140676907578
0.08716891300790065
0.08717082483527774
0.08717302774751035
0.0871714053747785
0.08717182262593455
0.08717172723837525
0.08717140250294551
0.08717187626713103
0.08716834731798186
0.08716777922847499
0.08716827729089457
0.08716646226798624
0.08716463711561052
0.08716451266512114
0.0871630185754991
0.0871629252982636
0.08716309224513338
0.08716423611613557
0.08716447779035393
0.08716191115831454
0.08716356632390987
0.08716144746286533
0.08716011942838142
0.08715980060687724
0.08715889923097188
0.08716251263212683
0.08716482016607556
0.08716590328797602
0.08716460031542253
0.08716465776141522
0.08716540394430922
0.08716390131688473
0.08716235266764137
0.08716269144751268
0.08716378074928147
0.08716240682192336
0.08716420101057105
0.08716166821359637
0.08716319286026188
0.08716379028176151
0.0871603316029371
0.0871619027474878
0.08716077155746242
0.08715967659420838
0.08715726592024496
0.08716131429890728
0.08715943826099366
0.08716011771071329
0.08716396492052629
0.08716129119187863
0.0871620329076673
0.08716002893755115
0.08715859420948158
0.08716055642805108
0.08716374029157044
0.08716198343646592
0.0871605634306692
0.08716014211271299
0.08715921470354211
0.08715940322481214
0.08715796189513239
0.08715959765403206
0.0871628732856497
0.08716206238261484
0.08716135665341662
0.08716112661707331
0.0871618571284536
0.08716630329358573
0.08716613382484646
0.0871671562344932
0.0871650186774307
0.08716401299042983
0.08716265078741049
0.08716504318478056
0.08716468023833786
0.0871641469509622
0.08716511423440736
0.087162517663463
0.08716269286484078
0.08716337100472123
0.08716544209855691
0.0871633921202248
0.08716073418196627
0.08715921719013169
0.08715840659775255
0.08715809071821602
0.08715953852903158
0.08716127130426735
0.08716023347009963
0.08715840704997824
0.08715886339954039
0.08715722356859214
0.08715616660451078
0.08715607193133929
0.08715837177409412
0.08715943213501602
0.08716292139949579
0.08716028109292383
0.08716085939384521
0.0871614645764698
0.08716130357672505
0.0871651507685395
0.08716672125936596
0.08716693516487702
0.08716770124074534
0.08716797205053785
0.08716568810164399
0.087164051034721
0.08716215298845917
0.08716322701436277
0.08716449531171537
0.0871643084459099
0.08716532613681821
0.08716424530367346
0.08716320810601769
0.08716373423715441
0.08716139762454896
0.08716251336365854
0.08716398340368778
0.08716163811340459
0.0871610482265619
0.08716122568891205
0.08716189058532592
0.08716809005348779
0.08716662168890613
0.08717044950652511
0.08717001259274511
0.08717030736515749
0.0871719817664579
0.08716978074312233
0.0871692760517172
0.08716920389542177
0.08716942241429927
0.08717007040107723
0.08717056594840777
0.08717054252479454
0.08717116263016882
0.08716887884796377
0.08717115835159424
0.08717239106520026
0.08717288234702106
0.08717206656181781
0.0871742968084113
0.08717470362393259
0.0871722321787836
0.08717302518025108
0.08717183512092547
0.08717102218642835
0.08717292622453827
0.08717327874967708
0.08717146302728702
0.08717388556297526
0.08717269944408226
0.08717239073952932
0.08717226583777017
0.08717100211233952
0.08716913212754043
0.08717019790688359
0.08716853388504223
0.08716836389129065
0.08717061705579329
0.0871738303667721
0.08717731452312989
0.0871759027391175
0.0871742415699882
0.08717293479389787
0.08717158548799332
0.08717315093291907
0.0871748661222033
0.08717380890511475
0.08717156772025786
0.08717186068265022
0.08717185350345669
0.08717076036377551
0.08717043734600471
0.08717210919279997
0.08717211618510223
0.08717058352416701
0.08716931450454353
0.08716927770309711
0.08717173435728473
0.08716958876523136
0.08717069666528442
0.08716955008313221
0.0871699157773291
0.08717098471412368
0.08716959296579224
0.08717084239957575
0.08716857935411518
0.08716895081409201
0.08716709467201707
0.0871660335677137
0.08716770388968484
0.08716550251077944
0.0871675548966425
0.08716577838719067
0.08716419780783263
0.08716376686071566
0.08716310823647146
0.08716317185525711
0.08716232612042688
0.08716767442747016
0.08716643712753092
0.0871658662309339
0.0871647669677606
0.08716564974235914
0.08716621586994028
0.08716623261760606
0.08716484701804868
0.08716544175346744
0.08716803954836198
0.08716771243786386
0.087167292524756
0.08716502561543232
0.08716339785887081
0.08716449442647076
0.08716533583420356
0.08716362195190623
0.08716305793856675
0.08716143060795505
0.08716895152396394
0.08716906058330347
0.0871684915774526
0.08716794493810427
0.08717071703701645
0.08716946103014836
0.08716908038664734
0.08716843238362217
0.08716624253187868
0.0871685384251548
0.08716817302840021
0.08716658717659274
0.08716755654594704
0.08716785579300151
0.08716559381730331
0.08717102965370792
0.08716941320634923
0.08717257790309087
0.08717071421769877
0.08717112120396574
0.08717096175923372
0.08717124232744984
0.08717300125323638
0.08717214860840128
0.08717201502720588
0.08716985751535603
0.08717307110787377
0.08717262613116278
0.08717363191023998
0.08717089942601082
0.08717149774930846
0.08716998727843023
0.08716872281983139
0.0871697688333426
0.08716764560679545
0.08716980938497508
0.08716822286620972
0.0871704962960414
0.08717089987484998
0.0871691818219082
0.08717008801522096
0.08717117659001294
0.08717610364131195
0.08717694381258727
0.08717504417398135
0.08717497173155696
0.08717491581021124
0.08717545939378642
0.08717570155093043
0.08717726974648796
0.08718038287667501
0.08717881234220512
0.08717741176183688
0.08718025503323876
0.08718245215653712
0.0871816926262028
0.08718103479962475
0.08718079012351476
0.08718008112777044
0.08718062026917094
0.08717884978024566
0.08717865391734231
0.08717566935300797
0.08717602090442717
0.08717625887636693
0.08717849166212249
0.08717785745437537
0.08717888681701061
0.08718074500508799
0.08717898139283484
0.08717732812722788
0.08717827830317071
0.08717999524311698
0.0871785201768209
0.08717683437422524
0.08717833730623964
0.08718247854554859
0.08718142042018008
0.08717952537001392
0.08717979438533399
0.08717911706053788
0.08718167421187398
0.08718288047983438
0.0871819326926594
0.08718187331239532
0.08718083137942682
0.08717848027242264
0.08718085057287916
0.08717966128613118
0.0871814341701024
0.08717964004215263
0.08718107498112845
0.08718214064944753
0.0871823114494323
0.08717943380786627
0.08718083290102921
0.08718183005780598
0.08718193474095574
0.0871813038960926
0.0871808311689358
0.08718129864465543
0.08718022858885535
0.08717860222500579
0.08717860465530572
0.08717646893255805
0.0871775087269198
0.08717840873272716
0.08717674875143551
0.08717497835761209
0.08717496086376365
0.0871758256684564
0.08717669162591549
0.08717699379080511
0.08717597382183427
0.08717511917114786
0.08717556117572217
0.0871789680520424
0.08717783720576262
0.08717559703772852
0.087179354544188
0.08717817440575826
0.08717978450717953
0.08717884955433382
0.08717704552787287
0.08717586022186602
0.08717510313790476
0.08717281042976503
0.08717257654555084
0.08717043378482171
0.08717001667941805
0.08717226493459151
0.08716929359023681
0.08716750446277982
0.0871671607244836
0.08716896721695153
0.08716901513683795
0.08716697073807264
0.087170243341198
0.08717038757389764
0.08717098752185096
0.08717322153146682
0.08717305610105257
0.08717160665766871
0.08717128396709825
0.08717089052671807
0.08717062494632768
0.08717204900566373
0.0871713551733606
0.08717096518483307
0.08717038784345134
0.08717135110530436
0.08717049587371177
0.08716939661452837
0.0871681139281913
0.08716680672694326
0.08717172347040289
0.08717226840128635
0.08717089292193166
0.08717097519972783
0.08716947715905574
0.08717079545868084
0.087168326562921
0.0871684269371312
0.08716851249298695
0.08716809972956817
0.08716956712086407
0.08716926518345586
0.08716979469044452
0.08716906226446673
0.08717008328349828
0.0871679128798423
0.08716742636821766
0.08716473132892884
0.087166203406292
0.087167052115121
0.08716828420166225
0.08716740718388911
0.0871660657860331
0.08716378241078265
0.08716330889842608
0.08716148741445001
0.0871643114874221
0.08716413668006509
0.08716588459820107
0.08716519786147642
0.08716612581417833
0.0871654759361654
0.08716509376898038
0.08716389962249184
0.08716627179568459
0.08716504234335765
0.08716655655554367
0.08716474491409781
0.0871656266666098
0.08716602833056802
0.08716583585238086
0.08716985912319818
0.08716739485972468
0.08716855880508964
0.08716865662209095
0.08716909146622553
0.08716958500134302
0.08716909467796197
0.08716732709536049
0.08716940143145448
0.087168551443546
0.08716986936739751
0.08716763863243837
0.08716518745545446
0.08716691586822259
0.08716662270702263
0.08716666516063394
0.08716943053700896
0.08716882506873296
0.08716753989332751
0.08716651380199594
0.08716528362567079
0.08716912682453569
0.08716993358879244
0.08716935206389607
0.08717345875299835
0.0871717476048014
0.08717440138821307
0.08717197322584398
0.08716937268226209
0.0871733157002063
0.08717466603112795
0.08717300217194532
0.08717133835831252
0.08717227257393946
0.08717010578502213
0.08717018631005005
0.0871702303322833
0.0871721373456594
0.08717160830030829
0.08717130374071039
0.0871708785533827
0.08717064055654115
0.08717095705599912
0.0871708915281078
0.08716899770080792
0.08716973893260097
0.08716783037436736
0.08716788057753515
0.0871690747667655
0.08716751495407041
0.08716597624496678
0.08716652669367796
0.0871642618467345
0.08716316764122346
0.08716270958157606
0.08716447338514831
0.08716325416654591
0.0871644842714873
0.08716612087838209
0.08716880616414513
0.0871682859083186
0.0871691782826126
0.08716773343030436
0.08716708025732349
0.08716736128491914
0.08716800348145212
0.08716998191434264
0.08716873979401839
0.0871675208254291
0.0871674582160581
0.08716888773746623
0.08716706173665671
0.08716873931836334
0.08716772592778123
0.08716740020993904
0.08716554708484522
0.08716722497667825
0.08716776975311295
0.08716657070178772
0.08716714035840564
0.08716681803701876
0.08716614327678077
0.08716677206666754
0.08716430303425388
0.08716301409375488
0.08716575081910302
0.08716349406060431
0.08716492834685377
0.0871641930478697
0.08716633983628141
0.08716695632211408
0.0871657211055181
0.08716580897917245
0.08716686939967791
0.08717040136670276
0.08717000402606316
0.08716841789844733
0.0871681694286715
0.08716727276607118
0.08716712968579625
0.08716518946142997
0.08716573685455122
0.08716593955416292
0.08716566771387739
0.08716582596023112
0.08716573137725026
0.08716535105198323
0.08716682713688088
0.0871650700647797
0.08716673025582417
0.08716490286250884
0.08716854374573367
0.08716926967163449
0.08716744277112834
0.08716824367418777
0.08716973371379806
0.0871702530549617
0.08716908413297103
0.08717078704762851
0.08716990144309321
0.08717225231072312
0.0871716250539597
0.08717233160023327
0.08717222368692955
0.08717280677072448
0.08717259528337806
0.08717416526195432
0.0871739120249158
0.08717493010743756
0.08717550483535239
0.08717574418352302
0.08717834085111881
0.08717767734024258
0.08717515310656
0.08717316700997788
0.08717439352872486
0.08717733444089892
0.0871775996931053
0.0871748860592606
0.08717716259190453
0.0871772235953584
0.08717656696157498
0.08717736372967094
0.08717629783689224
0.08717560656984216
0.08717484277896154
0.08717502591049009
0.08717482082928939
0.08717634173951841
0.08717541237643774
0.08717438626009472
0.08717688188143762
0.087174810430045
0.08717543242171609
0.08717599832301824
0.08717791662866635
0.08717729708603515
0.08717800140111188
0.08717847511031102
0.08717774126249914
0.08717584355566899
0.0871756786440537
0.08717471833001869
0.08717864450191497
0.08717740515062325
0.08717823798446075
0.0871771306780157
0.0871777293523489
0.08717605381576625
0.08717739210588595
0.0871746163693656
0.08717522935038223
0.08717764888648918
0.08717594873904624
0.08717673178483612
0.0871767119625136
0.08717633771547481
0.08717660887065844
0.08717500886501699
0.08717624505679965
0.08717585520116022
0.08717543067548739
0.08717617157355038
0.0871755358284505
0.08717471649752989
0.08717521062346402
0.08717688882716038
0.08717724784633377
0.08717555813638755
0.087178793150764
0.08717925501021986
0.08717846660948123
0.0871769786736844
0.08717871590164275
0.08717710217248217
0.08717579629036201
0.08717824949631095
0.08717655138053051
0.08717342698409745
0.08717369113037568
0.08717295784739187
0.08717284622227989
0.08717220500918742
0.08717192819236072
0.08717189624333654
0.08717395934654165
0.08717310876961559
0.08717205801190639
0.08717195997687666
0.08717104307004787
0.08717048161066013
0.08717061845402367
0.08717060154593506
0.08717079772720897
0.08716878176610739
0.08716990617928362
0.08716948502325872
0.08716895532900552
0.08716746641719281
0.08716702276325025
0.08716860494389926
0.08716826021340233
0.0871665448699684
0.08716743231023076
0.08716610697048581
0.08716613677118948
0.0871648460124598
0.08716631386099656
0.08716636211881769
0.08716575238608
0.08716804415562167
0.08716813345935684
0.08716688397210684
0.08716805297888712
0.08716936425998399
0.0871696770178832
0.08716936565820604
0.08716872329092615
0.08717002775256111
0.08717138350294827
0.0871713028205222
0.08717181640788661
0.08717364396448701
0.08717423055636901
0.08717472493922264
0.08717402247445095
0.08717356533878856
0.08717255883322661
0.08717354716309139
0.08717186833101989
0.0871723579125914
0.08717166317896459
0.0871724153817492
0.08717052910970043
0.0871703142031236
0.08717136171893831
0.08717173132627329
0.08716916512501682
0.08716943612994653
0.08716874677009691
0.08716652490090218
0.08716644742472021
0.08716635211824621
0.08716577700663927
0.08716342256383537
0.08716722474644034
0.0871676898365718
0.08716988314567589
0.08717107416507747
0.08716890371328136
0.08716731365136623
0.08716631866229207
0.08716408628362562
0.08716701119047995
0.0871667941151631
0.087166120978536
0.0871658525153723
0.08716696573682786
0.0871667277965776
0.08716742592756235
0.08716860278027792
0.08716787338684603
0.08716607416819835
0.08716551484084516
0.08716558063883253
0.08716453461072286
0.08716347491048915
0.08716695212808864
0.08716585902565362
0.08716500066480819
0.08716222410736206
0.08716293534226958
0.08716573698944804
0.08716522076432437
0.08716496046034007
0.08716411625402735
0.08716393006597874
0.08716570988660563
0.08716385416239103
0.08716415051770089
0.08716514176121695
0.0871646346297683
0.0871632554672427
0.08716388661096013
0.08716317299407018
0.08716299955828445
