0.08886000086328567
0.08928273497771831
0.09156212742439941
0.08984083819994775
0.0884666257303613
0.08835038562279045
0.08746167135616016
0.08743338328742256
0.0875370652534403
0.08706168236424253
0.08631862600964434
0.08580831922718081
0.0871852816697168
0.0865862959648139
0.0860421993416832
0.08652464571625494
0.08625597124508537
0.08656914166416392
0.08648983606678094
0.08617835542362261
0.086047253293319
0.08625655848910115
0.08625975093722305
0.08649469991686361
0.08619721945996389
0.085880571580815
0.08620302236474531
0.08634477164120528
0.08617447896933968
0.08656319396888185
0.08649981955321294
0.08670997966207691
0.08687233736641146
0.0867384505122937
0.08708250563564607
0.08697633878407283
0.08694712187026364
0.08703606408740398
0.08713598093464706
0.08696604862509187
0.08705681408857026
0.08677444041068304
0.08677303096703383
0.08672707601290118
0.08664964327160708
0.08670288572185046
0.08671535742519994
0.08681218903771383
0.08672976743642541
0.0868961065543058
0.08697290745744136
0.08684914595029322
0.08670026199504875
0.08673042396402997
0.08694591470176245
0.0867054412267687
0.08675959357328908
0.08696236136516287
0.08714948902103548
0.08719816470258994
0.08719539496940819
0.08705918306136885
0.08703540263478965
0.08701864646495233
0.08697517611277944
0.08686534810778287
0.08693610962822722
0.08693191040475215
0.0869172789749258
0.08680933249027029
0.08686961028099677
0.08670447380078744
0.08665567141990886
0.08658209285928051
0.08650614578343149
0.08652123276779428
0.08652832131966122
0.08654940509406857
0.08668883660609714
0.08655085390038786
0.0865373424080814
0.0865132061199438
0.08667373721226865
0.08668649012696486
0.08665714569685094
0.08664140188721055
0.08653852011601293
0.08654273726391777
0.08647380741263012
0.08654364588615444
0.08645307462294974
0.08639520462122448
0.08639731321554919
0.08647502832257421
0.08639734162053704
0.08643118571161897
0.08647595748326523
0.08652026811426886
0.08648229818148225
0.08653781927431727
0.08642046306815714
0.08633392067035087
0.08632163044770108
0.08630674611475454
0.08643820831743596
0.08635650900149477
0.08633877125237187
0.086382051587482
0.0864897742916993
0.08646547676176682
0.08643751290180345
0.08648242459261814
0.08660839058676717
0.08658164480697768
0.08658054971775049
0.08652607544164577
0.08649594328595255
0.08646257467387665
0.0865744926432319
0.0865721049323613
0.08660829722793864
0.08668405098842713
0.0866517560529291
0.08668140508966025
0.08668778023412055
0.08658024406769409
0.08666551274247535
0.08666333039200949
0.08657405741521984
0.08652793685534185
0.08650116233949096
0.08658552615179965
0.08667000633676074
0.08656893058464185
0.08655916210098104
0.08652751375941689
0.08658927957519447
0.08663422468376654
0.08666038371127743
0.08662072108625957
0.08671760808033306
0.08667628965990806
0.08665133709639092
0.08662173771234459
0.08662065821480637
0.08662215416985197
0.08677313995391986
0.0867374701218883
0.08669874203167875
0.08667047826978108
0.08668002260182653
0.08662306755207456
0.0867022664041016
0.08665813601980288
0.08661211789858092
0.08662321522492264
0.08658841607686381
0.08654791452125823
0.0865981579309214
0.08661546751464985
0.08663129559156206
0.0866392208126949
0.08661686490262205
0.08660280610490188
0.08655108487974886
0.08654609434700077
0.08653918828832138
0.08656972255853211
0.08654441306649598
0.08651246659784456
0.08660380739547738
0.08662881607878294
0.08662079077515335
0.08664143327770255
0.08662358514169631
0.08660533716939443
0.08658188732043809
0.08662039203503272
0.08663387135203135
0.08659914041765557
0.08664375274667865
0.08664087127099662
0.0867164882021739
0.08665727867263553
0.08658003061476856
0.08661239166509369
0.08662916366732634
0.08666003274085496
0.08671119602731044
0.08669000784476799
0.0867502434168774
0.0868030269404119
0.08682672646366775
0.0867935964473244
0.08683564505687713
0.08680929671935149
0.08687084506585785
0.08688171884110649
0.08689279963509806
0.08686419110129286
0.08687005742603054
0.08687910539083381
0.08682784943947365
0.0868102781130564
0.08677665835305197
0.08676849066492655
0.08677910856482947
0.08680164831479151
0.0868235824410808
0.08679177295302919
0.08675686629184572
0.08681481979713483
0.0868521075254394
0.08680830835596466
0.08684450654929057
0.08688519118429948
0.08684111377605218
0.08682880693688148
0.08684466395773041
0.08682513908407556
0.08684275135495075
0.08686252837607149
0.08682792080746278
0.08688091160816495
0.08687914995762952
0.0868364147871206
0.08689982285732958
0.08688364483118437
0.08693853242956395
0.08694093087302894
0.0869303967534891
0.08694032899592746
0.08689212686706825
0.0868871420810655
0.08691385178937083
0.0868685877713874
0.0868740332977777
0.08686528356584707
0.08689653952188031
0.08693575131513472
0.08690779475712612
0.08692267459325548
0.08699401593569833
0.08696162964551181
0.08693410262471697
0.08693345810198844
0.0869594256097719
0.08697621126562459
0.08695188144998778
0.08695680056639264
0.08696198493969651
0.08692126587023787
0.08689239954295268
0.0869278303439061
0.08698077438836853
0.08697149296492271
0.0869933147529818
0.08695971204594832
0.08693442163553439
0.08695427638135789
0.08698070354031186
0.0869505546213378
0.08695223689920188
0.08697807301662164
0.0869844173927688
0.0869738957527107
0.08696548261524016
0.08696734491517193
0.08701118190046536
0.08695439102554735
0.08694719528858481
0.08692363389676527
0.08693903811143627
0.08693445602572746
0.08693688962299988
0.08697125728758616
0.08695979484296891
0.08696067415203708
0.08694946259225551
0.08695418185265494
0.0869275113192934
0.086916758384567
0.08691116927104725
0.08692522201152635
0.08694731724312649
0.08692997388255884
0.0869506525942999
0.08693314251519756
0.08693288345618927
0.08692676486573211
0.08690643200742011
0.08689732649559047
0.08689933267562588
0.08689025669972966
0.0868557117953333
0.086859377555635
0.08687917246643986
0.0868926211233134
0.08692013466013924
0.08690312147661902
0.08690222363407549
0.08690097957151946
0.08691748528973375
0.08693237929241818
0.08691927906175044
0.08688218159673941
0.08691596946137302
0.08693139934086885
0.08693470357409525
0.0869331897410586
0.08692596912218896
0.08689764233258254
0.08690209972495283
0.08692603107416826
0.0869588339804234
0.08692898458986616
0.08692528429756692
0.08691646282157549
0.08690106462811442
0.08690383304662411
0.08693347916021431
0.0869436961714418
0.0869362856541971
0.08692538302373501
0.08692924635090973
0.08692287305484087
0.08693404106610343
0.08693028389415702
0.08693602556588338
0.08692919123756596
0.08693435614152077
0.08695441434902557
0.08694951065404047
0.08698547890344999
0.0869932942492871
0.08701163118430334
0.08698855176522541
0.08698713378858512
0.08700970904304695
0.08697917101036211
0.08698945684787421
0.08698002500490666
0.08697234799311904
0.0869518219472477
0.0869373311911688
0.08694783360954265
0.08696013901954584
0.08693537754537108
0.08693441090522429
0.08694048183317189
0.08694878281754168
0.08693794779855558
0.08694321915222289
0.08695321320260982
0.08692156193720053
0.08693413804958952
0.0870097191053417
0.08702007578380389
0.08703398407694171
0.08702877232971477
0.0870255653952343
0.08703613854412887
0.08704545306247127
0.08703455462914407
0.0870447173488893
0.08702705771753134
0.08708247893111434
0.08706073286283293
0.08703259395902323
0.08702374501225917
0.08705586278868706
0.08703193180018154
0.087022810721254
0.08701486483604808
0.08702527416936869
0.08698875789222155
0.08698202175094945
0.08699474376679117
0.08697676160766239
0.0869764468895876
0.08702131237673487
0.0870075214919032
0.08699959844318357
0.08700852048643214
0.08703648162286445
0.08703231574388855
0.08704634190028868
0.08702004053189678
0.08701736754555914
0.08700998967721411
0.08701136775649154
0.08700622325310045
0.086994622943214
0.08698857260829201
0.08699566616579918
0.08700274416677022
0.08698722292063518
0.08697678906927334
0.08697279675296365
0.08697629498744887
0.0869743339690398
0.0869740188788576
0.08698185229505793
0.0869705740288145
0.08696364511945923
0.08697494705395557
0.08700135520210178
0.08700892333841834
0.08701017338587032
0.08698907614635042
0.08699581839643147
0.08697494886665404
0.0869479459730807
0.08698883726725545
0.08698691208264213
0.08697285584771312
0.087000814463706
0.08699515127511047
0.08700257912342232
0.08703001404119484
0.08703346188689305
0.08702101442429735
0.08701876184709129
0.08700894635252564
0.08702472641834341
0.08701754398087844
0.08702252466105993
0.0870155491428857
0.08702131426941455
0.0870228905502694
0.08700750225352756
0.08703020834707001
0.08702700114122777
0.0870297837499543
0.0870646471975845
0.08705187519127723
0.08705326894857972
0.08702944500721155
0.0870434461885684
0.08702885282863349
0.08700026170030158
0.08701692035435184
0.08702862405161024
0.08700368011399703
0.08700874043265552
0.08703019118015039
0.08704622979760719
0.08708086813147574
0.08706231297177974
0.087083021353487
0.08706353377984304
0.0870582328432855
0.0870596173995684
0.08704280519597944
0.08703253165639849
0.08705190074303841
0.08703111424791896
0.08704712554377424
0.08705184353911703
0.08702751277739022
0.08701849221223604
0.0870194502334618
0.08700177957717879
0.08701426651326569
0.08703813787169261
0.08704008321392058
0.08704016551541964
0.08702751336710284
0.08703251286531465
0.08703646030121386
0.08705493387437362
0.08705262055836412
0.08703161333413051
0.08704545580364656
0.08703122809233342
0.08703111958020986
0.08705618875441629
0.08704385764713114
0.08707975890605525
0.08708337048083385
0.08708970116267485
0.08707154220799922
0.08705965569799277
0.0870798193617718
0.0870826404719165
0.0870804399252811
0.0870782743160604
0.08708330612161577
0.08708775866543708
0.08708102298121266
0.08707299765846205
0.0870784095559503
0.0870782973844942
0.08710820738585592
0.08712084596695858
0.0871088542124788
0.0871197505308901
0.08710778676800487
0.08708547381560565
0.08708652885104574
0.08709032742842593
0.08709313632860095
0.08711029917189801
0.0871041239254687
0.08709971999058298
0.0871063813806908
0.08710477829869653
0.08708670798712885
0.08710116983838988
0.08708163772545918
0.08708960048435424
0.08707758242104607
0.08706140761401979
0.08705997991163329
0.0870967464129285
0.08708949539767996
0.0871137575241424
0.08711280023584766
0.087115655315349
0.08710243887239703
0.08712389689285466
0.08713827120131151
0.08714143559286354
0.08714929230745933
0.08715054942261802
0.08715498906036512
0.08715136639479629
0.08713924875504432
0.08715800245765681
0.08714378315265923
0.08715570519164685
0.08713932590348294
0.08714828287603565
0.08716571878573713
0.08715115568058708
0.08714208277338371
0.08714227173906403
0.08713363279515528
0.08714528464644689
0.08716158879584514
0.08714249769332444
0.08717032101836293
0.08716317921025733
0.08716039756726725
0.08716752526079583
0.08716819922378213
0.0871537822402298
0.08713858865621955
0.08715366261457505
0.08714251358704103
0.08714160403076199
0.08713841131912663
0.08716149645262321
0.08715251220163409
0.0871349688952649
0.08714682481302907
0.08716034243897204
0.08716368595262533
0.08716119130637073
0.08718554149989166
0.08718637928933524
0.08716768840983592
0.08716345534219981
0.08715969212167077
0.08715625020098121
0.08717213542297306
0.08717393813647555
0.08716776797902298
0.08717726833000472
0.08717490073826634
0.08717130288948217
0.08715539880883044
0.0871466559956061
0.08716100029346797
0.08715261759267735
0.08714697867818404
0.08713762949187064
0.08714158338108072
0.0871500095940551
0.08715096465933105
0.08713676986352424
0.08714829055682632
0.08715617842825593
0.08714452778529529
0.08716377926874866
0.08717420117240275
0.08715851347241117
0.0871616176329755
0.08715259475046731
0.08716153834280281
0.08714212820858394
0.08714452385358713
0.08715002762138636
0.08715853294630789
0.08717987254242185
0.0871676725638876
0.08715360548638033
0.08715069178365531
0.08713235691896254
0.08715627003524952
0.08713601095333892
0.0871667352724864
0.0871620017309142
0.08714905406823929
0.0871536919174869
0.08715030449311037
0.08716968146202551
0.08715993330341935
0.08715559110593155
0.08716369322564357
0.08715932289398494
0.08715647747667045
0.08715648037295012
0.08715031100950128
0.0871392808811865
0.08714216321020869
0.08712296402522166
0.08712097786617853
0.08715757132166335
0.08715482766619123
0.08715958573792072
0.08715796826835241
0.08715755157312655
0.08715817880062594
0.08715042732900634
0.08714013257496524
0.08715686638312171
0.08716237522752433
0.08716786108668922
0.08715805755829514
0.08717092856409132
0.08716127782229585
0.0871602617127639
0.08715642262104359
0.08713789895908869
0.08713578590416056
0.08713252258628469
0.0871375158160855
0.08714917075648923
0.08715099185668142
0.08715345970670527
0.08715312647444148
0.08714825916661655
0.08714093067248778
0.08716180371632395
0.08715654619604041
0.08714336181541885
0.08713681978899739
0.08712929354089553
0.0871230848074147
0.08712964300908055
0.08711064904018224
0.08710300295465852
0.08709461360983922
0.08707852958077135
0.08708262402030449
0.08707149341262284
0.08706711623814797
0.08708417197057358
0.08709849262515237
0.08711100012424865
0.08712325882483359
0.08713112479834462
0.0871242235566625
0.08711393716183863
0.08713192536041571
0.08713800323511461
0.08713849114008294
0.08713769354523321
0.0871219123371499
0.0871248739536559
0.08712119059224299
0.08711853676092694
0.08713106754227908
0.08714204048560255
0.08713380444471223
0.08713739098020092
0.08713684140571204
0.08713930265828555
0.08713563129413031
0.08712701928579863
0.08712871003583622
0.0871355818362037
0.08712987926978749
0.08711930802642513
0.087124458272928
0.0871456204525546
0.08713583034743996
0.08715800414865833
0.08715501525974917
0.08714126333894359
0.08716677265293189
0.08718346604148601
0.08719656454812946
0.08719645279678487
0.08718868080160098
0.0872116282314813
0.08721506219401695
0.08721510389701079
0.0872005133782078
0.08722350688465438
0.08721623268402784
0.08720741819918072
0.0872011502543229
0.0872147343196072
0.08720953366550185
0.0872247428566491
0.08721608202385915
0.08720293666778463
0.08719836138123511
0.08722417888920593
0.08721137871216718
0.08720043307270399
0.08722017490790909
0.08722263132238557
0.08721303803987766
0.08720458620675603
0.08719969154007061
0.08720847199749529
0.0872088137663718
0.08719941829880598
0.08720218803941611
0.08719522292039296
0.08719868202251654
0.08719287943820656
0.08718866449706678
0.08718592666045867
0.08719718090053362
0.08718505426714053
0.08717695884947126
0.08717092525980986
0.08718212008869114
0.08718853782738023
0.08720194076539213
0.08722672952234475
0.08721555828076145
0.08720370898982366
0.08721179986652437
0.08721700027413486
0.08721825123936656
0.08723238853451115
0.08721875033618366
0.08722683260796134
0.08722118858960631
0.08721629764093014
0.08721993895180538
0.08720915478383952
0.08720530052584957
0.0871977931257541
0.0872041385256868
0.08720524111519005
0.08720354422653356
0.08720583110819238
0.08720819828296718
0.08719695421618867
0.0872031739854612
0.08719289270230318
0.08719571671698827
0.08718304734721331
0.0871948437450006
0.08718471290631102
0.08717866372620141
0.08719691765390186
0.08718560489576958
0.08720328591643342
0.0872003242440033
0.08719825432775066
0.0871998604531213
0.08719391517785235
0.08717809000553357
0.08719604686172215
0.08719511031466366
0.08718969332841678
0.08718574246681438
0.08717073717751389
0.08718495853401553
0.08718584030231973
0.08719006502781242
0.08719209821560037
0.08719446053202552
0.0872015173914283
0.08721009590842682
0.08721089273764837
0.08720875743205021
0.08720283884320403
0.08720209592610664
0.08719520996446817
0.08720512194744288
0.08720056257585819
0.08720369078390888
0.08719734635209843
0.08720363364441147
0.0872076233488725
0.08721115489671387
0.08722387836692569
0.08722500752561238
0.08722749870056268
0.08722238639528503
0.08722816876922385
0.08722970397104328
0.0872252901956021
0.08723862325978188
0.08724366908386084
0.08723442718657902
0.08723449219930228
0.0872363222842786
0.08723702150796113
0.08723246033119408
0.0872326250010655
0.08723234813817614
0.08724504790033938
0.08723760578852324
0.08723218121106016
0.08723459348469065
0.08725258768762684
0.08723858937121286
0.08722869347313385
0.08724518949354045
0.08723919355736634
0.08724484625463272
0.08725238202430421
0.08725505344059586
0.0872550800764354
0.0872558976209477
0.08725418022259601
0.0872684137408702
0.08727543814416786
0.0872659622720575
0.08727334012378724
0.0872684788301842
0.08726158855073239
0.08725170643626272
0.08726343242520998
0.08726577584609668
0.08726234069835671
0.08725840592595943
0.08726227624461216
0.08726437953719567
0.08725313241391669
0.08724450764107175
0.08724292050751405
0.08726011409689918
0.08725286433984004
0.08724985624549023
0.08725091612966793
0.08724960851472266
0.08724712225821908
0.08725241688774628
0.08725380019446263
0.08724752060025
0.08725007517322957
0.0872456550634068
0.08724303235234784
0.08725042353648058
0.08725587682210717
0.0872526986437332
0.08725502787125392
0.08724842026054157
0.08723977014980018
0.08724554978718897
0.08724032997705912
0.08723839545226918
0.08722864700650466
0.08722725879036348
0.08722412872605108
0.08722415867997134
0.08721535109768987
0.0872251365607653
0.08722551115798606
0.08721414710073692
0.08720531848899242
0.08720320988267519
0.08721468879526216
0.08720834684169941
0.08720106272925568
0.08720675401450037
0.08719807992149915
0.08720663275902481
0.08719948703411254
0.08719834213320989
0.08718794559321569
0.08718972949372182
0.0872111340854948
0.08720330585538877
0.08721144011773599
0.08720069046497023
0.08720111009111435
0.08720902583488208
0.08721518362673812
0.087223378712307
0.0872371834325344
0.08721691541690729
0.08721350747248438
0.0872093520468442
0.08721938876069836
0.08722196083438298
0.08722035109485388
0.08722765844337119
0.08722493566938493
0.08722726813933106
0.08723063583910172
0.0872189478205998
0.0872214842534372
0.0872325304702511
0.08722909231154817
0.08722464158675057
0.08723393635191909
0.08724388031969815
0.08725335341573134
0.08724619465177177
0.08724451431496184
0.08724795939836233
0.08724896211162302
0.08725345951531274
0.08725241216508729
0.08725966060203288
0.08725962182800369
0.08725999766172857
0.0872614620011913
0.08726312507186115
0.08726528458963177
0.08725677955396828
0.08725148361875863
0.08726158680860946
0.08726445260013924
0.08726450888889192
0.08726285171416219
0.08727896094186628
0.08728423433873606
0.08727943788655006
0.08728049838316533
0.08727231285310322
0.08728958118513973
0.08727717958766279
0.08728575289030185
0.0872812804128179
0.0872845387896566
0.08728358078046371
0.0872904858087407
0.08729759171344333
0.0873096232110966
0.08730132450010719
0.0872945633728683
0.08729268174062378
0.08729655705484073
0.08730885410919013
0.08730577978429756
0.08729949927612393
0.08730406405452092
0.08729932197135978
0.08729363821704214
0.08728303328225138
0.08730176486350145
0.08728981323228574
0.08728342617845751
0.08728182069029448
0.08728796152518808
0.08730173379935313
0.08732011943881773
0.08731518508683085
0.08730988373647094
0.08730340594997979
0.08730900050345587
0.08730394280330087
0.08730421536072247
0.08729918771152004
0.0873104922453326
0.08730465820314913
0.0873166544672165
0.08730561295074714
0.08729625649323691
0.08728689910628001
0.08729147518660091
0.08728615032486942
0.08728712314846293
0.08728507925656179
0.08728964194343487
0.08729713279655696
0.08729687866283571
0.08730164990069533
0.08729054214057558
0.08729210254244456
0.08731042974916593
0.08730262714192466
0.08730205511847823
0.08730276400603315
0.08731201716683706
0.08731014981213607
0.08732158803090323
0.08731865348600074
0.08732335615501498
0.08732329453769047
0.08731735251901752
0.08733529437080953
0.08732460818591592
0.08732206483762439
0.0873253656969597
0.0873237331032722
0.08732125660262982
0.08732205774803992
0.08731870920692983
0.08731536219979544
0.08731977392862678
0.08732354051170922
0.087328721370459
0.08733052208490419
0.08732025404073249
0.08732637342803093
0.08733185856204374
0.08732780002193977
0.08733336399446073
0.08732366982419007
0.08732468522361969
0.08731814155709373
0.08730849305439208
0.08732297750283116
0.08733212697282998
0.08732045961133701
0.08731388271296474
0.08731275120488818
0.08732530400153878
0.08732580079833219
0.0873210981545995
0.0873214697512756
0.08732836872096025
0.08732691773611637
0.08732180780059047
0.08730931118556202
0.08730901171734254
0.08731207377392382
0.08731863736307434
0.08731280639344295
0.0873043966242194
0.08730699178891381
0.08730541869256528
0.08730392105134782
0.08731074079982115
0.08731543893653101
0.08731922025166809
0.08731975194478518
0.08731523245374258
0.08731113898531831
0.08730989826271726
0.08731827061831465
0.0873169747349814
0.08731191603130946
0.08731802923837241
0.08730842944836852
0.08731263406450253
0.08730752243804597
0.08731159764242487
0.08730321520983539
0.08732354992053273
0.08732046443113232
0.0873210851283161
0.08731805194945463
0.08731208626104975
0.08730861196480817
0.08731299964379807
0.08730784981743399
0.08730778350878984
0.08730593002172254
0.08729434295227832
0.08729807914967538
0.08731717581702725
0.08730924261123929
0.08731923180720183
0.08731605038729966
0.08730462082688437
0.08730160345302138
0.08731038409941388
0.08730646380394878
0.08732626597107297
0.08732135185396675
0.0873104264153233
0.08730860840384884
0.08730747319519634
0.08730707674718978
0.08730407042356406
0.08731120617776969
0.08731263232848008
0.08731168883828617
0.08730524158209851
0.0873034509133135
0.08731613550784081
0.08731361385388078
0.08732197322531024
0.08732262471209881
0.0873139074794482
0.08732094244330608
0.0873201133438769
0.08731833537558127
0.08731584629292237
0.08730884824298932
0.0873245689024964
0.0873146923109792
0.087305378990322
0.087312579927832
0.0873238314672808
0.08733171090699887
0.08733205967172944
0.08732909851419901
0.08732314768476501
0.0873118484351043
0.08730848288171655
0.08731124635945706
0.08731087327718527
0.0873091844316479
0.08730859135586737
0.08731098232767548
0.0873097751850439
0.08730544587704119
0.08730308029012235
0.08730067450515586
0.08731632644920577
0.08730648892726026
0.08730207055796287
0.08730253617315414
0.08729563788987901
0.08729742676451453
0.08729301719372987
0.08729348439996282
0.08729483225975271
0.0872913141888187
0.08728202312900431
0.08727704249395467
0.0872803300588805
0.08728147535699299
0.08728552107993193
0.08728134232251095
0.0872921111177001
0.08730361409783514
0.08730013375227949
0.08730176089909014
0.0873088059794559
0.08730931722946123
0.08731235537308653
0.08730773999301951
0.08731598988350273
0.08730807065083505
0.08730323251568016
0.08729116265518505
0.08729214912242038
0.0872845271781405
0.08729945465016034
0.08729406408566975
0.08728986101551084
0.08729937796118596
0.08730491362925782
0.08729766285898237
0.08729640854786161
0.0872850022097733
0.08728312435259813
0.08728796077397837
0.0873012219185207
0.08729810104466523
0.0872936226587303
0.08729201646759965
0.08729454156664723
0.08729076089384101
0.08729319263562102
0.08729910927633135
0.08730327590448175
0.08729802705649858
0.08730202382559685
0.08730331697310609
0.0873069153269149
0.08730951168163835
0.08731066748275038
0.08731093760514622
0.0873073361006377
0.08730718027857678
0.08730509017031751
0.08729834537663236
0.08729749785336949
0.08729249333252825
0.0872966322351918
0.08730193453031485
0.0873065908932777
0.08731732305932349
0.08731323294895683
0.08731124285040458
0.08730640206368193
0.08730390780398369
0.08730279960480887
0.08730124365812754
0.08729882974014198
0.08729542588705398
0.08730806809018177
0.08730261555817864
0.08730015952792369
0.08731955862569045
0.0873159075947092
0.08731043551724993
0.0873116938079475
0.08730552362184205
0.08730487552525275
0.08731821272525427
0.08731601320162183
0.08731948171480303
0.08731369633946914
0.0873219707691658
0.08732256971559196
0.0873267512653244
0.08732681826921282
0.08732372691519014
0.08732470999634294
0.08732954039225996
0.08732662446708465
0.08733061869544465
0.08732334254591029
0.08731787555716583
0.08732374554137054
0.08732619973170738
0.08732445683263614
0.08732209237272881
0.0873330093866073
0.08733168318938382
0.08732296796387845
0.08732057088620788
0.08732155581178054
0.08731711329645335
0.08731291401793559
0.08731425978277688
0.08731532801466951
0.08731427949471533
0.08731007335256677
0.08731311214814723
0.08731722712952718
0.08732287986890877
0.08731721246507722
0.08731607138952054
0.08732605362602401
0.08732215663504037
0.08732361205472693
0.08731272398066754
0.08731201431263791
0.08733154961740519
0.08732854663080411
0.08733531761917465
0.08733029893034093
0.08733257058142177
0.08733391531338935
0.08733084289402235
0.08732610565901447
0.08733847804760615
0.08733063257631762
0.08732760292277185
0.08732614832330787
0.08733110822640422
0.08733500662582865
0.08734294254854856
0.08734909091538012
0.08734257934132883
0.0873390089209057
0.0873365721780759
0.08734364610237913
0.08734354437142627
0.08734171462469857
0.08735611739730349
0.08735237649309159
0.08735170398013563
0.08735882745300307
0.08735710971734742
0.08735931987496694
0.08735443021020552
0.0873491628496954
0.08734981674526414
0.08734935194720825
0.0873494522865394
0.08735898215448964
0.08735321556886923
0.08734322354165429
0.08733937621697657
0.08733951106387552
0.08733886641085785
0.0873340416167627
0.08733253135077029
0.08733947452492974
0.08734266326285371
0.08734672048777689
0.08734744434469494
0.08734424841496219
0.08734153961422715
0.08734236553360535
0.0873498602657947
0.08734205546161738
0.08734509606610452
0.08734682480277035
0.08734916276856329
0.08735175301119331
0.08735281290073629
0.08735507610370212
0.08735270669919594
0.08734894097294703
0.08734838914490474
0.0873579863194798
0.08735253051997512
0.08735070795347807
0.08734806740457021
0.08735805224354576
0.08735056680993378
0.08734573747285718
0.0873456122883588
0.08735488519998229
0.08735132145541204
0.08734866255661437
0.08735988094717709
0.08736906037349497
0.0873633939100298
0.08735828728111379
0.08736665163263589
0.08737069609981116
0.08736542929974626
0.0873597576820217
0.0873620845966317
0.08736310918347293
0.08735794491080066
0.08735700963823782
0.08736609482667253
0.08737208767825101
0.08736696674891425
0.08737172182756169
0.08736835880233329
0.08736115704959528
0.08736409728578953
0.08735794980305862
0.08735735157054032
0.0873712031105722
0.087370446289263
0.08737470184798361
0.08737231520586478
0.08737233136377938
0.0873745407379769
0.08737371792922893
0.08737487927767024
0.08737575742720331
0.08738014762514316
0.08738955633471608
0.0873838261349289
0.08738221016379942
0.08737634969744372
0.08737698836482531
0.08737276352913893
0.08737159639243572
0.08736675729659481
0.08737153820061141
0.08737289282647484
0.08738158365554656
0.08737590638800591
0.08738487063858602
0.0873876272618755
0.08739007528336656
0.08739152841607191
0.08739143795082746
0.08739771838937979
0.08740294487063467
0.08740682271039102
0.08740258340866267
0.08740391581140271
0.08739885053567699
0.08740121259122231
0.08740110635783735
0.0874053312971152
0.08740308048147881
0.08740202664521869
0.0874134339737113
0.08740475403609861
0.08740470601858338
0.08740480134578726
0.0873979462565231
0.08739956884456879
0.08741051303849005
0.08740456089639527
0.08740430078122653
0.08740175590799175
0.08739968894350433
0.08739459656043196
0.08739413214866278
0.08738580436631396
0.087388175131086
0.08738912298908844
0.08739157430254915
0.08738387820545286
0.08738001953343871
0.0873893708641388
0.08739689164545948
0.08740355666044859
0.08739999118413987
0.08739833690571323
0.08739956974138757
0.0874017907016291
0.08739643204958654
0.0873941230125428
0.08739943709853233
0.08739629951433305
0.08740004744087146
0.08739762050373646
0.08739775044643007
0.08739289234169226
0.08739561236232692
0.08738751655516658
0.08739133197790111
0.08738919422944212
0.08739715895223724
0.08738504806270275
0.0873852390011847
0.08737882456425207
0.08737682430560555
0.08738429941503958
0.0873813099936915
0.08738735235090737
0.08739444150606199
0.08738523163035228
0.087392770355503
0.08739405265626325
0.0873923139485666
0.08739268225122965
0.08738676259959358
0.08739540843730674
0.0874045803704913
0.08739235507382645
0.0873887144459534
0.08740050828763758
0.0874021219817408
0.08739999718348936
0.08739886867396153
0.0874006127348416
0.08740162202098936
0.08739482164999625
0.08739888576389816
0.08740045827059185
0.08739670910571166
0.08739427151482308
0.0873904870526703
0.08738344564899887
0.08739065050481194
0.08738796628732763
0.08739033880432512
0.08739642704207358
0.08739956599487939
0.08740848213656162
0.08741023512150038
0.08741277736426152
0.0874168175357293
0.08741159225206746
0.08740891127612208
0.08740405652504246
0.08739891909276004
0.08739939477407427
0.08740054533561412
0.08739986627690856
0.0874107955199006
0.08741022210644692
0.08741982829272314
0.08741382067249046
0.08741271588979914
0.0874119967576679
0.08740501840783499
0.08741012875274713
0.08740781596554348
0.08740467053763627
0.08740209518940854
0.08740117545348075
0.08741154462398718
0.08740338442436321
0.08740381347215365
0.0874042233002638
0.08739911023015802
0.0873986612450639
0.08739804649838653
0.08740119469778973
0.08739703633869653
0.08739450864340552
0.08739464679993264
0.08739441971877712
0.0873977410781736
0.08740024088441631
0.08739645629222131
0.08739257288306075
0.0873960214885509
0.08739450400264535
0.08740260744648723
0.08739677558643652
0.08739765954818629
0.08740182244857789
0.08739894770256261
0.08739699773299965
0.08738873896566673
0.0873937916173546
0.08739829639966434
0.08740082161911891
0.08739576002207465
0.08739338307905965
0.08739329088735533
0.08739551094849615
0.0873900098709314
0.08738667181302781
0.08739188991675712
0.08739012578290317
0.08739307988849343
0.0873896084228606
0.08738962203732988
0.08738356126645003
0.0873792232564543
0.08737442723048146
0.08737285717901602
0.08737025675675347
0.0873715052899408
0.08737171064225663
0.08737145876557699
0.08737381148254014
0.08737502683810584
0.08736757089887531
0.0873736088869853
0.08736660301532077
0.08736873391615882
0.08736544505887235
0.08736183628041715
0.08736085217158071
0.08736046488046612
0.08736413871058989
0.08736170495915954
0.08735967758674679
0.08736853686216753
0.08736719527782506
0.0873624550634555
0.08735842126946328
0.08735225517692409
0.08735437258531059
0.08735228918934464
0.08735349972458126
0.08734994561317283
0.08735313520191122
0.08734864428704696
0.08734275413729349
0.08734971496895332
0.08735527584857412
0.08735390221748641
0.08735296630371348
0.08736144596570214
0.0873612430439649
0.0873645475861282
0.0873609088074888
0.08735914334807247
0.08736229732940666
0.08735757650790205
0.08735312072938586
0.08735744430828811
0.0873554173896439
0.08734696760541796
0.08734679410757956
0.08734558166862598
0.08734777231396348
0.08734625261991344
0.08735287262032256
0.08735395889741332
0.08735068268685416
0.08735126062589176
0.08734465881790192
0.08734872408075949
0.08734842385703467
0.08735090814517486
0.08734933318606838
0.08734883474399913
0.08734256376025373
0.08734730552790085
0.08734502577519562
0.08734800901274827
0.08734621336666162
0.08734531053852213
0.0873486865912466
0.0873498572942279
0.08735215851062222
0.08734607440079122
0.08734735956927256
0.08734519658994974
0.08733926935362277
0.08733196363966261
0.0873351918844751
0.0873312308304507
0.08732756906356728
0.08732649103688557
0.08732755800150038
0.08733813319550089
0.08732906534114743
0.08732693391840166
0.08733092603369595
0.0873354973895126
0.0873304980185887
0.08732852467167651
0.08732728493278671
0.08732789342607711
0.0873281675995899
0.08732370021217824
0.08732601781193276
0.08732569566392631
0.08732446575867137
0.08732858959296608
0.08732705145217873
0.08732279025486782
0.08731812561743521
0.08731593954511586
0.0873193330405485
0.0873245046805458
0.08732514055373128
0.08733567341840635
0.08732811575458117
0.08733069399774564
0.08732980693355206
0.08732744608920033
0.08732641949194091
0.08732733821424717
0.08732427856649758
0.08733816956372381
0.08733220452907238
0.08733473853992925
0.08733190466709854
0.08732874452345968
0.08732881484740153
0.0873261100536852
0.08732786764084575
0.08732705374152668
0.08733015586092925
0.08733101013148745
0.08732616470677046
0.08732388723541801
0.08732270615968558
0.08732584851319995
0.08732511047491189
0.08731975954811153
0.08732148478702233
0.0873237921595998
0.08732255911259232
0.0873196772682682
0.08732733375042928
0.08732412583943462
0.08732260588080809
0.08732450391566661
0.0873256327218657
0.08732228430559327
0.08732689798276255
0.08732484974901646
0.08732828190225987
0.08732819034151071
0.08732526596623535
0.08731989780256
0.0873223326705866
0.08732290033172461
0.08732630383682828
0.08732032413580645
0.08732920530305116
0.08732464525011063
0.08732885310063018
0.08732628182150644
0.0873275812532115
0.08732531489810068
0.0873260418604055
0.08732234352561793
0.08731880909076258
0.08732428788651397
0.0873222297475526
0.08732896940601373
0.08732205249644867
0.08731801011626524
0.0873204490621788
0.08731772715608153
0.08731550996311206
0.08730957221680309
0.08730983019472463
0.08731194492487238
0.08730810044440508
0.08731131928056816
0.08730831910138705
0.08730786408940536
0.08730788077177931
0.08731060844354711
0.08731011104943658
0.08730847942665415
0.08730408726813345
0.08729899249449567
0.08729693410727801
0.0872978474671459
0.08729874240303175
0.08730591914803562
0.08730249785519884
0.08729701579704559
0.0872956042061686
0.087305197781666
0.08730052779014065
0.08729531907019535
0.08729504508559147
0.08730371468846806
0.08729840529712651
0.08730556244243311
0.08729841800789061
0.08729328908535168
0.0872912661390752
0.08729888787109882
0.08729156080698192
0.08728802548574786
0.08727990566887046
0.08728192664506114
0.08727615972037689
0.08727466339568658
0.08727378205927212
0.08727108923319682
0.08726949415754996
0.08727071161130484
0.08726868198500226
0.08727071771163411
0.08726905943366889
0.08727691487341101
0.08727369804369028
0.0872728653313679
0.0872693318100116
0.08726848703569359
0.08726756756100687
0.08727082096990171
0.08727667952003963
0.08727585114328085
0.08727265063693637
0.08726882781380865
0.08726573628820082
0.08726155796089861
0.08726508652257524
0.08727282952781763
0.08727381047785608
0.08727063320461846
0.08727115822399217
0.08727328561152754
0.08727166434104362
0.08727708133640218
0.08727241302283816
0.08726970005223009
0.08726882015063053
0.08727354652271715
0.08726770800109969
0.08726581429324075
0.08727148813555946
0.08727495093047073
0.08727281740403164
0.08727187620920168
0.08727286782071116
0.0872716526238629
0.087274884343436
0.08727787135893521
0.0872846133264151
0.08728442636949955
0.08728415650399464
0.0872806064283256
0.08728057857301402
0.08728988307963126
0.0872887216202953
0.087286339857731
0.08728233128272912
0.08728474642379547
0.08727981617281536
0.0872810297975917
0.08727957737288435
0.08728176531724144
0.08727659052037379
0.08727807209665814
0.08727931574907721
0.08728252158660348
0.08728332219435603
0.08729063147274416
0.08728791030852767
0.08728634922103998
0.08728268587798839
0.08727649137457859
0.08727691088084788
0.08727932458463707
0.0872751116431967
0.08727650803740208
0.0872710998245068
0.08727084755079273
0.0872649826011952
0.08726327462388508
0.08725963725532428
0.08725600656974537
0.08726998504125984
0.08726633307853474
0.08726720954070531
0.08727206041406009
0.08726798816688769
0.08727159460302393
0.08726645550742888
0.0872620918340784
0.08726250306350752
0.08725863273445537
0.08726466566593274
0.08726384276514884
0.08725824226058616
0.08725963632696423
0.08725721921491555
0.08725718567789312
0.08725246145555247
0.0872505605491727
0.08724743927169289
0.08725382632668949
0.08725632858241737
0.08725400268661578
0.08725319938606163
0.08724876171558056
0.08724793102722306
0.08724775219523562
0.08724493222599583
0.08725015677079255
0.08724620216328702
0.08724900834764937
0.08724991301093296
0.08725032718659388
0.0872535638867734
0.08725603342759024
0.0872581192262893
0.08726263435408854
0.08726375947554806
0.08726245157179927
0.08725817657551507
0.08725256176241794
0.08725434884882444
0.0872526502780147
0.0872506017447773
0.08724993772751258
0.087246146266746
0.08726370355534568
0.0872604438527491
0.08725362106917706
0.08725559897789183
0.08726218157914585
0.08726369759365629
0.08725780644362095
0.08725754978726745
0.08725813830810616
0.08725636819636064
0.0872539110168255
0.08726071239767784
0.08726159708040189
0.08726397737740846
0.0872624368884665
0.08726149913398623
0.08726539459203733
0.08726479137869395
0.08726463095288695
0.08726763264323201
0.08726329186057583
0.08726710899483418
0.08726458857522494
0.08726325757858805
0.08726839783669096
0.08726831512275203
0.08726949140093433
0.08726349423399385
0.08726433907739288
0.08726925455922578
0.08727471508324898
0.08727213846221164
0.08727838677814141
0.08727288514833967
0.08727705928259716
0.08727194290052186
0.08727449809913952
0.08727727502694642
0.08727803660787471
0.08728112686936247
0.08728476710945812
0.0872856034326658
0.08728421280081457
0.08728266786085982
0.08728533009159214
0.08728702142391304
0.08728221755509531
0.08728450378100945
0.08728811452271619
0.08728339149434905
0.0872825591165343
0.08728083301175471
0.08728042143151567
0.08727778368280727
0.08727795592460233
0.08727416038169329
0.08727389904400294
0.08727234164859718
0.08727868425595194
0.08727375080896947
0.08727240665633496
0.08727298915940492
0.08728007270218018
0.08727709861299542
0.08727397516334241
0.08727737441484769
0.08727892980008442
0.08727475639389808
0.08727132004566239
0.08727226977819386
0.08727646758812564
0.08727373429581643
0.08727047300681519
0.08727129309002467
0.0872709873502483
0.08727804872183387
0.08728156544024104
0.08727895358586903
0.08727842057062035
0.08727773917237183
0.0872803705239136
0.08727890283970477
0.08728329123268203
0.08729164707664903
0.08729341140080683
0.08728649101014592
0.0872892485972912
0.08728491380223699
0.08728316483679534
0.087283236522113
0.087282032574997
0.08728840378175255
0.08728711104948052
0.08728696817338749
0.087295730513028
0.08729361904219331
0.0872920241356839
0.0872931990886608
0.08729266963587314
0.08728813024004285
0.08728682758755747
0.0872923944003807
0.08729526978167233
0.08730205117034251
0.0873019235547503
0.0872969767539391
0.08729604496022716
0.08729753506070925
0.08729230668190421
0.08728838947313565
0.08728515981926878
0.08729141877892053
0.08729721281959238
0.08729213290931764
0.08729160858118264
0.0872878779993953
0.08729432594540779
0.08729028446522992
0.08729870025293918
0.08729972046092192
0.0873053063819171
0.08730674511175324
0.08730678060242396
0.0873082347837896
0.08730327362451855
0.08729944422983943
0.08730027220238894
0.08730337848913414
0.08730410301155131
0.08730143500616484
0.08730991827516218
0.08731060929572242
0.08731315663434043
0.08731596129783217
0.08731633256620108
0.08731317611891627
0.08731202493782057
0.08730905947803051
0.08731440803531551
0.08731304013927746
0.08731122498667301
0.08730952523504404
0.08731312703674776
0.08731365038335938
0.08731442244724313
0.08731040481804023
0.08731833626571828
0.08731327103688098
0.0873119968940989
0.08731787992201065
0.08731482034322094
0.08731305138319832
0.08731133207526551
0.08730823199919775
0.08730985827665387
0.08730594785364153
0.08730664856222053
0.08730567439629135
0.08730009208493396
0.08730632603889896
0.0873015910732746
0.08730297254477491
0.08730015266038907
0.08730095628035658
0.08730450020802387
0.08730025327602309
0.08729954755775665
0.08729955207215015
0.08730103810449728
0.08730847642173177
0.08730371276041246
0.08729853622390128
0.08729819425160017
0.08730143004326858
0.08730263901407842
0.0873028888483577
0.08730393591673519
0.08731397301679726
0.08731683450790616
0.08731974050911089
0.08732152230252965
0.08731616388851852
0.08731637154784906
0.08731052399293072
0.08731347494420007
0.08731560164905443
0.08732223829938507
0.08732967441951497
0.08732523307836358
0.08732606358113663
0.08732496013925856
0.08732078290979871
0.08732111794037717
0.08732311355454184
0.08732242409371845
0.0873249518223578
0.08732425820722521
0.08733713868552448
0.08733502475616782
0.0873316312723797
0.0873311946802384
0.0873284197930809
0.08733393183088192
0.08733274918985105
0.08733040073321498
0.08732688455445947
0.08732372197726215
0.08732189077414881
0.08732194483212344
0.08731842094794498
0.08731725774584756
0.08731773658589669
0.08731393621387398
0.0873106833752286
0.08730803786149187
0.08731371679766126
0.08731587469792439
0.08732146394080641
0.08732367129353114
0.08732183654396115
0.0873228960231004
0.08731964881643116
0.0873276892733068
0.08732174689117354
0.08731946669375931
0.08731643191230051
0.08731630286082856
0.08731969335393107
0.08731962663151668
0.08731370658808951
0.0873196610942096
0.08732151977841646
0.0873230211504811
0.08731515550340149
0.08732018679608727
0.0873207227326982
0.08731694219704386
0.08731988493845404
0.08731837707043587
0.08732510623563407
0.08732369465979982
0.08732138578715849
0.08731986362094549
0.0873188021692553
0.08731626335259379
0.08731989558387288
0.08731888448791598
0.08731517156860191
0.08731877241096998
0.08731405031296867
0.08731583810722311
0.08731628612366654
0.08731588806271806
0.08731431598745763
0.08731175584793517
0.08731191825622477
0.08730811615869004
0.08730473930258904
0.08730578672959645
0.08730607774607886
0.08730531556595038
0.08730336988105898
0.08730576710262171
0.08730797276607462
0.08731068020829912
0.0873087204688471
0.08730408889834894
0.08731257656603146
0.08731225691338869
0.08730985704810555
0.08730909949302883
0.08730869579408923
0.08730825954596515
0.08730619040313911
0.08730121771381834
0.08730143763529673
0.08730488339897309
0.08730501119149317
0.08730611194124584
0.08730331515107875
0.08730381655052684
0.08730268694340841
0.08729937224471564
0.08729748687010404
0.08730105866078794
0.08729860995202639
0.08729394099104106
0.08729743341278812
0.08729714603590057
0.0873009534058569
0.08730472406077286
0.0873047416252855
0.08730302970973418
0.0873058718605904
0.08730772421913821
0.08730793958060046
0.08730069947896313
0.08729699805553028
0.08730084560505944
0.0873017502069858
0.08729956358035854
0.08730488830372282
0.08730156271843395
0.08730114745434504
0.08730193437128844
0.0872964210586201
0.08730516057234945
0.08731063886257674
0.08731048404751533
0.08730769216622838
0.08730749246062783
0.08730726706388167
0.08731249706684556
0.08731060064359585
0.08730554879026194
0.08730539827224841
0.08730769584493532
0.08730779715391872
0.08730714774100419
0.08731202172570741
0.08731825115413716
0.08731520570974054
0.08731669383130108
0.0873103087001571
0.08731135258505465
0.08731296451759742
0.08731706718912434
0.08731394250299343
0.08731204268418023
0.08731081413577803
0.0873138173270595
0.08730935485737205
0.0873053104490469
0.08730343538639904
0.0873029000806279
0.08730642576119685
0.08730929596810308
0.0873111946619817
0.08730823981500187
0.0873104512706295
0.08730805217557619
0.08730690376509409
0.08731174809945044
0.08731076738429906
0.08731325751587966
0.08731733321389488
0.08731772765460559
0.08731834167889276
0.08732030074030533
0.08731826483179782
0.08731918678008309
0.08731693912528288
0.08731646338873444
0.08731898310143306
0.08731777086099361
0.08732074525773023
0.08732551072465071
0.0873236717507494
0.08731992529644363
0.08731710048302083
0.08731503869577874
0.08731659522615658
0.08732047661166743
0.0873143693084822
0.0873161753553283
0.08731456463275618
0.0873176029209177
0.0873137417007893
0.087309976389612
0.08731175900920997
0.08732164990565172
0.0873184857442063
0.08731900476442411
0.08731785398819762
0.08732186706860676
0.08731558945684069
0.0873165678243374
0.08731431403665925
0.08731506183148853
0.08731636854844639
0.08731382220916628
0.08731065323982881
0.08730965017937634
0.08730477760857985
0.08730822108125944
0.08730530814574616
0.08730714380216956
0.08730817689232406
0.08730545373446436
0.08730900814659195
0.08730641606120708
0.08730750383860825
0.0873049793984643
0.087304764104844
0.08730921584131468
0.0873103968844351
0.08731066113121479
0.08730496720568065
0.08730495817709616
0.08730789765812047
0.08730792514829774
0.08730329885923073
0.08730216717988107
0.0873008614657079
0.08730734953375668
0.0873078423291741
0.08731055825091165
0.08731314732496252
0.08731309995401748
0.0873117101978198
0.0873119513521189
0.08730916909326697
0.08730855061193059
0.08730366828313986
0.0873066903243953
0.08730262178619581
0.08730327004988153
0.08730181810757524
0.08729926263004709
0.08729745397931653
0.08729531691115838
0.08730145792170113
0.08730776004970146
0.08730473335982922
0.0873056677065459
0.08730339096559082
0.087306298496551
0.08730490895697411
0.0872996546979649
0.08730210000890132
0.08730083988329157
0.08729873612036379
0.08729758758913017
0.08729603587489658
0.0872988235295194
0.08730482795906432
0.08730429309250648
0.08730028443091341
0.08730499239549047
0.08730232222701938
0.08729884802384583
0.08729670569792793
0.08729413764860097
0.08729422528931406
0.08729908264172559
0.08730025190511335
0.08730043680673558
0.08730331817393906
0.08730220191591813
0.08731051477149514
0.08730747666491988
0.08730400769888871
0.08730217497893948
0.08730067547563605
0.08729717821785722
0.08730262066602187
0.0873039080435573
0.08730022851150565
0.0873030265421125
0.0873005582533538
0.0872986219653128
0.08729765453698911
0.08729972829290394
0.08729750378216791
0.08729953650326666
0.08729964019070481
0.08730201697439645
0.08730241976225048
0.08730613677933598
0.08730221407747223
0.08730398839133917
0.08730697871039315
0.08730482949324123
0.08730325674678734
0.08730114990339446
0.08730725643794837
0.08730831508302825
0.08731452282286588
0.08731481734704155
0.08731393050546649
0.08731307732622895
0.08731137105472393
0.0873135130114482
0.0873200835384759
0.0873198790116309
0.08731691940671504
0.08731823973010269
0.08731517780658661
0.08731600905134243
0.08731756091847964
0.08731426745192566
0.08731182874184867
0.0873114598130611
0.08731358207891121
0.08731648165808885
0.08731226986826575
0.08731469780286845
0.08731208095191854
0.08731154852755692
0.08731129534210291
0.08731294814372394
0.08731227718436257
0.08730828376051808
0.08730576547753692
0.08730536043025805
0.08730874230854989
0.0873093394890619
0.08731109046566515
0.08730800210596888
0.08730692110860781
0.08730803700812353
0.0873059317371147
0.0873099782428307
0.08730818882227351
0.08730447136091392
0.08730463140471215
0.08730566114138055
0.08730337725199908
0.0873054274411861
0.08731363688792285
0.08731682212003009
0.08731246364115637
0.08731456963470273
0.08731349878278281
0.08731296424030568
0.0873177408035302
0.08732123414880714
0.0873204984140344
0.08731743347006139
0.08731652382086397
0.08731800865156444
0.08731500434326141
0.08731384948055315
0.0873208115341662
0.08731955703201584
0.08732010460875966
0.0873183294984393
0.08731610837265794
0.08731396032920284
0.08731579573777862
0.08731582804061488
0.08731566542772538
0.08731802601105347
0.08731455931583755
0.0873106880215861
0.08731307014504779
0.08731401431084214
0.08731722767452502
0.08732060462599264
0.08731495047714147
0.08731334453038556
0.08731611057454551
0.08731125229071358
0.08731310197555256
0.08731430129641035
0.0873177490165759
0.08731531403056497
0.08731626471722324
0.0873117514494933
0.08731097516448838
0.08730946004824885
0.08731260935380208
0.08731281440623652
0.08731326844734077
0.08731734552226529
0.08731427498169614
0.08731251708266383
0.08731101918102539
0.08731208264602382
0.08731067071359706
0.0873079836432122
0.08730828113616047
0.08731137968829863
0.08731874675057523
0.08732236395924807
0.08732629157542837
0.08732387338589054
0.08731841083246686
0.08731752845438848
0.08732024136979044
0.08732466491500586
0.0873201309777093
0.08731756190960288
0.0873136712670992
0.08731318864925332
0.0873155645454409
0.08731469974786205
0.08731313080214377
0.08731248229346372
0.08730712123686352
0.08730765241660025
0.08730897131837823
0.0873084882441691
0.08730924262803483
0.08731039404081622
0.08730814417852029
0.08730737405320341
0.0873095109707891
0.08731202067840198
0.08730895618566302
0.0873081599294783
0.0873082769095611
0.08730994173409191
0.08730686281665107
0.0873053545782047
0.08730673954368216
0.08731051350618274
0.0873093232877699
0.08731033403876447
0.08730770650053775
0.08730846807564605
0.08731029949027524
0.08731088367913523
0.08730899210131589
0.08731317120790322
0.08731316720217511
0.08731338063620063
0.08731159193919998
0.08731171025314721
0.08730711993262245
0.08731218278434856
0.0873119455042615
0.08731265596514305
0.08730998614614083
0.08730584357402604
0.08731025363845409
0.08731641755015304
0.08731800886191847
0.08731711264048896
0.08732171322962298
0.0873200618972073
0.08732171866298814
0.08732162633914206
0.08731939116608071
0.08732089635219376
0.08731989611363716
0.08731877205012453
0.08731616700673227
0.0873166700517098
0.08731490295326842
0.0873176696061441
0.08731720950727404
0.08731428625055561
0.08731071490948043
0.08730648483528235
0.08731381104920867
0.08731527690892496
0.08731678232112466
0.08731435257686988
0.08731316344864341
0.08730967495306313
0.08731024153980993
0.08730728484627023
0.08730999356723147
0.0873070043797842
0.08730808757545046
0.08730832143745461
0.0873019100265689
0.087306750866895
0.08730630038591632
0.0873049934882469
0.08730377269038878
0.0873057075466832
0.08730452068172398
0.08730383055860345
0.08730691534151779
0.087304808715862
0.08730466706189843
0.08730437479261649
0.08730226558047066
0.08730070825387726
0.08729739053642785
0.08729605824633901
0.08729519864961002
0.0873014363284662
0.08730052994641357
0.08729910450197259
0.08729616694193487
0.08729350505578884
0.0872957406926591
0.08729771541857918
0.08729442918660345
0.08729509989972435
0.08729443967081355
0.08729139019662048
0.08728811949194637
0.08728324170361558
0.08728442393912604
0.08728794991017351
0.08728863332854686
0.08728535866439062
0.08728293278329317
0.08728781053470633
0.08728421401781837
0.08728336871647333
0.08728491471888795
0.08728816199459064
0.08728285052231494
0.08727985547019806
0.08728063894823444
0.08728588921442956
0.08728252215709667
0.08728346464442363
0.08728313487860206
0.08728095274563062
0.08728146406974484
0.0872795542384666
0.08728276121872318
0.08728604574868797
0.0872883938346415
0.0872858831163237
0.08728451640463766
0.08729021289028184
0.0872878394038527
0.08728341088407406
0.08728304235563301
0.08728168915900382
0.08727812635378765
0.08727761969710644
0.08727744715618185
0.0872760128066278
0.0872800485989516
0.08727777006053415
0.087274236350784
0.08727580044912868
0.08727505219080464
0.08727508807366044
0.08727348258191134
0.08727416192004095
0.08727389423245671
0.08728035755342654
0.0872783799356215
0.08727252207999284
0.08727620596180959
0.08727764170085721
0.08727933354418492
0.08727792123414682
0.08728410965618279
0.08728344379225492
0.08728317313163345
0.087283461773017
0.08728296885124015
0.08728355774152863
0.08728970584343507
0.08728754610489603
0.0872894686976471
0.08728722537083018
0.08728604375208841
0.08728645330359565
0.08729009975485034
0.08729158047987329
0.08729050759811222
0.0872869550604521
0.08728754089493318
0.08728444684865976
0.08728896683169314
0.08729654595126653
0.08729177273016488
0.08728992312075934
0.08728646207741347
0.08728743133323846
0.08728865264533096
0.08728433761527547
0.08728403991311674
0.0872863828380025
0.08728777237388394
0.08728518125706627
0.08728192385458212
0.08728026737993458
0.08728279214779272
0.0872830889238593
0.08728396401092525
0.08728186184650533
0.08728304401929411
0.08728026288620869
0.08727709904257633
0.08727475330104124
0.08727404716983217
0.087273561514768
0.08727212721754166
0.08727112045013628
0.08727332837709371
0.08727437556726211
0.08727070298153805
0.08726665806291362
0.08726529669833195
0.08726749451071801
0.08726415737574883
0.0872611480967988
0.08726444510844436
0.08726411085116713
0.08726422845508024
0.08726559431467427
0.08726843707034505
0.08726642489616987
0.08726567576203832
0.08726338913920648
0.08726433223306777
0.0872660888570116
0.08726794546433755
0.08726562300081651
0.08726625297082308
0.08726761971899481
0.08726473603372574
0.08726580785240405
0.08726387974134718
0.0872615016509792
0.08726427189392946
0.08726464570855716
0.08726746777836288
0.087269223233006
0.08726906451851431
0.08727391078030677
0.08726873595557093
0.08727076284498794
0.0872690191267567
0.08726687285674437
0.08726646230252236
0.08726426060704501
0.0872675055032659
0.08726802522061897
0.08726422807342815
0.08726434241712482
0.08726188036414843
0.08726051588086724
0.08726183197081974
0.08726540628929548
0.0872624051622354
0.08725894454086564
0.08725755383430848
0.0872546945325993
0.08725531423161251
0.08726309146751508
0.08726101137903207
0.08725957287626226
0.08725722086475723
0.0872555982334508
0.08726106584733595
0.08726138954213947
0.08725510561749905
0.0872571129442439
0.08726023322271527
0.08725794735696957
0.08725481177103958
0.08725839324046317
0.08725909709532342
0.08725812634264787
0.08725706064235372
0.0872580662607854
0.08725897176074347
0.08725915439724957
0.08725867478813426
0.08725814519843629
0.08726082805463309
0.08726146096957818
0.08725693590868391
0.0872562773582818
0.08726085484943884
0.08726283019692875
0.08725996692998994
0.08726076506241123
0.08725882868916529
0.0872638864465274
0.08726611283549508
0.08726345319708805
0.0872661401189446
0.08726696737789127
0.08727027927619203
0.08727134007224616
0.08727137693254491
0.08727026414446606
0.08727131016629325
0.0872715251006818
0.08726959424323188
0.08727473844082614
0.08727108036866202
0.08726883168177153
0.08727120822256283
0.08727577302875031
0.08727082630952021
0.08727086634141325
0.08726828408631226
0.08726477193928502
0.08726675122305554
0.0872711515544397
0.08727095152038811
0.08727455932801785
0.08727273240631303
0.08727287114151315
0.08727179464378515
0.08726786626803032
0.08727286852900812
0.08727368969541092
0.08727043892854175
0.0872685378508286
0.08726564086217536
0.08726891457691302
0.08726831199534966
0.08726823340421928
0.0872693760149846
0.08727414481123213
0.08727192039730242
0.08727492909803133
0.08727096369209393
0.08727123534712218
0.08726882140426417
0.08727086713696554
0.08726740669687291
0.08726544600852942
0.08726508531524171
0.08726504324515963
0.08726332799387682
0.08726171867186243
0.08726520473990834
0.08726459094869222
0.08726564942171326
0.08726348944808625
0.08726225026050495
0.08725990995315096
0.087267700817062
0.08726833167710096
0.08726528922700046
0.08726825422750609
0.08726795378282275
0.08726678025651194
0.08726755218093349
0.08726833455255435
0.08726788933676272
0.08727120678465161
0.087267735343696
0.08726656602506812
0.08726204218103786
0.08726262655658074
0.08726686839972321
0.08726388935175022
0.08726724006629023
0.08726692465360307
0.08726782618178132
0.08726828522798107
0.08726956890349755
0.08726892990894608
0.08726861303519057
0.08727006763470388
0.08726760351979737
0.08726969501580951
0.08726974849303545
0.0872678412977894
0.08727011105728753
0.08727098696664819
0.08726470470067486
0.0872660928097054
0.087268895396385
0.0872696775099628
0.08727439012110576
0.08727160214450638
0.08727246736482899
0.08726964667768124
0.0872674657990955
0.08726669883236333
0.08726825115266736
0.08727068212910778
0.08726560598851762
0.08726157721624787
0.08726054774764128
0.08725867359539236
0.08725781709289296
0.08726219672546007
0.08726046230228633
0.0872611270429009
0.08726402649573324
0.08726163960233274
0.08726298260253137
0.08726740500503909
0.08726634814310073
0.08726578222527887
0.08726919435441768
0.08726928125629263
0.08726727027871191
0.08727160397774524
0.08726719415188547
0.08726601203624801
0.08726699660261039
0.08726707022195855
0.08727423148944197
0.08727413762293643
0.08727471926582502
0.08727365646242775
0.08727337171503156
0.08727303887050325
0.08727369618015086
0.08727156390815685
0.08728032984865505
0.08728011371134639
0.08727872605932578
0.08727968080765156
0.0872765697809207
0.08728322500442788
0.08728329863484097
0.08728024767530052
0.08728147599623304
0.08727942634952825
0.08728160039179722
0.08728721784467887
0.08728623167907146
0.08728866345224692
0.0872849180250316
0.08728405919004263
0.08728449458341916
0.0872839560068601
0.08728326959488882
0.08728254313275118
0.08728153832045236
0.08727931420387225
0.08728017655894026
0.08728016317928289
0.08727879994103056
0.08727620707891436
0.08727337445677344
0.08727406434636446
0.08727371945836049
0.08727315454270486
0.08726955496661387
0.08726708540283745
0.08726702060393095
0.08727029694911448
0.08727149994235929
0.08726998247786523
0.08727185966840634
0.08726986315535928
0.08726750633471052
0.08726889858565243
0.08726948763097787
0.08726967139270886
0.08726553524770245
0.08727098489428908
0.08727277256440683
0.08727275935613402
0.08727049762004768
0.08727043580022897
0.08727091838278787
0.08727288952385415
0.08727378565310526
0.08727166758800407
0.08727544854260527
0.08727954424307297
0.08727550136664519
0.08727292302903487
0.08727444286585344
0.08727488867074312
0.08728029415403747
0.0872777276709766
0.08727972995023266
0.08728152965970244
0.08728003031891278
0.0872810520236056
0.0872801123773981
0.08728511312785121
0.0872836499961597
0.08728294254381995
0.08728267986022263
0.08728063416483273
0.08727985940525472
0.08728358310256701
0.08727960747001746
0.0872818517610386
0.08728050059014761
0.08727623782881055
0.08727812107215556
0.08727726546524787
0.08727712074361062
0.08728154782430927
0.0872795765322607
0.08728269155650883
0.08728150044624759
0.0872804376878641
0.08727785420325405
0.08727656702946637
0.08727399179017513
0.0872764087154155
0.08727921452158229
0.08727929626224425
0.08727592623226019
0.08727877058718729
0.08727636615989794
0.08727360235096686
0.08727498772958511
0.08727197604843112
0.08727920584287122
0.08728414321292563
0.08728184733389213
0.08728565318236774
0.08728727955821984
0.08728602840904433
0.08728362385410945
0.08727942753752148
0.0872799169390435
0.08728510886772173
0.08728211932683548
0.08728731437301086
0.08728635941012218
0.08728301211684827
0.08728332290657803
0.08728211394225081
0.08728133111009079
0.08728372483202727
0.08728464251265647
0.0872844587738104
0.08728517045239621
0.08728143343071008
0.08728378974631318
0.08728273537271258
0.08728124407509044
0.08728217922530805
0.0872844219966443
0.08728582133854557
0.0872839343130478
0.08728214267901285
0.08728190358163078
0.08728190564866907
0.08728400699131336
0.08728173375285357
0.08728017132437725
0.0872837254724911
0.08728480304399935
0.08728499686976657
0.08728488060287003
0.08728144000786743
0.08727952137259853
0.08727935901445946
0.08727752334460613
0.08727218816096119
0.08727167436783528
0.08727332924152323
0.0872715025720493
0.08726970071772928
0.08727457105436282
0.08727935300545168
0.08727777575949036
0.08727992052617392
0.08727910114199657
0.08727888946445095
0.08727683224381032
0.08727443379401575
0.08727593029133097
0.08727414442477568
0.08727527632993051
0.08727732161529912
0.08727641686288838
0.08727383941256078
0.08727354461871002
0.08727606070886994
0.08727546148110647
0.08727373253193976
0.08727655799484135
0.08727935844120538
0.08727817791055482
0.08727442562051964
0.08727367121061001
0.08727836967972642
0.08727694498891811
0.08727972775248663
0.08727910894992176
0.08727899003622269
0.08727915447413086
0.08728285213860225
0.08727983834497872
0.08728164070209823
0.0872836213686211
0.08728166776408477
0.08728214855360451
0.08728347913556823
0.08728612173369887
0.08728442079264252
0.08728674113339535
0.08729156708922185
0.08728760703363199
0.08728708471812288
0.08729095414900609
0.08728880053705734
0.08728806653891814
0.08728947996032387
0.08728841506305157
0.08728975200218417
0.08728782552518004
0.08728570930140114
0.08728520581878084
0.08728238876878014
0.08727838524002143
0.08727839679313082
0.08727802708209575
0.08727560840720068
0.08727574291280936
0.08727924422621357
0.08727428383308765
0.08727333142496978
0.08727427709005872
0.08727260118460914
0.08727232098636661
0.08727159994339781
0.08727060644479173
0.08727043578158565
0.0872685581613422
0.08727358580363943
0.08727051952527476
0.0872686826212804
0.08727182195110005
0.08727079659225653
0.0872679954076671
0.08726599482856211
0.08726441054380153
0.08726422406273646
0.08726440580681741
0.08726212047321157
0.0872621928101749
0.08726455898872532
0.08726782391106423
0.0872668977107791
0.08726479206546811
0.08726503642970393
0.0872634633613537
0.08726433217021468
0.08726135550521562
0.08726322181946777
0.08726546497705999
0.08726562190263236
0.08726186609328272
0.08725881665302457
0.08726103991718165
0.08726251181578717
0.08726010884934414
0.08725977471504709
0.08725568347727139
0.08725562257569816
0.08725507868635167
0.08725473872509024
0.08725347167901586
0.08725699005243334
0.0872518278886063
0.08725269126273089
0.08725189313898897
0.08725489588366306
0.08725433673706495
0.08725808642041265
0.0872564980994219
0.08725836940129139
0.08725421422743286
0.08725584119088509
0.08725374866107642
0.08725387632883642
0.08726125099485615
0.08726224881831421
0.08726011456307849
0.08726239907793176
0.08725903531879653
0.08725688590819575
0.08725861172164004
0.08726622530036691
0.08726256701280391
0.08726032685187733
0.0872568284163482
0.08725767685389693
0.0872632039577937
0.08726302791374754
0.08726044108966838
0.08726199682443367
0.08725849846545317
0.08726071307716865
0.08725989471281617
0.08725709376160604
0.08725790085047423
0.08725684444772958
0.08725652842662711
0.08725679859366733
0.0872578842318314
0.08725754996968522
0.0872549391939172
0.08725795284018646
0.08725679514155442
0.0872592293502128
0.08725783807053189
0.08725671889418307
0.08725427618254741
0.08725387858007065
0.087253970663988
0.08725190258254564
0.087251001981662
0.0872506204653971
0.08725031487904479
0.08725336341538173
0.08725451153042534
0.08725817560054458
0.08725506540346471
0.08725417813889354
0.08725600454548806
0.08725653362453929
0.08725596642771774
0.08725720964259137
0.08725739438368221
0.08725928794579782
0.0872563598009301
0.0872540044043605
0.08725424591653981
0.08725457205910703
0.08725165965625893
0.08725218971501698
0.08724813134830997
0.08724757643233912
0.08724893297847798
0.08724831690813747
0.08725018044840532
0.08724852602608203
0.08724661340863823
0.0872472791458517
0.08724642904005009
0.08724599428284999
0.08724553838760062
0.08724775937869039
0.08724923909922687
0.08724281150998758
0.08724781007070789
0.08724844692800537
0.0872479923194058
0.08724571458406333
0.08724646247534601
0.08724735185517855
0.08724585450103442
0.08724705693462888
0.08724710234803648
0.08724795829731825
0.08724710368293288
0.0872469030109254
0.08725108869592584
0.08725043204112164
0.08725351256615967
0.08725283134598592
0.08725605655199369
0.08725437552107637
0.08725306703919175
0.08725470031760725
0.08725550304597876
0.08725294112118351
0.08725379484333033
0.0872636513890421
0.08726107678706219
0.08725677319304526
0.0872578919333122
0.0872546850652066
0.08725826060999405
0.08725694638304654
0.08725776158214346
0.08725541364296006
0.08725527624254334
0.08725222672745425
0.08725509590501487
0.08725356971572777
0.08725633991036999
0.08725592652200352
0.08725594274055626
0.08725936859123376
0.08725767266557011
0.08725741581275845
0.08725504923555245
0.08725702284155988
0.08725843971716274
0.08725606100381991
0.0872562752828589
0.08725624739255254
0.08725435076165834
0.08726059994231558
0.08725802612289812
0.08725356517107852
0.08725334668791113
0.08725706789000119
0.08725804012079505
0.08725587518536414
0.08725426789109626
0.08725450761666306
0.08725768988090972
0.08725794268748
0.087254695210051
0.0872564613349898
0.08725281414463747
0.08725277894706654
0.08725163654344316
0.08725022049005289
0.0872475234049284
0.08724737891899204
0.08724569674573612
0.0872514570725069
0.08725000376275756
0.08725162079671914
0.08725151212960594
0.08725004762584454
0.08724885374712868
0.08724848163418074
0.08724634483374938
0.08724723093826241
0.08724723378737817
0.0872525030360245
0.08725092871317287
0.08724920749473203
0.08724876036487124
0.08724773066225207
0.08724283989827664
0.08724349998967183
0.08724189469248661
0.087242955099803
0.08724286027427153
0.08724210715019183
0.08724039262229617
0.08724015942195014
0.08723982822084667
0.08724011491569458
0.087242775096828
0.08724155696731062
0.08724144628447557
0.08724078430504284
0.08724065404561886
0.08723907088532579
0.08724251689817648
0.08724206513726572
0.08724061354149255
0.08724232741439211
0.08723919621014027
0.08723606482849984
0.0872349421299135
0.08723593724836275
0.08723662837304542
0.08723714547394057
0.08723620895248964
0.08723551218389727
0.08723528006147772
0.0872328157642217
0.08723643905062103
0.08723707025469753
0.08723963344352728
0.08724242206443705
0.08723997545155024
0.08724174142755668
0.08724010810174704
0.08724256402481423
0.08724129394332504
0.08724074263256971
0.08724231127992997
0.08724232307904786
0.0872433778628045
0.08724663547681646
0.08724567951597137
0.08724388987953459
0.08724390299139499
0.0872430059633308
0.0872456088634609
0.08724423672868793
0.08724678952207178
0.08724600500632367
0.08724450254970456
0.08724536763211961
0.08724636356301078
0.08724566934298633
0.08724651992043446
0.08724823444709218
0.0872463708979536
0.08724415203550386
0.0872498845090032
0.0872475865605232
0.08725359465827694
0.08725167234317312
0.08724946187829531
0.08725052636007367
0.08724910737713755
0.08724828868953088
0.08724921840081502
0.0872489601191546
0.08725001902004148
0.08725406531198619
0.08725022037818032
0.08724938828478189
0.08724737496710429
0.08724525126085816
0.08724672104409893
0.08724575990975929
0.08724806090132521
0.08724526342103235
0.08724770534366628
0.08724720685771604
0.08724806859381416
0.08724665329517714
0.08724893745666457
0.08725000223426888
0.08725164332584677
0.08725023564423823
0.08725200640889344
0.08725012757865819
0.0872515885604139
0.08725307485428774
0.08724991996376694
0.08724843068885202
0.08725402286208536
0.08725936420652494
0.087258746961384
0.08725813909762488
0.08725791306951275
0.08725491833758996
0.0872561008935671
0.08726027719115544
0.0872578885104777
0.08725599176158438
0.08725701736441084
0.08725868929412514
0.08725947892849194
0.08726242008765836
0.08725901259099193
0.0872585541834534
0.08726064372444274
0.08726292961957446
0.08726387311164575
0.08726357078600878
0.0872665533063366
0.08726651753823358
0.08726357309813389
0.08726278678998163
0.08726409805206058
0.08726318032090513
0.08726004029913151
0.08725644151619842
0.08725900047746926
0.08726238908214963
0.08725926146606476
0.08726172791068504
0.08725954604892722
0.08726091420758866
0.0872585135138974
0.08726094214350937
0.0872605455300259
0.0872629275139637
0.08726137830390343
0.08725900808755103
0.08726001924053099
0.08725900206859442
0.08725664051064198
0.08725772550179403
0.08725541617435889
0.08725536108972545
0.08725260499539485
0.08725244453849738
0.08725314179065269
0.0872545000887311
0.08725246642240676
0.08724916424590044
0.08725112780459507
0.08725172815063297
0.08725373415924272
0.08725423135441698
0.08725213650763246
0.0872563834080195
0.08725331254748736
0.08725075086542117
0.08725536143544203
0.08725475582882906
0.08725579071933058
0.08725416839416444
0.08725294839445032
0.0872515874901934
0.08725116167788044
0.08725084099230322
0.08725009983733951
0.08724826352321881
0.08724639397491589
0.08724873370307265
0.0872466989791938
0.08724684618085206
0.08724884010780085
0.08724798323400444
0.08724638633126128
0.08724860504840343
0.0872481753189635
0.08724850896045058
0.0872499262806155
0.08725495601005417
0.08725173583343247
0.08725098035785267
0.08725062980551375
0.08725093539859444
0.08725075440020115
0.08724982548206835
0.08725297620973448
0.08725656282768167
0.08725364331644266
0.08725352777010192
0.08725252674949134
0.08725648133826294
0.08725750680189685
0.08726190293783945
0.0872589094284723
0.08725507437422453
0.08725564076798786
0.08725804160213337
0.08725707760311202
0.08725609459341885
0.08725902164502611
0.08726152291836764
0.08726057510866862
0.08726344752290531
0.08726181912601522
0.08726610395252299
0.08726909413646072
0.08727139349244956
0.08726757047782087
0.08726829859677597
0.08726576243663321
0.08726842124888623
0.08726883341853754
0.08726990297314464
0.08726669315962693
0.0872640981571895
0.08726626686999076
0.08726778844096875
0.087266147197991
0.08726501391280671
0.08726423279394704
0.08726349357997965
0.08726337806428532
0.08726578062996505
0.08726616955398503
0.08726661300650432
0.08726666280954062
0.08726643921001456
0.08726434341724593
0.08726677816932489
0.08726801223618232
0.08726546669971123
0.08726609462127395
0.08726747535876926
0.08726690580820351
0.08726768168316011
0.08726809105532708
0.0872668704562311
0.08726665001314782
0.08726637452641144
0.08726361012361004
0.08726110860002648
0.08726127926487166
0.08725997201659241
0.08726057724514105
0.08726055542259567
0.08725980639574835
0.08726420907758363
0.08726200166074911
0.0872600234470105
0.08725996298316868
0.08726145702483219
0.08726229883826371
0.08726300170082218
0.08725984035576803
0.08726236647416004
0.08726090894556422
0.08725815371391762
0.08725813420825697
0.08725894743409988
0.08725891860742904
0.08725807560572381
0.08725836717625854
0.08725693004525116
0.0872560632500565
0.08725879556766562
0.08725852886981748
0.08725890984141149
0.08725871449118859
0.08725622640611928
0.08725719866510366
0.0872604584369491
0.08725878460183219
0.08726018570309989
0.08726148145737804
0.08726268709140711
0.08726197338829458
0.08726394580800671
0.08726294263249704
0.08726341265533188
0.08726506773686647
0.08726648811607514
0.08726753653133139
0.0872640060043168
0.08726140426814627
0.08726808480742772
0.08726638981952298
0.08726697885354133
0.08726401222040657
0.0872664395033571
0.08726553937416681
0.08726406166839018
0.08726266564874903
0.08726243709115364
0.08726108331382322
0.08725930587930543
0.08726160224654345
0.08725965845708095
0.08726102532665257
0.08726087755378231
0.08726128630327183
0.08726541250523273
0.08726747353896587
0.08726637867837858
0.08726507209900543
0.08726458239073315
0.08726195777337296
0.08726560964134597
0.08726266755483938
0.08726210029187151
0.08726194479917913
0.0872642645484307
0.0872626566098367
0.08726007267493428
0.0872597067698653
0.08725902857736337
0.08725721871852062
0.08725925912184884
0.08725870482292043
0.08725735489899825
0.08725562472401623
0.08725469033232776
0.08725515715775801
0.08725173620348013
0.08725267070094946
0.08725233963654459
0.08724965825646575
0.08725018154749871
0.0872501456792984
0.08724930577623725
0.08724762468492012
0.08725026164517062
0.08725164107959976
0.08725256385109376
0.08725380516702352
0.08725390657425322
0.08725517167298896
0.08725653679394021
0.08725812631966644
0.08725637867090036
0.08725442829541823
0.08725435339974436
0.08725619746869119
0.0872581772121066
0.0872582980168659
0.08725792484460329
0.08725798913032837
0.08725813217932059
0.08725609524840686
0.08725692294911648
0.08725735516983626
0.0872567835962466
0.08725880479147075
0.08725743096762585
0.08725665027245501
0.08726117110480482
0.08725713170756697
0.08725745287739341
0.08725665725595501
0.08725611760715388
0.08725484401167727
0.08725431374341978
0.08725417483009766
0.08725408612100563
0.08725458386046729
0.08725305223167212
0.08725448732180055
0.08725227342735872
0.08725252585688571
0.08725317077915634
0.08725317094149886
0.08725243283962715
0.08725440006279085
0.0872543952294624
0.08725325053764749
0.08725309521434567
0.08725549890629232
0.08725691106822467
0.0872570743440335
0.08726171977532207
0.08725832285441869
0.08725760343423015
0.08725999281033184
0.08725845165111477
0.08725919590443121
0.0872580585870752
0.0872565270439018
0.08725467243351058
0.08725640563177098
0.08725457853317994
0.08725889261881993
0.08725733161081188
0.08725782628774056
0.08725702564035402
0.08725764549802774
0.08725718108470887
0.08725632068627155
0.08725290653815457
0.08725890838621755
0.08725979016424863
0.08725687364193818
0.08725717770843765
0.08726008849193762
0.08725816641649795
0.08725772806784018
0.08725589755798424
0.08725848633465684
0.08725928086478348
0.08725643145316833
0.08725634543150863
0.08725902340313718
0.08725704246572764
0.08725645557155727
0.0872570281331784
0.08725571398017136
0.08725463697459432
0.08725389657039356
0.08725467620627718
0.08725553542034657
0.08725470779984115
0.08725436714585734
0.08725735863513867
0.08725596015917902
0.08725840918535147
0.08725602052552288
0.0872545802793954
0.08725449464922484
0.08725429402173249
0.08725245641645604
0.0872528396988601
0.08725233715852716
0.08725650515675028
0.08725650713648285
0.08726002489046503
0.08725885228846088
0.08725540855474481
0.08725751677506594
0.08725794334188697
0.08725676524480669
0.087256038448961
0.08725561333002955
0.0872538976571418
0.08725135813841937
0.08725011038757802
0.08725276525974096
0.08725605071342214
0.08725463602705959
0.08725485292662957
0.08725404260269155
0.08725104182341006
0.08725026125183097
0.08725054732256943
0.08724908662456635
0.08724837065920588
0.08724774128391237
0.08725063498271424
0.08724941514625342
0.08724721751098816
0.08724979807081427
0.08724766565951217
0.08724728453822111
0.08724936967076032
0.0872485832755852
0.08724730642957362
0.08724826344008457
0.08725073362812093
0.08724948435781517
0.08724807888411751
0.08724676457991419
0.08724883403374081
0.08724943767758736
0.08725060318875798
0.08724797303565789
0.08724659911314163
0.08724760733205145
0.08724477054356063
0.08724678028259072
0.08724997699540032
0.08724763504391567
0.0872475394702805
0.0872464885991605
0.08724553469456098
0.08724386828814679
0.08724293549002073
0.08724521639116388
0.0872489995265727
0.0872468026786929
0.0872478324160258
0.08724590043506629
0.08724875826885653
0.08724646810335085
0.08724649111842883
0.08724610957290205
0.08724727448005967
0.0872470953476486
0.08724889120836377
0.08724695889240394
0.08724779950531991
0.08724706696921901
0.08724992362310087
0.08724826824366003
0.0872469080470961
0.08724716582691816
0.08724644956547782
0.08724694123242369
0.08724479237841416
0.08724296396868376
0.08724339274309229
0.08724239527008407
0.08724250990883745
0.08724097107628037
0.0872398670978302
0.08724098435802281
0.08724118472748722
0.08724178228561838
0.08724105047219825
0.0872397149156952
0.08724192798913466
0.0872436021029008
0.08724343303125741
0.08724650391470791
0.08724758538533205
0.087244396513227
0.08724631525431993
0.08724734389470382
0.0872477445076079
0.0872513204647832
0.08725050987259429
0.08725195302642363
0.0872533169743849
0.08725324387542148
0.08725699328055812
0.08725552304765244
0.08725583246232446
0.08725386172600834
0.0872522038486727
0.0872569068529501
0.08725510878757142
0.08725831449878121
0.08725709618247872
0.08725589743450028
0.08725653620373695
0.0872567574229882
0.08725965036987487
0.08725902242541504
0.08725954766852145
0.08726409634322739
0.08726220144263293
0.08726416730987314
0.08726220933463397
0.08726364221827265
0.0872617677037128
0.0872647144471906
0.08726423604499511
0.08726239094289091
0.08726390025806058
0.08726379797659237
0.0872636032781821
0.08726154598476231
0.08726057034509821
0.0872610850722352
0.0872602687219999
0.08725972891989915
0.08726084888905825
0.0872642871617958
0.08726246981538467
0.08726382516560037
0.0872634208222362
0.08726300310229151
0.08726379145679401
0.08726328692653616
0.08726146800203428
0.08726435887196145
0.08726279373398257
0.0872633300124153
0.0872631390634552
0.08726116448951805
0.08726442302324795
0.08726393198387329
0.08726332000201963
0.08726350930788325
0.08726037316039127
0.08725922154226451
0.0872601392254879
0.08726373690398069
0.08726273793401142
0.08726148538167797
0.08726129102799583
0.08725997005119376
0.08725765969946461
0.08725630251541781
0.0872550204375543
0.08725911778812603
0.08725836893020861
0.08725937877120787
0.08725974216511644
0.08725954389273671
0.08726001282546945
0.08726173752029721
0.0872604392726672
0.08726115178916284
0.08726114274010004
0.08726147555655972
0.08726171836851344
0.08726191136512468
0.08725988747095938
0.0872565888158288
0.08725703013677405
0.08726136261935691
0.08726448398537572
0.08726327976716974
0.0872642753156791
0.08726283526105831
0.08726090793802688
0.08726271806094464
0.08726128745835854
0.08726122431381911
0.08726404578240894
0.08726294119664807
0.08726309712229434
0.0872622745745737
0.08726261997333602
0.08726153945797444
0.0872601288289373
0.08726085265279818
0.08726475727699215
0.08726217901541743
0.0872635614825677
0.08726243804144418
0.08726080429972362
0.08726218638767269
0.08726138066035992
0.08725961161448224
0.08726315461070012
0.08726123760549578
0.08725928249679626
0.08725800897655858
0.087258538203524
0.08726036372669652
0.08725852144504953
0.08726014176259436
0.08726005881973756
0.08725704418168105
0.0872567998063657
0.08725801382221861
0.0872571906424777
0.08725642267484413
0.08725479307773923
0.08725331123996372
0.0872509264389575
0.087249935957203
0.08724919997334098
0.08725026627672772
0.08725302842598655
0.08725172629657015
0.08725235305446713
0.08725170647485894
0.08724953613020327
0.08724873712057829
0.08725484443138937
0.087254234729416
0.08725292519454415
0.08725081280534308
0.087252665099212
0.0872523646454842
0.08725086678268183
0.08724855840128519
0.08724895703916206
0.08724755330164917
0.08724713239240028
0.08724858939465169
0.08724796843258811
0.0872516320621791
0.08725107664152192
0.08724938384004324
0.08724955883878259
0.08724807128072669
0.08724817872279082
0.08724717849906898
0.08724696499532339
0.08724921687718407
0.0872489939256302
0.08724988695459197
0.08725078931170725
0.08725196883715182
0.08725165526380337
0.08725531395784863
0.08725340640744238
0.08725353492084019
0.08725559706765772
0.0872532013460032
0.08725181186647615
0.08724894440945936
0.08724998318504512
0.08725052929843935
0.08725158449864283
0.08725102388944969
0.08724991373735046
0.0872510618923482
0.08725246155347775
0.08725380848145046
0.08725346716404078
0.08725235320525897
0.0872507474744573
0.08725293277892145
0.08725147359921819
0.08725233555014891
0.08725036745385942
0.087254924566756
0.08725315609161823
0.08725420413720202
0.08725612121625152
0.08725517885945602
0.08725626355174118
0.08725933524998492
0.08726114064653742
0.087259758193557
0.08726008347194263
0.08726134300027029
0.08726021474805047
0.08725828026029984
0.08725809957344956
0.08726083094447919
0.08725890003103919
0.08726182516595087
0.08726165865952411
0.08725975533358502
0.08725865443325817
0.0872590976663769
0.08725968910943392
0.08726049302939896
0.08726229510761323
0.08725919368604002
0.08726573792531397
0.08726470086454174
0.0872648475405933
0.08726334576076318
0.0872658109079091
0.08726491315767664
0.08726525666989916
0.0872648975453624
0.0872638061712767
0.08726352624764153
0.08726704755337422
0.08726531991119978
0.08726227774420219
0.08726296795862182
0.08726386817582536
0.08726245520549067
0.08725957044198836
0.08726261240456512
0.08726693158682669
0.08726626496023777
0.08726594452800837
0.08726489054516223
0.08726653134864752
0.08726650157527308
0.08726544235492038
0.08726770899572983
0.08726695707206877
0.08726678291131966
0.08726496880966304
0.08726787701695612
0.08726708054059394
0.08726681290709139
0.08726633172723633
0.08726586464794245
0.08726436814968336
0.08726515198076451
0.08726477950805785
0.08726288181616021
0.08726645816430846
0.08726433145989414
0.08726428560936034
0.08726364027536274
0.08726399305196979
0.08726561921740612
0.0872634911742245
0.08726493398165684
0.08726698394757569
0.08726781168009429
0.08726696148255443
0.08726615768907843
0.08726790605047124
0.08726700391120909
0.08727041339315639
0.08727075896174774
0.0872717793171817
0.08726978549942303
0.08727022022571163
0.08726913592718732
0.08726741697877906
0.08726638617360262
0.08726758079738169
0.08726488582923998
0.0872660260697079
0.0872655906429502
0.0872653761170528
0.08726408609946523
0.08726382050953842
0.08726551795270747
0.08726210617544804
0.08726484101854437
0.0872647228187236
0.08726433918627055
0.08726543064030734
0.08726308339608951
0.08726487003403845
0.08726584230583462
0.08726514623028274
0.08726381920323417
0.08726459755016443
0.08726286975072395
0.08726344019277586
0.08726267074340054
0.08726354056267836
0.08726272925003759
0.08726255985655797
0.08726176323350884
0.08726446632794276
0.08726436312064834
0.0872643968376096
0.08726524927803796
0.08726560329087998
0.08726254951140718
0.08726389835444148
0.08726475112749595
0.08726312995965745
0.08726156091883909
0.08725929636532281
0.08725883875415849
0.08725768111498163
0.087258129930597
0.08725600639564263
0.0872564269677759
0.08725524167684143
0.08725433563328712
0.08725837137105166
0.08725709512917214
0.0872579157286287
0.08726084458496107
0.08726163560391721
0.0872598992478026
0.08726080482611703
0.08725994632742425
0.0872607905383209
0.087261213020731
0.08725889372793995
0.08726010685338906
0.0872595599856455
0.08725862535048294
0.0872630942566135
0.08726528518460511
0.08726484778139583
0.08726235518927031
0.08726317157357777
0.08726129256608182
0.08726096334914249
0.08726216617863101
0.08726185840291148
0.08726114826684693
0.08726121680981572
0.08726052551065991
0.0872585021901552
0.08726240598324628
0.0872604719347389
0.08726162064132785
0.0872613431168105
0.08726201420170969
0.08726269230933302
0.08726064207297707
0.08726182243215971
0.08726153377462872
0.08725925513118052
0.08725770129318068
0.08725559287016038
0.08725702189243308
0.08725542254394025
0.08725638970462142
0.08725669237195627
0.08725532646382529
0.08725459473609296
0.08725493704676877
0.08725497872826847
0.08725622744752336
0.08725464701464568
0.08725523602033285
0.08725575101879707
0.08725349077936044
0.08725498232739637
0.08725452844526027
0.08726031127011348
0.08725816071597346
0.0872553532686622
0.08725530665975403
0.08725415130007842
0.08725576487085245
0.08725563509872399
0.08725355949141334
0.08725700927394464
0.08725601188370338
0.08725488053847626
0.08725693081676324
0.08725687577453542
0.08725533591169758
0.08725400414523658
0.08725615229709521
0.08725501085811882
0.08725480247217506
0.08725527170392315
0.08725448305728856
0.08725427781088681
0.08725380167130228
0.08725249539881239
0.08725342133261033
0.08725353599357749
0.08725439897938375
0.08725346965352793
0.08725628582235728
0.08725491875536728
0.08725723230139955
0.08725543701023743
0.08725620478345143
0.08725705946148936
0.08725488980094186
0.0872558174693758
0.08725628801720331
0.08725408895884382
0.08725379324805195
0.08725302670891175
0.08725232535741717
0.08725272788872906
0.08725390519545781
0.08725428841494846
0.0872526479444496
0.0872513179812944
0.08724991718190804
0.0872509597067142
0.08725012945339192
0.08724871571077264
0.08724834249712558
0.08725055286268867
0.08724938546723687
0.08724874190087828
0.08724869094474874
0.08724690130588914
0.08724821708614297
0.08724763341678952
0.08724960279039859
0.08724921597514787
0.08724751909452085
0.08724869960706023
0.08724866871546257
0.08724922829623862
0.08724947418405288
0.08724859359372877
0.0872500169299605
0.08725353535876579
0.0872520526870095
0.08725006387926897
0.08724796451225607
0.08724893047908609
0.08725056474160602
0.08724909951614722
0.08725020612489345
0.08725221725896322
0.08725162597072472
0.08725020252033194
0.08725063471799599
0.08725267515934683
0.08725120024145648
0.08725147525355871
0.08725033685720732
0.08724989766626164
0.08724800205587184
0.08724761382388119
0.08724906736113058
0.08724939203471807
0.08724755378632075
0.08725036523858684
0.08724877843160937
0.08725058616625332
0.08725049232316308
0.08725031692091341
0.08725371419380766
0.08725421757814927
0.08725157266550539
0.08725024914695877
0.08724943204266146
0.08724961661199374
0.08724879624731757
0.08724696513753415
0.08724726901838724
0.08724992190965622
0.0872486088091675
0.08724696126782255
0.08724612502482712
0.08724530195922402
0.08724297027763428
0.08724133407320947
0.08724208090533817
0.08724080422253133
0.0872412776215212
0.08724060376308534
0.08723843305884589
0.08723880223437046
0.08723826868929291
0.08723673473049923
0.08723526510160377
0.0872335877867106
0.08723625007335335
0.08723772247983465
0.08723551899216472
0.0872338607347135
0.08723711403720708
0.0872354250342007
0.08723338515765983
0.08723420317276043
0.08723346769775726
0.08723137643236398
0.08722986635688748
0.08722946769074348
0.0872279843420606
0.08723101393751319
0.08723195644954423
0.0872301431951409
0.0872293478110502
0.08723053716234858
0.08722787115523246
0.08722773354296139
0.08722732070977728
0.08722568864824747
0.08722590484078585
0.08722591207213488
0.08722475938732156
0.08722447478504446
0.08722777222552945
0.08722690875543568
0.08722793090658332
0.087234510880691
0.08723228450695404
0.08723316186827472
0.0872305380929403
0.08723014499807724
0.08723051960974687
0.0872304488976679
0.08722837342551892
0.08723038842392943
0.08722938689946103
0.0872313397920091
0.08723003744036661
0.08722878049960255
0.08722901149101629
0.0872274236215023
0.08722870688505788
0.08722882523387361
0.08722940160072117
0.08722904399054349
0.08723214898996087
0.08723182998500359
0.08723331705068643
0.08723426030992797
0.08723242964476259
0.08723349140424981
0.08723596906850532
0.08723483907872538
0.08723527258263586
0.08723826345765456
0.08723694152959474
0.08723798030282912
0.08723600854135007
0.08723422850835019
0.08723609003376455
0.08723678028840245
0.087235816342954
0.08723790092160287
0.08723611177010016
0.0872346519853341
0.0872342589237899
0.08723382068773006
0.08723376182422211
0.08723416431669477
0.08723243738676902
0.08723319069697505
0.08723125948926867
0.08723253242621855
0.08723182551949894
0.08723361187963606
0.08723296335626493
0.08723482559490421
0.08723726036515028
0.08723655439624367
0.08723354614727906
0.08723688884478767
0.08723734238474794
0.08723777433333064
0.0872353582404947
0.08723255951517593
0.08723142626557187
0.08723034296730349
0.08723083531473091
0.08722825417533212
0.08722919151382977
0.08723130220711031
0.08722938144333074
0.08722746850702752
0.08723151000279723
0.08722901674853908
0.0872266051233871
0.08722822465759672
0.08722662603318074
0.08722528793161033
0.08722675424276917
0.08722530348797257
0.08722319188372159
0.08722250307756298
0.08722325936402411
0.08722513798858669
0.08722442676345138
0.08722356023605551
0.08722444246490733
0.08722280763358574
0.08722335153458158
0.08722378390036008
0.08722349351131554
0.0872227213486993
0.08722151606539963
0.08722225463637305
0.08722512473104727
0.08722306109264881
0.08722070295198368
0.08722203763237854
0.08722175310120196
0.08722280046618093
0.08722248591807853
0.08722490643253833
0.08722660398269376
0.08722732248951344
0.08722582160195436
0.08722458633266753
0.08722592497004188
0.08722679888889821
0.08722717454368918
0.08722901233459121
0.08722796364747175
0.08722993574538121
0.08722906938451823
0.08722703674122685
0.08722757830547173
0.08722554614591518
0.08722593558767565
0.08722619372242316
0.08722580773999893
0.08722505069433895
0.0872228710567777
0.0872241736357189
0.0872252965572785
0.0872247348794425
0.08722277856298437
0.08722335359460962
0.08722172870237765
0.08722372395819832
0.08722474853414339
0.08722669615476185
0.08722484922330194
0.08722341687553047
0.0872246827517989
0.08722651450022408
0.08722661618441703
0.08722622235538835
0.08722730482819377
0.08722759917026215
0.08722574254296953
0.08722721786384827
0.08722790029369862
0.08722879427681512
0.08722939646822682
0.08722957893496874
0.08722650376690776
0.08722960663647616
0.08722917210350081
0.08722800083308654
0.08722766182943031
0.0872255290679384
0.0872250292522028
0.0872277242605081
0.08722835777053817
0.08722995190144675
0.08722990081007866
0.08722873045806886
0.0872316623871584
0.0872315476367094
0.08723323204778646
0.08723182963026174
0.08723123431876442
0.08723060937490984
0.08723267850590578
0.08723588076572407
0.08723481654617897
0.08723365031023331
0.08723612509717098
0.08723693419242681
0.08723692280490601
0.08723676621570853
0.08723640414799566
0.0872370229824704
0.08723439217480589
0.08723307737274304
0.0872355486180869
0.08723385031024189
0.08723425308888026
0.08723525006756329
0.08723389897815817
0.08723454338877717
0.0872338797348602
0.08723391413393658
0.08723385648000187
0.0872336382212566
0.08723314104982113
0.08723021903043414
0.08723161231252313
0.08723241164671464
0.08723251149798704
0.08723174464278265
0.08723147847283946
0.08723197907777998
0.08723176568339902
0.08723224263031151
0.08723176720848183
0.08723278698919501
0.0872372251998716
0.08723642522694469
0.08723557507887493
0.08723719924384792
0.08723787406567007
0.08723847030573745
0.08723784861987444
0.08723865173848278
0.08723770427445919
0.08724174217202825
0.08724214285293377
0.08724205324236321
0.08724066839193431
0.08723915331243386
0.08724013349750044
0.08723837291303298
0.08723754669435851
0.08723845376727238
0.08723715563501626
0.08723732768498504
0.0872393783122844
0.08723866659396207
0.08723909852157427
0.0872391858386412
0.08724033311487715
0.08724165674055559
0.0872416292963135
0.0872420504437728
0.0872393529621949
0.08724064080015888
0.08723905908447606
0.08724064689181209
0.08724043292194736
0.08723995436478563
0.08723996204436361
0.08724025409138618
0.08723811478445193
0.08723682281876002
0.08723743698555932
0.08723582473838726
0.08723680055109535
0.08723965878812756
0.08724185392861353
0.08724152523841955
0.08723888297668604
0.08724428100799626
0.08724356156451497
0.0872434679717267
0.08724175268862656
0.08724119082381891
0.08724196262462237
0.08724529216751366
0.0872429399192704
0.08724237785364208
0.08724152076929957
0.08724362070190589
0.08724450729720581
0.08724381676215473
0.0872453425506448
0.08724774917552221
0.08724572848906105
0.08724737376788774
0.08724402009638997
0.08724208787719578
0.08724098697366567
0.0872435701793603
0.08724243141650329
0.08724400979711551
0.08724265607681483
0.08724354457371561
0.08724273811805017
0.08724095460006126
0.08723914562322464
0.08724017006186072
0.08723990883897106
0.08724085141139683
0.08724239139395941
0.08724293223025893
0.0872423326470071
0.08724178597518491
0.08724144113887812
0.08724045626758788
0.08724172586156796
0.08724094927376429
0.08723930057346325
0.08723932684363916
0.0872378684726609
0.08723836675511512
0.08724016159627303
0.08723939500088164
0.08723790300816313
0.0872361870218459
0.08723629705717499
0.08723381920159509
0.08723625781972559
0.0872386932155031
0.0872397180202848
0.08723751210464101
0.08723608859512322
0.0872349675018234
0.08723289484955975
0.08723186653325536
0.08723330579353714
0.08723040853083472
0.08723507064468608
0.08723745710827603
0.08723516939491528
0.0872383735484296
0.08723656266241316
0.08724108407053265
0.08723843855378267
0.08723684446565783
0.0872373632049373
0.08723882431015544
0.08723687026274726
0.08723752870677244
0.08723727585357532
0.08724057090503919
0.0872406833317525
0.08724138384361528
0.08724031570046033
0.08723850335978185
0.08723803558321572
0.08723877319515683
0.08723884049724444
0.0872404214638734
0.08724059184004113
0.08723978895481431
0.08724120285901175
0.087243250676415
0.08724148708089162
0.08723940725713118
0.08724004307115313
0.0872408712347342
0.08724168972273083
0.08723969190421439
0.08724324564132421
0.08724526825301022
0.08724550084913997
0.08724591823271376
0.08724496033858387
0.08724589589627564
0.08724563997222917
0.08724783401886593
0.08724778326041684
0.08724747140948412
0.08724976809193548
0.08725175035452319
0.0872511943171844
0.08724966404302925
0.08724914109947651
0.08725199157054848
0.0872517686952306
0.08725146547733789
0.08725145009916727
0.0872518554363729
0.08725184898422615
0.08725095071087809
0.08724824560096289
0.0872466997858335
0.08725001346921117
0.08724910475197922
0.08724823307998136
0.08724940503990457
0.0872515575841369
0.08725100076271121
0.08724822726140011
0.08725017374065967
0.08725040724748029
0.08725214383388664
0.08725095999785447
0.08725055205739043
0.08724802728351595
0.08724701047182791
0.08724627909645959
0.08724780836706933
0.08724835978896248
0.08724795976201587
0.08724831292812743
0.08724954877045803
0.08725265595135802
0.08725295579556218
0.08725424885595387
0.08725441971076067
0.08725077609331755
0.08724981282478103
0.08724806760026083
0.08724901583505248
0.08724831532462973
0.08724504296967067
0.08724687988829662
0.08724711033964058
0.08724805880882476
0.0872472553475909
0.08724603574750567
0.08724507261955845
0.08724532448914343
0.0872437438883531
0.08724560818988061
0.0872480700219369
0.0872493284709924
0.08724826180235168
0.08724828456568524
0.08724805254061628
0.08724988136138324
0.08724814014359623
0.08724896775414544
0.08724752560905093
0.08724775649564126
0.08724711057970348
0.08725040696590804
0.08725084000738946
0.08724901633341875
0.08724734949764894
0.08724703303423727
0.0872488891714255
0.08724800925670258
0.08724615391760812
0.08724768183306893
0.08724890952268362
0.08724657615932069
0.08724486550056089
0.08724577425151957
0.08724890666267311
0.08725085673144299
0.08724968047473261
0.08724833560914942
0.08725124296418071
0.08725087624641162
0.08725177616780679
0.08725255962880178
0.0872544441355008
0.08725294620152568
0.0872545300525046
0.08725326163744106
0.08725477439912302
0.08725204395897375
0.08725102957295436
0.08725205162377862
0.08725139326317127
0.08725043245922655
0.08725065114780187
0.08725040001647853
0.0872507637355415
0.08724916963939176
0.08724739314088431
0.08724700675842785
0.08724737115088278
0.08724743576517652
0.08724824278375043
0.087246592019642
0.08724512709232149
0.08724442734475947
0.08724528676639202
0.08724510630303017
0.08724622138078394
0.0872466453953514
0.08724599384178673
0.08724451301645801
0.08724613874402544
0.08724652848896383
0.08725068508209939
0.0872479741665535
0.08724498385798142
0.08724470142470886
0.08724554292013972
0.08724478565547705
0.08724535659998592
0.08724672901837932
0.08724543386951629
0.08724707276710315
0.08724857718844882
0.08724667542138388
0.08725062160866005
0.08724987481953986
0.08724807083018267
0.08724881961690395
0.0872513269501889
0.08725192548987715
0.08725113278650966
0.08725168627919638
0.0872510047589105
0.08725097191504436
0.08725040901606168
0.08725097207829988
0.0872496068874627
0.08724770790979638
0.08724638658467904
0.08724615847816256
0.0872485780137135
0.08724669146684991
0.08724627971824561
0.08724607891831784
0.0872465645420541
0.08724603396394308
0.08724617366962534
0.08724460153382342
0.08724402604648722
0.0872441734774968
0.08724331530514996
0.08724407660587806
0.08724402077971571
0.08724365914875472
0.08724680230419711
0.08724582280163573
0.08724699906397974
0.08724614368393312
0.08724496561574745
0.08724316730461215
0.08724311011286631
0.08724187750160191
0.08724226487277958
0.08724250711514052
0.08724199394546546
0.08724385095816911
0.08724211236878676
0.08724183750248543
0.08724137763628982
0.08724330808476226
0.08724243714406063
0.08724193616264735
0.08724307493871773
0.0872427396527721
0.08724293137344791
0.08724093257632194
0.0872400729218773
0.08723831476601167
0.08724067052602702
0.0872397861610619
0.08724477383965196
0.08724482320616629
0.087242713634517
0.08724003040898998
0.08723958123883997
0.08723975624181494
0.087238178916428
0.08723694361290905
0.08723672141486248
0.08723540125811198
0.08723546335894411
0.08723688066384247
0.08723689540778301
0.08723993796433129
0.08723953112024381
0.08724236814592966
0.08724269395085789
0.08724356865218175
0.08724276084250988
0.08724293567953394
0.08724558159967576
0.08724376384546645
0.08724098472776141
0.08724047345645167
0.08724045279960334
0.08723954983804214
0.08723968624647198
0.08724002712334815
0.08724090376613938
0.08723902099565838
0.08723926893820029
0.08723942266142579
0.08723962309717752
0.08723831013828227
0.08723775889699746
0.08723636553354674
0.0872369880094041
0.0872353500328119
0.08723476917553262
0.0872380568731696
0.08723683932909092
0.08723530108338963
0.0872376423571314
0.08723663538106043
0.08723489161430809
0.08723528218766197
0.0872339616399579
0.0872331223159199
0.087232294236203
0.08723039784913832
0.08723199529475362
0.0872333423750296
0.08723324048380739
0.08723164913518919
0.08723107743753378
0.08722978367732584
0.08723069581431488
0.08723119557799192
0.08723293509775491
0.08723342826633604
0.08723340340172461
0.08723117207134588
0.08723167398407455
0.0872335520818557
0.08723586350011071
0.08723617352353433
0.08723581001715934
0.08723692911076394
0.0872368518116257
0.08723687375378289
0.08723742689934888
0.08723466499391663
0.0872329786920784
0.08723583202136719
0.08723774894797028
0.08723541508155547
0.08723762757825528
0.08723660885527357
0.08723576274118404
0.08723584033854381
0.08723650810251579
0.08723696773146962
0.08723539681186372
0.0872420381908237
0.08724222747900005
0.08724103678569893
0.0872420436412552
0.08724054775829643
0.08724013039460485
0.08724175780331726
0.08724285265507271
0.08723983248851483
0.08723917342445787
0.0872387249769872
0.08723867506824998
0.08723751143471205
0.08723734585892441
0.0872367997476645
0.08723846046601937
0.08723837493374696
0.08723852347460358
0.08723888148724644
0.08723901647254145
0.0872384606360011
0.08723708754787889
0.08723671006277557
0.08723828372441682
0.08723837044979761
0.08723998961389437
0.08723914709744159
0.08723962461406833
0.0872400866871121
0.08723877609029486
0.087240948921745
0.08724222248171837
0.08724124716083592
0.08724041664611207
0.08724289323682477
0.08724299958364883
0.08724508261419216
0.08724658060384048
0.08724485400629653
0.08724279883852051
0.08724333746082559
0.08724616331612092
0.08724671311942837
0.08724519354158052
0.08724651238191021
0.08724542157872384
0.08724705745672137
0.08724834089255
0.08724789283044211
0.08724840636843079
0.08724588383606705
0.08724626590732856
0.08724403395974499
0.0872440097040516
0.0872420195711385
0.08724571752102026
0.08724482760059452
0.08724618375388386
0.08724674150244226
0.08724591894313892
0.08724810742992839
0.0872508514585004
0.08725061345850453
0.08725061892911258
0.08725152867800819
0.08725196517199389
0.0872502632176041
0.08725473755181706
0.08725372396448497
0.08725311216059504
0.0872518616745721
0.08725129770011048
0.08725292528750878
0.08725444649003483
0.08725346012943219
0.08725341471270813
0.08725284630612942
0.08725173248560919
0.08725107472861732
0.0872504386783111
0.0872531233303076
0.08725394224680252
0.08725179158058247
0.08725015083389642
0.08725049071140738
0.08725036628814842
0.08725021552816532
0.08724972451261584
0.08725177254698296
0.08725278097611378
0.08725281654972135
0.08725192158530827
0.08725300749005373
0.0872529484693342
0.08725279153919391
0.08725343251117744
0.0872516457881991
0.0872564934356803
0.08725478889446152
0.08725473137554449
0.08725442466025936
0.08725479861324349
0.08725375551868352
0.0872560283802777
0.08725379360462765
0.08725467632359266
0.0872528260302339
0.08725518147794636
0.08725287859013248
0.08725305259083399
0.08725214793084345
0.0872517962775567
0.0872515616615704
0.08725167054710473
0.08725085713145071
0.08725045670038675
0.0872493839809682
0.08725151956480341
0.08725056036001436
0.08725083162330133
0.08724986835972148
0.0872502540233423
0.08725074850428866
0.08725258479786839
0.08725092633351024
0.08725123027627539
0.08724966040936966
0.08724856593525593
0.08724781248858508
0.08724775212165294
0.08724900088011542
0.0872486786005502
0.08724754276914382
