0.07756926307523287
0.07804728331748931
0.08380547003951759
0.0817440516836012
0.08595464522645999
0.08580067131283038
0.08532495904701912
0.0852712452098655
0.08469842518443076
0.08488286016188792
0.08586092760770261
0.08548361560791974
0.08502518177590473
0.08502506251807933
0.0850574728648166
0.08540398310750702
0.08553086537311302
0.08658047190764345
0.0873829689128272
0.08699690135586903
0.0870591200911065
0.08716298665446422
0.087441487022985
0.08736213414336591
0.08729710543949062
0.087416884867309
0.08734092918316552
0.08704623413304138
0.08692466018003697
0.08699268527671371
0.08676232495761252
0.08650366386288123
0.08640356560602945
0.08656158067390018
0.08640455729928509
0.0860793486618871
0.08569310631261984
0.08558500152919447
0.08571588034892395
0.08564618037152409
0.08593516692977547
0.08583711140399691
0.08571269160712354
0.08567176342219293
0.08561253557753326
0.08583108936644493
0.08590129293680802
0.0859721623971716
0.08607584913403778
0.08607562929332621
0.0861664534886575
0.08612978443393765
0.08639753818530164
0.08632126339028108
0.08658392570837029
0.08670172769558984
0.0866868436389773
0.08655406024867285
0.08646669736008117
0.08636465807113457
0.08630030148253937
0.08621319962127705
0.08619207629647385
0.08608566362314497
0.08617273781750023
0.08629424737130235
0.0864519669592204
0.08643422685014582
0.08627196017968672
0.08642438717550471
0.08638802802014257
0.0865475220580048
0.08654978123450335
0.08650697234885854
0.08648924215222982
0.08641108674340017
0.08657468667574991
0.0867765265975766
0.08686195242782628
0.08701357524249535
0.0868897862906869
0.08689066104551312
0.08693117517921246
0.08696969697324293
0.08703681083366464
0.08721243996809884
0.08729330544434644
0.08730662541286568
0.0873563387437661
0.08737137386591909
0.08745662292488568
0.08743967664712536
0.0874988216084415
0.08746663578032457
0.08743247941850532
0.08731182547340727
0.08723892884566627
0.08721349013144501
0.0870552341361147
0.08717238771612722
0.08712647482720146
0.08707566859024057
0.08699801616356177
0.08700440900726561
0.08705461646558386
0.08706214427964659
0.08701184397720946
0.08705482726358295
0.08708321066594628
0.08716541142584941
0.08707243082130253
0.08704608056046535
0.0869866379419739
0.08704740043786402
0.08700705628690159
0.087046608103703
0.08706154049993271
0.08712033209591989
0.08713294138225317
0.08717568406618074
0.08714212261410474
0.0871198241699464
0.08711940744101161
0.08715423424854205
0.08716381361580246
0.08713091567726935
0.08708911186150278
0.08723964412247895
0.08731303976820455
0.08732462980361594
0.08732989561220698
0.08735257960220205
0.08729982171731063
0.08735444041192539
0.08744952296899304
0.08741461762184437
0.08741171415939981
0.08735643897481811
0.08740038786932434
0.08743096356864184
0.08733898930374569
0.08737466910243127
0.08732343656258917
0.08739451691204501
0.08740467820735459
0.08734961891331025
0.08736539075259836
0.08736225815437598
0.08739291591697236
0.08739477841770478
0.08736060609057256
0.08731856623184815
0.08730118767830589
0.08727287920187886
0.08721767366008866
0.08721182032365925
0.08713497794494618
0.08710200075141677
0.08717463139538356
0.08715986182481433
0.0871712956910998
0.08718833770080626
0.0871838372709488
0.08719064871915373
0.08720224402458933
0.08718080894549765
0.087135840986242
0.08711277932467809
0.08718452537778183
0.08718510268238355
0.08723461025924599
0.08715331857348996
0.08711832426273718
0.08710525776517188
0.08710171080787202
0.08708590741449257
0.08713636518867489
0.08713282173745561
0.08716887863135298
0.0871406828281809
0.087150261918161
0.08716537776364032
0.0871620476213489
0.08713762453787907
0.08716229924298191
0.0871857682580978
0.08719636933604945
0.08722890455933913
0.08724223147337824
0.08722083787051421
0.08728450681481291
0.08726314765890046
0.08725001916851044
0.08724823671597652
0.08725899251655628
0.08727310993114258
0.08724432484280768
0.08723445405772831
0.08720315844377972
0.08717351063881244
0.08723754972711173
0.08724422819738845
0.08725082957263541
0.08725116269938842
0.08723657021595684
0.08725034853182156
0.08721573028946705
0.08721165579098802
0.0872158580433359
0.08718120180699995
0.08717573154186124
0.08714636657180352
0.08715110521018693
0.0871498162597983
0.0871303161157174
0.08710350503069074
0.08712353596318048
0.08712235805356984
0.08711464726009294
0.08716009204406903
0.08716295356044879
0.08715700236337855
0.08712809739401775
0.08710167017695593
0.0871090603461422
0.08707185776610167
0.08703292053425103
0.0870500244633396
0.0870049262137751
0.08695524793250133
0.08695061851678648
0.08695796954249273
0.08695531141489801
0.0869473551321916
0.0869838235508547
0.08698676403871942
0.08705701232368387
0.08709397834170991
0.08711537200552935
0.08710653374734903
0.08709329989495138
0.08707605425293186
0.0870247515173542
0.08706555783116925
0.0870843615445719
0.08707110074982859
0.08711857852955888
0.08711653052949823
0.08708344944119209
0.08713237358253577
0.08712877691391764
0.08707450530067119
0.0870233385573848
0.08699175942352025
0.0869779598948603
0.08696938710095638
0.0869754354789815
0.08697382627850662
0.08698108540432538
0.08696961536788812
0.08694275389319336
0.08692509220986819
0.08691892134310288
0.08689074497884781
0.08687940311220338
0.08693814482650374
0.08692558227398176
0.08692623880812449
0.08689228148196984
0.08689257537092618
0.08695024528152683
0.08699728956325566
0.0869809951146168
0.08700814126928069
0.08698676299691824
0.08698019966296348
0.08700089138210534
0.08700869810152662
0.08704244383392322
0.08708098321949624
0.08711544786486533
0.08715675144280162
0.08718989166886378
0.08718180487308648
0.08717583208859102
0.08718103103852133
0.0871683860464069
0.08720484695826079
0.08720594888972186
0.08717469695343297
0.08715436689420968
0.08712221354956526
0.08711902734998347
0.0871556444606639
0.08718219508649983
0.08721658598688448
0.08720718818599035
0.08719012329429883
0.08721437245906279
0.08726511593036891
0.08726313939494952
0.08724352032356943
0.08726777335700432
0.08725539832827445
0.0872524705282612
0.08727373438861032
0.08724279258229314
0.08722921446277421
0.08720820947567487
0.08719112575029665
0.08721706398370001
0.08719800272946107
0.08722902411162174
0.08721261811016523
0.08721104156005739
0.08716616454058422
0.08713687507660027
0.0871092294386716
0.08712030580229688
0.08715781419045032
0.08713962860905054
0.08721274489791586
0.08722040665012798
0.08724434479816369
0.08726530901703908
0.08727997621676972
0.08727559311559714
0.08725889212740759
0.08722634302476405
0.08718627123556011
0.0872160157335881
0.08723294800732792
0.08726267425490512
0.08724269329105742
0.08722779593797209
0.08723235788069018
0.08722212936656105
0.08723741238087156
0.08719308901565594
0.08722752243945908
0.08723466676750702
0.08726388089311639
0.08728195424899854
0.08728294370975247
0.0872933878613737
0.08729400608330551
0.08729134783155587
0.08732205117113233
0.08732172640160712
0.08732113507229458
0.08733166115834022
0.08731234808554135
0.0873467765617669
0.08736357150749458
0.08738670336682705
0.08737579794229032
0.08737640682882455
0.08736605117829707
0.08742513152056491
0.08743583282690802
0.08742237549435898
0.08740905484577619
0.08740935976980084
0.0874229148129896
0.08739640006558147
0.08739671860385398
0.08740668629195783
0.08737598520280428
0.08739531324204323
0.08738793150471366
0.08737861323520521
0.087372451633496
0.08735337115120567
0.08732554637563203
0.08729947359688811
0.0873208686109586
0.08729906854837814
0.08732031622222906
0.08730870734228098
0.08730379411258064
0.08730721329792565
0.08731232398124962
0.08730819276688594
0.08731788444481947
0.08728831703535
0.08731419011976478
0.08731541692884263
0.08729182916281358
0.08731927128255995
0.0873222674636011
0.08731673361631902
0.08731145261590482
0.08730762568675218
0.08729055367059085
0.08732454620749731
0.08732379193136257
0.08730659353550764
0.08731571392077456
0.08733437059490294
0.08737610583517659
0.08737773315556649
0.08740387794589706
0.08741227682622481
0.0874191954113763
0.08742029427769911
0.08743246391976581
0.08745336802272687
0.0874447043968466
0.0874297279596954
0.08745193470493173
0.08743295824137341
0.08743719377593318
0.08746288664946485
0.08743087730939449
0.08743225380737225
0.08743556323046733
0.0874234498301113
0.08742602449120652
0.08740413429661943
0.08738921181642925
0.08739663391684561
0.08737213733054293
0.0873438036164649
0.08732437428470258
0.08734494463430367
0.08737590085544078
0.0873735632319603
0.08739081823160715
0.08742429291251015
0.08742672671382076
0.08740990763452826
0.08740191522355711
0.0873970821586362
0.08739561570955023
0.08738846075490393
0.08737331161265939
0.08735178742427849
0.08734943154074094
0.0873398738663092
0.08732326374511257
0.08733333454909901
0.08731802999083607
0.0873148762174994
0.08731260375893697
0.08728198394040113
0.08728302499105661
0.08728270472293237
0.08728329278549284
0.08728498705227183
0.08728647912720272
0.08729748640300024
0.08729647193041262
0.0872893815023096
0.08729830567435584
0.08728841205703985
0.08730092056309993
0.08730585220584498
0.08729031806986182
0.0872672055131326
0.0872664936974725
0.0872729461824868
0.08727629467372627
0.0872873783996658
0.08728432883300327
0.0873207311416601
0.0873221349169637
0.08733209670283756
0.08732607193324708
0.08732682000733503
0.08732526814943968
0.08736634367313541
0.08738499872857204
0.08736773913839467
0.08736544118086219
0.08738494740181288
0.08738252934160788
0.08736105566894267
0.0873785141830377
0.08739199766868126
0.08737394558092275
0.08736743462513238
0.0873504029897876
0.0873424937793121
0.08733240411415165
0.0873327231653135
0.08731594905510404
0.0873190817514057
0.0873245562204677
0.08733450413364637
0.08732902911229451
0.08733167893584767
0.08734266534404297
0.08734972107996108
0.08735755777037199
0.08735273207857089
0.08734760763621907
0.08737668571328061
0.08735732061960116
0.08734873279022214
0.0873733967739606
0.08736340730396895
0.08736234901580829
0.0873566345523073
0.08734484885912214
0.08733717153758329
0.08736962217901856
0.0873735210602777
0.0873641044808772
0.08735071692906415
0.08733801158524578
0.08736141452945129
0.08734976469878492
0.08734798845252974
0.0873579997876627
0.08733636376698603
0.08732736852617722
0.08733899112562538
0.08732858081476953
0.08733811623066397
0.08731435501064318
0.08732283561517264
0.0873067027786399
0.0873191778510835
0.08732369714163293
0.08733691059347018
0.08734164658185746
0.0873289388010173
0.08733024192790109
0.08735354952661391
0.08736449990155384
0.0873597481383883
0.08737401982691309
0.08740429579610458
0.08742129323354937
0.08741725460736645
0.08743086141177041
0.08741518631926068
0.08742664866367073
0.08741433969899969
0.08741321097956617
0.08738972732536748
0.0873888466733177
0.08738437787262811
0.08740512375005982
0.08739332350022519
0.08739580173385382
0.08740774183289167
0.08741016236642282
0.087399202693907
0.08738041251284515
0.08738161308901458
0.0873826708031922
0.08737380170035798
0.08736246169710338
0.08735786920691768
0.0873467390387744
0.0873631629387143
0.08737048373944528
0.08737750149579934
0.08740512783457413
0.08740136228268923
0.08740244342287831
0.0873815543701802
0.0873736715101459
0.08738289679642396
0.08739019705070852
0.08737726129502468
0.08735724012900419
0.08735151503298491
0.08734784781637145
0.08733230525965412
0.0873290038369996
0.08730757175422964
0.087302671334916
0.08730916597028432
0.08733383704513048
0.08731252294664445
0.08731515766178558
0.08730011774375754
0.08730870523167697
0.08731163530068725
0.08731836094530018
0.08731045043249212
0.08729751482331066
0.08729189803578664
0.08728953819634566
0.08728661466424138
0.08731232923324916
0.08734277624902116
0.087347268011318
0.08734755201572024
0.08736107080315217
0.08739381530856537
0.08738617280201194
0.08742317672488192
0.0874214101921101
0.08744839239586095
0.0874383051772393
0.087433220861133
0.08741770434633349
0.08742568402889608
0.08742893852628353
0.0874199019242418
0.08740976328261393
0.0874098637698977
0.08741392761855503
0.08741966287217019
0.08741750718339254
0.08740795662799872
0.0873978568647752
0.08738463331907757
0.08736538603432649
0.08736218238080004
0.08736395444251595
0.08736866134414535
0.08737180593597567
0.0873541905305926
0.08735135475660352
0.08734012927154927
0.08734261766686638
0.08735482836695743
0.08735204785970926
0.0873603329126014
0.08735190995058943
0.08735034576763416
0.08734175776637111
0.08735840579144892
0.08734988349693464
0.08734870743752707
0.08734696274908352
0.08734900720349233
0.08735032229541999
0.087369140020829
0.0873782186934774
0.08736959043192319
0.08738714776787507
0.08737567611322862
0.08738598764479935
0.08737602986601903
0.08738081507427076
0.08738695666015624
0.08737713027430358
0.0873674565464186
0.08735869493372153
0.08736713134741252
0.08737637527659939
0.08738002328094338
0.08738085009024035
0.0873668132586977
0.08736194872744994
0.08735223306846553
0.08735075571348057
0.08734301473900793
0.0873352002528813
0.08732327647000203
0.08731363912808823
0.08730050327086533
0.08731338011957053
0.08732278805414269
0.08731661662757106
0.08732467941293763
0.08732275594360035
0.08731140106026337
0.08729987283953783
0.0872974789772661
0.08729419460364746
0.08730391380717421
0.08729961881380931
0.087297180327204
0.08729236426742505
0.08729833818495565
0.08728665992519147
0.08729833074146104
0.08729312012083032
0.08730529537024093
0.08729231933285478
0.08728011956416418
0.08727110364331266
0.08726317126839081
0.08727853388965215
0.08727597455284025
0.08728217122422281
0.08730188152535975
0.08730347100545757
0.08730912080249835
0.08732409366874112
0.08731324612034044
0.08729096079352974
0.08728754605757214
0.08728291062082308
0.08728417749043035
0.08726752401624081
0.08725026980236116
0.08724774891616739
0.08726673933417578
0.08725968322925065
0.0872576882535396
0.08724461043796024
0.08724957422501689
0.08724335544696558
0.08726956621430125
0.0872808287810987
0.0872879699213985
0.08728953400661281
0.08729558195305383
0.08730739962484242
0.08730933251477188
0.08730599359093608
0.08730983097934261
0.08729999164645949
0.08729074330646998
0.08727952277592417
0.08726906397543048
0.08726114594933293
0.0872566084782994
0.08724555447357658
0.08723831625649299
0.08723873639108595
0.08725156026204314
0.0872601341383432
0.08726512685714416
0.08725606237723303
0.08727541541906686
0.08727042072276296
0.08726132651702136
0.08726816370381561
0.0872632411655411
0.0872603850729343
0.0872579666225711
0.08724254670993122
0.08723266465719454
0.08724223326277147
0.08723097637648407
0.08723468149037554
0.08724962853781443
0.08724457537410304
0.08724552112786732
0.08723948871088016
0.08723014048969899
0.08723052376359719
0.08722619064096855
0.08722158269468168
0.08721168198768059
0.08721242686124187
0.08720032845660337
0.08718955156377717
0.08720980448972532
0.0872002406789871
0.08719525542605466
0.08718622440057773
0.08718196597438066
0.08717472273815219
0.08716086456808597
0.08716315016401885
0.08715815770145563
0.08715434288954169
0.08714909107127614
0.08713811768079477
0.08713072486662576
0.08711566220911342
0.08711926023350719
0.08712444978487283
0.08712350048862688
0.08712398182201399
0.08713262261662988
0.08713448232044742
0.0871370324095758
0.08713141022261135
0.08711583906594635
0.08711363068849826
0.08710436771138279
0.0870966501876068
0.08709818992605081
0.08708994302007557
0.08709299148629848
0.08709690149586903
0.0870975985403529
0.0870991769602843
0.08710980639277079
0.08712955829319878
0.08713188471399981
0.08713948467753871
0.08713265652512264
0.08713774035322318
0.08714072264184423
0.08714792234628485
0.08714305669120055
0.08714926934208961
0.08717470430168484
0.08717645512147579
0.08717819364487227
0.08717876626263599
0.08716765058245265
0.08716263901144462
0.08715831821436117
0.08715164623985125
0.08714511648668556
0.0871558337623714
0.08716275307876993
0.08715654107378455
0.08714498846897144
0.08714909874498922
0.08715831756361898
0.08717316115143132
0.08716094534452797
0.08715742662737765
0.08715642149396756
0.087145947728634
0.08715686824981471
0.08714559295426767
0.08714262674435158
0.0871631687316165
0.08715486671837978
0.08715692178284494
0.08715714657057189
0.08715201534011878
0.08717227896594006
0.08717243158756931
0.0871733235850378
0.087169330498137
0.08717820762921502
0.08717986062001407
0.08717523174092973
0.0871607711881812
0.08716478149905926
0.08715563365941031
0.08714745604446501
0.08714169050169467
0.08715198342995127
0.08717304421730837
0.087166911210834
0.087174935603317
0.08717994700453459
0.08716717405111525
0.08715735154463158
0.0871581585971618
0.08715053157761884
0.08716146137789152
0.08715257682436921
0.0871490575064696
0.08714359383057148
0.08712840441812388
0.0871246613450683
0.08712237683787047
0.0871257569629897
0.08712522949138077
0.08712065189860392
0.08712216826636152
0.08712473497867605
0.08711883439285906
0.08713282281724943
0.08712484434753592
0.08712399258848638
0.0871213345760249
0.08713095440954753
0.08714895228248547
0.08714446507724953
0.08713454205386506
0.08715013849537609
0.08715367671902588
0.08715309651995119
0.08714420028077939
0.08713604287289417
0.08713236894919402
0.0871280088394441
0.0871282110734675
0.08713004665008862
0.08714321745667822
0.08714505288834065
0.08713928624740047
0.08713856650207055
0.08714838057456145
0.08714305011398386
0.08713900335254031
0.08712603164938361
0.08712356596998795
0.087116720707296
0.08711108430921
0.08711596968910361
0.08711085686193679
0.08711054241113718
0.08710778302718257
0.08710711769185583
0.08710210893920274
0.08710236043714398
0.08709460654988868
0.0870907582966593
0.08708985595914975
0.08709193469476578
0.08708900995441954
0.08710072985988673
0.08710459996329192
0.08709754560471619
0.08710130520690765
0.08710024920286763
0.08710822045873236
0.08712015826811667
0.08711415866343498
0.08711998928345353
0.08712387097650212
0.08711774118882534
0.08710890572517982
0.08711300833999638
0.08712230998187415
0.08712681385747598
0.08712097618713474
0.08713264130221744
0.08714295679680177
0.08714296136992429
0.08714389321884364
0.08714181221278935
0.08713840296693351
0.08713865328985088
0.08712656308837381
0.08714119710889455
0.08714700668909656
0.08714319061384622
0.08713371741846973
0.08713361626745542
0.08712180286777296
0.08712231978104797
0.08711345714114586
0.08712656944805933
0.08712748032002583
0.08711235790571399
0.08710625602975156
0.08711315740494839
0.08711969091021428
0.08711709227145444
0.08710873171770665
0.08711060583008151
0.08711616755065836
0.08711975372690592
0.08712694272513286
0.08712141886658356
0.08711957618943213
0.08711371896844701
0.08712529580625943
0.08712982798041619
0.08712970760964574
0.08712301500184666
0.08713709683350798
0.08715502306232888
0.08717121268635311
0.0871716611959534
0.08716339522894978
0.08716531652113159
0.08716231135926097
0.08715439376342794
0.08716092193362107
0.08715088378085463
0.08714214446629802
0.08713562952297253
0.08713636132375849
0.08712942649250828
0.08713570844176602
0.08712037730902675
0.0871243509107435
0.08712613437392576
0.08712853527997584
0.0871255831348707
0.08713611452043958
0.08714152514798576
0.08714406759044144
0.08715094057099966
0.08714453149898797
0.08713816443837098
0.08713760114974481
0.08713154155866398
0.08712476579928669
0.087113394182854
0.08711545544194907
0.08711761044753726
0.08711637860518708
0.08714028466305354
0.08713541459784285
0.08713213166256252
0.08713885308891246
0.08713341394092203
0.08712216267183336
0.08712532426380598
0.08711603025849524
0.08711569447188035
0.0871127049760493
0.08710731951924042
0.08711338042195614
0.08710932323113693
0.08710908791008228
0.08711735478481195
0.08711244235142976
0.0871085407141653
0.08710585413915478
0.08711431998321421
0.08710649829896643
0.08709750668437297
0.08709890283083185
0.08709515067887255
0.08709822216556756
0.08709797582862377
0.08711480320063293
0.0871178525996272
0.08712334424510923
0.08711522521823865
0.08712650216345516
0.0871244523817356
0.08712846592238326
0.08713269780923091
0.08712959800017937
0.08712378067733755
0.08711557881736337
0.08713189633798424
0.08714382678594695
0.0871570374138861
0.08715257537548216
0.08715577652947798
0.08715334107272077
0.08714992307119868
0.0871522512355408
0.08714629692182775
0.08715778868535766
0.08715804163479662
0.08715420984005774
0.08715221735871737
0.08714536779694215
0.08715880338013758
0.08716723167301142
0.08716748040984186
0.08715997764961066
0.0871502811311761
0.08715088173048186
0.08713944830392802
0.08713801623680612
0.08714754247994581
0.08713897626025924
0.08713953811154378
0.0871350961279379
0.08713303686142077
0.08713427131017952
0.08713833767129564
0.08714539190156097
0.0871571518943272
0.0871506288184285
0.08716420348255813
0.08715251767623841
0.08715238561048484
0.08715348194719662
0.08715963515687287
0.08716341942149057
0.08717218840459033
0.08717035098297844
0.08717729854534792
0.087177614914017
0.08718720084565128
0.08718722602870793
0.08719285853794662
0.0871898338944239
0.08718619126880774
0.08719554105332518
0.08719846851236254
0.08720650018422633
0.08719652980196546
0.0871915814038623
0.08719334368585088
0.08719753953261926
0.08719761950311704
0.0871926601837662
0.08719864299249154
0.08721204559293563
0.08722322086748471
0.08722050637734527
0.08721383574929205
0.08721597120098014
0.08722140663437958
0.08723418020786404
0.08723033263526934
0.08723109908713447
0.08723060792908253
0.08723615102362701
0.08722761467889596
0.08723346083785702
0.08723429123942708
0.08723725210598658
0.0872268692938115
0.08723090806354121
0.0872285765110078
0.08722487745041475
0.08722419018872805
0.08722582893291919
0.08721642895241632
0.08722155158627562
0.08722075033797289
0.08722086426711471
0.08723063030762186
0.08723913003628764
0.08723660215622495
0.0872326694963709
0.08724249563503012
0.0872421924779232
0.0872403161565079
0.08724179261795971
0.08723361030421345
0.08723001110895111
0.08723788630617309
0.08723362090120443
0.08723009506503725
0.08722418250146818
0.08723851539091435
0.08724129995619093
0.08723187057674868
0.08723058441784766
0.08723843829466527
0.08724061751528349
0.08723795771683752
0.08723557079769607
0.08723168473728996
0.08723463395131416
0.08723322047481812
0.08722248923740658
0.08722047294703314
0.08721982796723865
0.08721701916211505
0.08722216967503375
0.08722659414258083
0.08721898529412958
0.08722047753763786
0.08721834994633239
0.08722232106791053
0.08722471082989502
0.0872504135998155
0.0872481255253766
0.08725025830411463
0.08724451868272375
0.08725799867814629
0.08725503597748716
0.08726196591942147
0.0872575851171528
0.08725805326233738
0.08726915172965327
0.08727951276045097
0.08728990296105589
0.08729106780885394
0.08728492041851715
0.08728414468142798
0.08728001908914179
0.08727155700002184
0.08727136396822875
0.08727045179821616
0.08727414161678498
0.08727950834991458
0.08728619831442827
0.08728493293598028
0.08729206093155388
0.08728186469340084
0.08727959396962676
0.08727850133216158
0.08728166973540201
0.08728123045342998
0.08728026760843752
0.08728698973564114
0.08728214999117187
0.08729118020434215
0.0872946633370023
0.08729327274404194
0.08729587640712734
0.08730432403082594
0.08730664271063458
0.08729860242268911
0.08730812213031157
0.08729872229502558
0.08730015602266837
0.08730613126628281
0.08730309220801738
0.08730592919417131
0.0872995871779222
0.08730471751588305
0.08730363646819492
0.08730419212909857
0.08730200186932595
0.08729819052106032
0.08729269772258344
0.08729011943950864
0.08728909763278818
0.08730197692330806
0.08730797875705334
0.08730440705826305
0.08730324284677442
0.08730034150497012
0.08729886904973351
0.08729772221520549
0.08730034437032168
0.08730730348524265
0.08731251009102416
0.08730308988417565
0.08729228840057292
0.08728344426729231
0.0872912953365642
0.08728998212427683
0.0872835951247134
0.08729396115295973
0.08730723300492856
0.08730724330757557
0.08730417784865682
0.08730176816744586
0.08730629672456916
0.08731181034980069
0.08731602139202319
0.08731421460636057
0.08731019329863153
0.08731459497933323
0.08731910655659855
0.08732698229630798
0.08733627892443153
0.08733900512710947
0.08733326157397046
0.08732986730618492
0.08734104336347957
0.08735062631065002
0.08735364781688966
0.08734355151016324
0.08735044865770282
0.08735900682628471
0.08735271720083447
0.08734160969650466
0.08734462523010945
0.08734283217375323
0.08735064013645895
0.08734898254413906
0.08735203544301598
0.08735071103297588
0.08734250909122881
0.0873467879568909
0.08735189398817841
0.08734227301587305
0.08734305133327898
0.0873384194853244
0.08734289004156919
0.08734875959961862
0.08734495778524179
0.08733725253089085
0.08734598496855153
0.08734411882880976
0.08733449459934062
0.08733842103149607
0.08734632817827963
0.08734899515208659
0.08733911314293206
0.08733494049031407
0.08733669917747225
0.08733308742664385
0.08732928455409635
0.08733162775087236
0.08732682799320247
0.08732402136670747
0.08732465117578377
0.08732985460845483
0.0873252562593411
0.08731892055091295
0.08733021697368283
0.08732250807458841
0.08733361649581446
0.08733938565765485
0.08735499976284396
0.08735289469588604
0.08735439870776818
0.08735504852587052
0.08735377415850659
0.08735028554159738
0.08735391437167814
0.08734882172447213
0.08735780531264946
0.08735174835042751
0.08734407661611322
0.08735659229388001
0.08735948247561677
0.08736372817050957
0.08735684621320754
0.08735544957791587
0.08734927625730236
0.08735250622075363
0.08735859129866197
0.08735779468904606
0.08734977340899237
0.08734550693604859
0.08733950304729494
0.08733430798880633
0.08733949025561932
0.08733946478252831
0.08734049464378277
0.08733515354106303
0.08732696520569998
0.08732389455708142
0.08731963130284003
0.08731660791112433
0.08732096513844516
0.08731664195216288
0.0873145183337908
0.08731681611249212
0.08731155063607367
0.08730986822499738
0.08730729279847711
0.08729866927309915
0.08729515118732004
0.08729637483852201
0.08729778765221963
0.08729711837489232
0.08730323857916188
0.087311943036133
0.08732055428196354
0.08731672534199095
0.0873160602313645
0.08731441939350346
0.08731662486615913
0.08731361463486975
0.08730574194236203
0.08730784904532926
0.08730921850499983
0.08731564051007902
0.0873085420186858
0.08731002867813388
0.08731687878681924
0.08731356458305967
0.08731331126292301
0.08730986578052817
0.08731402634010703
0.08730977450101289
0.08730967397487482
0.08730493168875235
0.08729955622715817
0.08729781694266757
0.08731027127273772
0.08730985460610168
0.08731019391465657
0.08732254816498003
0.08732229330568671
0.08732374887131543
0.08731903608907625
0.08734160775622779
0.08733963877562108
0.0873426283781612
0.08734243201435546
0.08733939881697333
0.08733894872504361
0.08734198168450907
0.0873439349702472
0.08734094621380066
0.08734882500934432
0.08734198765963826
0.08734585755147989
0.08734588362854692
0.0873504600262384
0.08734841428961732
0.08734661184307665
0.08734601594278646
0.08734444108277951
0.08735575096310143
0.0873496778368912
0.08734830752753306
0.08734139090109279
0.08733786240245682
0.0873508035485766
0.0873433583806284
0.08734283194965418
0.0873398991865254
0.08734153616764428
0.08734946093301216
0.08735070387409699
0.08735670818067683
0.08735869193229465
0.08736818585393791
0.0873671613423073
0.0873678571731328
0.08736670114904452
0.08736281326921687
0.08736624158016933
0.08736772681483926
0.0873652852482863
0.08736603068226498
0.08737041679217339
0.08736734475536498
0.08736573553158886
0.08736391838883717
0.08736045225571454
0.08735029923500562
0.08734414391980098
0.08734479995626056
0.08734052018814674
0.08733893311119825
0.08734432603351426
0.08733822388815281
0.0873363543653451
0.0873358915217585
0.0873351003977773
0.08733563853499383
0.08733567350995815
0.08733527289781252
0.08733469834131707
0.08733612117547172
0.08734279669015262
0.0873393552514733
0.08733546114135844
0.08733002100667506
0.08732427056276028
0.08732962503498357
0.08733040177570074
0.0873321417663661
0.0873336508381782
0.08733135516089784
0.08732294558228905
0.08731910243750125
0.0873238841228764
0.08733109175366016
0.08731982569107964
0.0873137299037882
0.08731848804698542
0.08732024256749611
0.0873169735385491
0.08731946249931259
0.08731638779915807
0.08731035677555264
0.08731072488435655
0.08730710069760811
0.08730604604701454
0.08729905456638264
0.08730667573049974
0.08730793123208111
0.08730988320749322
0.08731469790120658
0.08731974921615018
0.08732622692006167
0.08733205426807523
0.08733134599677922
0.08733519999182403
0.08733261166284931
0.08733577248589741
0.08733096381998001
0.08733168544488062
0.08733091905825262
0.08733255394092718
0.08732924291597666
0.08732424696380674
0.08732542739267048
0.08732527218319538
0.08731441729888587
0.08731357058539219
0.08731291345452274
0.0873096160957535
0.08730467080969519
0.08730573873884924
0.08730640609605342
0.087305423890548
0.08730304082563642
0.08730882566085973
0.08730380311536308
0.08730598318106603
0.08730694470117659
0.08730840991803156
0.08731562280220018
0.08731783352474891
0.08731109180559359
0.08731400802724087
0.08731321223062675
0.08731637830858288
0.08731869567159188
0.08731633267469852
0.08731841653587269
0.08731405002002801
0.08731011271868654
0.08730545680049386
0.08731287714064678
0.08732054747645152
0.08732317991915557
0.08731832916077117
0.08731395915567824
0.08730944516097176
0.08731255354277571
0.08731345140052593
0.08730856811274272
0.08730619835805137
0.08730581492585648
0.08730613764321746
0.08730606400270459
0.08730271604275985
0.08730606404059331
0.08731562753303647
0.08731641895846394
0.0873125082754126
0.0873103948283191
0.08731092547755596
0.08730986197220006
0.08730803734983399
0.0873051724333196
0.08731602553929328
0.08731606496800896
0.0873134309338766
0.08731334236642266
0.08730881859899323
0.08730242695478109
0.0872979694405887
0.08729955909174712
0.08730270318041056
0.0873010339355627
0.08730136852371628
0.08729742067218911
0.08730779776027589
0.0873127295073803
0.08730694239571316
0.08731146336686577
0.08731019806575613
0.08731549045395959
0.08731197065203969
0.0873089912005287
0.08730698715175424
0.08730140865800794
0.08730331791779108
0.08730068634246747
0.08729284503742676
0.08728876041780936
0.08728517539075949
0.08728790921187776
0.08729777425614874
0.08729694987420687
0.08729353678895753
0.08729204115758138
0.0872879395229618
0.08728968435603524
0.08728785991250594
0.08728206099592752
0.08727637111321984
0.0872822349203872
0.08728879349471658
0.08729560906521228
0.08729648548423913
0.0872950192973134
0.08730125903936935
0.08730053920626529
0.08730263652756576
0.08729734298319636
0.0873015385471205
0.08729455328505101
0.08728794654649352
0.08728165293660141
0.08728199640710133
0.08728514489053862
0.08728381860958576
0.08728601576455464
0.08728410392125854
0.08728051075091627
0.08727989153083764
0.08729209859831479
0.08729734145907603
0.0872967005185422
0.08730222935106369
0.08730264571627486
0.08730008897083606
0.08730019222393455
0.08729226869656802
0.08728807357234332
0.08728988881687043
0.08729620855094802
0.0872938937879962
0.08729103179235269
0.08728836286086039
0.08728725095269194
0.08728991445029956
0.08728734971387947
0.08729945376072454
0.08729957387722222
0.08729541224750222
0.08730185857072649
0.08729741899622005
0.08729864718017447
0.08729221716000982
0.08729087844722934
0.08729019287981712
0.08729797712069079
0.0872991694559701
0.08729596450022116
0.0872947662915466
0.08729811796835994
0.0872965679276955
0.08730426647767738
0.08730952702324873
0.08730738214564299
0.08730137628149068
0.08730406903443669
0.08730487712443004
0.087309773452177
0.08731729949120307
0.08731425789293232
0.08733002276136483
0.08733068378692559
0.087328581244828
0.0873288477290929
0.08732743281486187
0.08733538808345165
0.08733459224234214
0.0873285515561174
0.08733306725813761
0.08734488005461422
0.08734766002180679
0.08734831375502461
0.08735066099366921
0.08734517209957407
0.08733998749263291
0.0873388531753519
0.08733785452714503
0.08733825025221251
0.0873365611766724
0.08733624490670827
0.0873354530118685
0.08733272527444229
0.08733745799409982
0.08733560641709033
0.08734039322058071
0.08733725950118874
0.08734285182229241
0.08733971065710397
0.08733663973930517
0.08735331059621042
0.08734825296457974
0.08734170067351953
0.08734354522332435
0.08734591617584282
0.08734133594455605
0.08734770526940713
0.08735317464113043
0.08736230040301285
0.08735785689763335
0.08735192883865561
0.0873590542730707
0.08735697775707489
0.08736665376926052
0.08737754967131998
0.08737910164079336
0.08738346690225147
0.08738715516308125
0.08738115151833542
0.0873820168042992
0.08738143459747115
0.08738213282218658
0.08738582096493942
0.08738191215681115
0.0873837860499299
0.08738061004538311
0.08737844852493916
0.0873741492185335
0.08737760968710269
0.08738067312835535
0.08737793518041762
0.08737919234614264
0.08738238462193901
0.08738470849003536
0.08738754942011218
0.08739245765021014
0.0873956255345577
0.08739213851548765
0.08738741899341182
0.08738354632465892
0.08738357026161542
0.08739366927091152
0.08739082796566751
0.08738609489662919
0.08738829896528119
0.08738880217728363
0.08739184589292379
0.08738768924500703
0.08738735050772631
0.08739070471935638
0.08739490900451283
0.08739463766797788
0.08739706436239761
0.08740440651792986
0.08740411415336592
0.08741071405459123
0.08741041665976768
0.08740609545630555
0.0874062092319008
0.08741321610240338
0.08741411670055531
0.08741488322783933
0.08741063244346833
0.0874091322479184
0.087409999990397
0.08740796968877682
0.08741188623147031
0.08741222079195164
0.0874202527015824
0.08741680438774002
0.08742195052280446
0.08742370627646331
0.08742336475496278
0.08743265006005256
0.08742766378988208
0.08743960392567628
0.08743689123541973
0.08743296318432414
0.08743635991672441
0.08743920497239467
0.08744422126907547
0.08744779774202042
0.08744090157845028
0.0874435320587068
0.08744443816235543
0.08743862446232868
0.08743866404036947
0.08743730930824695
0.08744006887359737
0.08743882678191386
0.0874445368859944
0.08744639147745466
0.08744492527336878
0.08745026074621948
0.0874475569515258
0.08744458827955295
0.08744304963197348
0.08744436956174008
0.08744543341291716
0.08745134937197138
0.08744687640574667
0.08744387481827914
0.08743798461690602
0.08743236768693728
0.08742719630017612
0.08742091146006974
0.08741266236127648
0.08741321789710971
0.08741488650349248
0.08741594457618192
0.08742323743679152
0.08742028606173614
0.08742143991880809
0.0874201411224953
0.08741463120433729
0.0874160062993651
0.08741194476216498
0.08741155965698746
0.08740824026482588
0.0874140629382366
0.08741246301688771
0.08741285375236091
0.08741839909079613
0.08741618089014558
0.08741187718810828
0.08740934016196955
0.08740961363780032
0.0874044434939596
0.08740160103085526
0.0874028215245491
0.08740750516374347
0.08740890215709182
0.08740779413174936
0.08741123594791732
0.0874085322658257
0.0874078922358591
0.08740527551551486
0.08740788382615734
0.08740562118218127
0.08740903201122777
0.08740719976540949
0.08741249248397222
0.08740511102070045
0.08740794184880872
0.08741119132700063
0.08740994142597346
0.08741239629393543
0.0874182639425433
0.08742282083729849
0.08741611424799275
0.08741239916171285
0.08741354736745893
0.08741728178801973
0.08741831288339111
0.0874227192526953
0.0874206913363093
0.08742165365910719
0.08741941023513397
0.08741805019915239
0.0874186417365313
0.08741888235867037
0.08741246794477901
0.08741042970285212
0.0874058604272296
0.0874013362190633
0.08740090771458757
0.08740384719414265
0.0874033947878983
0.08739979434363492
0.08739494930493165
0.08739797676489493
0.08739809663321403
0.08739272111612859
0.08739244598025386
0.08740504018494161
0.08740111543470801
0.08740379254678315
0.08740123948669319
0.08740461359730575
0.08740366747772212
0.08739538338791986
0.08739043870693683
0.08739165806442081
0.08740031198117179
0.08739627868203927
0.08740290740535996
0.08740426769079505
0.08740109192343316
0.08739547819283919
0.08739738725700394
0.08739387980798753
0.08738805222616684
0.08739138580347153
0.08739787021089337
0.08739913967470117
0.08739822984155783
0.08739381550608133
0.08738993911622463
0.08738560497383253
0.08738992571708679
0.08738705999516559
0.08738404886764134
0.08739013456782795
0.08739303161791558
0.08739408994215296
0.08739192232879738
0.087386115533076
0.08739340784653911
0.08738632802771504
0.08738399091890446
0.0873892181708185
0.0873867173086437
0.0873797099987643
0.08737725814365041
0.0873734699918693
0.08737493774015904
0.08738250197819308
0.08738060678309839
0.08737891235103686
0.08737431606571379
0.08737774912299351
0.08737894352255168
0.0873797987259562
0.08738002265846143
0.08738214637043822
0.08738272696749383
0.08738090202468496
0.0873815938335865
0.08738541953666573
0.08738073882953055
0.08738196909885675
0.08737840305403302
0.08737741066003034
0.08737576343135052
0.08737560310668423
0.08737370368064418
0.08737471888852975
0.08738037590303638
0.087376090825256
0.08738038152826404
0.08738187565080607
0.08738020956966171
0.08738670379813979
0.08738895931004816
0.08738748467287843
0.08738599918273303
0.08738824599856271
0.08738634005108967
0.0873833454482726
0.0873792434621437
0.08737786736769107
0.087377730830143
0.08737547168412751
0.08737145192979165
0.08737670670872523
0.08737171060549703
0.08737672585067159
0.08737326679449711
0.08736865218154685
0.0873714278356587
0.08737168245728894
0.08736793268082979
0.0873731602325887
0.08738288012665102
0.08738405672709762
0.08738317846643406
0.08737978527390267
0.08738259336729182
0.0873804225267509
0.08738164362327008
0.0873807454640857
0.0873785952331121
0.08737805660214185
0.08737614619262143
0.08738089848674029
0.0873809733290955
0.08737880641367583
0.08737476128674297
0.08738007937652119
0.08737658371182566
0.08737382516783775
0.08736938732051122
0.08737064301113052
0.08737319077143625
0.0873740824888983
0.08737042197213324
0.08737133890744414
0.08737154710385564
0.08737204969645168
0.08737093370180016
0.08737061066404966
0.08738242906410001
0.08737994282177777
0.08738133098683311
0.08738046269106774
0.08737948695130195
0.08737577778864736
0.08737770825868488
0.08737784573423583
0.08738051107283022
0.08737922055753687
0.08737847138610519
0.08737967473875917
0.08737936372052882
0.08738184568811751
0.08738076021238331
0.08738086978948767
0.0873789261963561
0.08737988261281542
0.08738100042474221
0.08738530007172714
0.08739030293828691
0.08739383561558468
0.08739709674763585
0.0873929864327687
0.08739002191934979
0.08739135919001255
0.0873903966730836
0.08738511636456874
0.08738332569568283
0.08738550928446538
0.08738088356777228
0.08737952771333976
0.08737660777446651
0.0873749433442496
0.08737580012252354
0.08737583911369334
0.08737313720202337
0.08737911277887835
0.08738293367616783
0.08738471680218639
0.08738314774951082
0.08738341064482635
0.08738459445448737
0.08738841448459311
0.08738713599822533
0.08738949617251829
0.08738961696628186
0.087385379303878
0.08739174386875509
0.08738917999888217
0.0873935614793504
0.08738850329277459
0.08738967152242061
0.08738686206214133
0.08738945343986601
0.08739023244641753
0.08739183250551776
0.0873872276569958
0.08738828247581279
0.08738180947702012
0.08738263187976143
0.08738029155147779
0.08737712995348139
0.08737339735095134
0.08736873742706736
0.08736717349681371
0.0873648667266239
0.08736237668757338
0.0873639479543807
0.0873606121262594
0.08736647464216378
0.08736542489214295
0.08736189585706348
0.08736456076304766
0.08737368254660122
0.08737685413206582
0.08737497791960425
0.08737581605678514
0.08737297253230109
0.08737318812349852
0.08737513145447366
0.08737723020601557
0.0873737181619335
0.08737585351021811
0.08737422685338539
0.08737420093221816
0.08738146590795447
0.08738643197991036
0.0873827930779853
0.08737877518879839
0.08737917351907536
0.08738305687078578
0.0873793574979797
0.08738124911087589
0.08738836140707838
0.0873868768795845
0.08739089917174835
0.08739471663036333
0.08739139962439875
0.08739044207606035
0.08739366395857495
0.0873875229622642
0.08738763467815769
0.08739014458879207
0.0873924291665957
0.08739563849120653
0.08739373783592272
0.08738830030235042
0.08739026017874528
0.0873853957692259
0.08739113339336314
0.0873861648339236
0.08738609043755688
0.08738402546595005
0.08738070548561823
0.08738584240988753
0.08738471302984104
0.08738336775731603
0.08738119407531245
0.08737956969531155
0.08737915530239207
0.08738140334303258
0.08737916051869316
0.08737739251855324
0.0873811997082042
0.08738371052029188
0.08738197746694383
0.08738395292644886
0.08738687050925223
0.08738190901825381
0.08738362830180889
0.08738158553698705
0.08738327960986167
0.08738018909923465
0.0873800609050644
0.08738200846664936
0.08738049164080287
0.08737790496505309
0.0873793259801711
0.08737822283078127
0.08738519914465805
0.08738451122199083
0.08738352558597949
0.08737856036081972
0.0873783196977743
0.087375365291519
0.08737462847096683
0.08737552123656124
0.08738236194021198
0.08739064513557476
0.08738616326847379
0.08738340087536084
0.08738394279821267
0.08738187112441742
0.08737880533949595
0.08737813993185141
0.0873787061672856
0.08737851481459606
0.08737649867798802
0.08737733399765799
0.08738966620472416
0.08739048039896521
0.08738390325055226
0.0873830526273702
0.08738541241728014
0.08738484405561599
0.08738272510915895
0.08738684551228362
0.08738170222780993
0.08738688296376365
0.08738408406838863
0.08738669052803176
0.08738372839996984
0.08738324035411449
0.08737998182820345
0.08737920120770767
0.08737752082806917
0.08738649668428543
0.08739036596099949
0.08738805269612047
0.0873883521729629
0.08739047588294153
0.0873962588933694
0.08739886044108515
0.08739880780775723
0.08739865085885377
0.08739837110395642
0.08740208677803239
0.0874020618504044
0.08740244768305648
0.08740494334271795
0.087403871520811
0.08741048723808378
0.08740765916264087
0.08740447929338152
0.08740160588436065
0.08740030812955944
0.0874006965949173
0.08740305277140135
0.08740924047920569
0.08741054113032884
0.08741023949505532
0.08741289319593415
0.08741065733204388
0.08741310635082415
0.08741069616185107
0.08741290777599663
0.08741470736764602
0.08741240801901072
0.08741403023888761
0.08741582401142406
0.08741370969658196
0.08741117426105835
0.08741493104915879
0.08741630023254855
0.08742357392878145
0.08741883756131896
0.08741733528762786
0.08741590518855075
0.08741831417483878
0.0874180706258227
0.08741680560213692
0.0874216822671721
0.08742321273169495
0.08742656177680813
0.08742396613066472
0.08742334050363379
0.08742820935039843
0.0874330162551871
0.08742870854008329
0.08743824071627848
0.08744110296939465
0.08744201574872883
0.08744002664744875
0.08743830089527846
0.08743889513251295
0.08743680322801624
0.08744078922422502
0.08743893367300157
0.08743983842855096
0.08744554009264018
0.08744346429783005
0.08744345789588283
0.08744566294499564
0.08745019796839722
0.08745287842462734
0.08745026515899347
0.08745483411800645
0.0874536613293436
0.087453094338387
0.08745160634216034
0.08745591952185718
0.0874609715993722
0.08746454258825617
0.08746512831934672
0.08746268251867703
0.08745951330457746
0.08745412317303693
0.08745611019656836
0.08746118504063762
0.08746079912053675
0.087462219699626
0.0874673642510616
0.0874651777014978
0.08746845173850125
0.08746523604751928
0.0874660626849622
0.08746609402064695
0.08746703993757288
0.08747607837622508
0.08747106071778521
0.08746424917854602
0.08746467728715909
0.087462972255884
0.08746026803282435
0.08745762121972923
0.08746140688722671
0.08746132954072543
0.08746019335346097
0.08746151802211398
0.08746175081185242
0.08746019062960225
0.08746624529678519
0.0874617051192502
0.08746375585540796
0.08745953396171394
0.08746202430267988
0.08746066815512293
0.08745785204295968
0.0874560390300908
0.08745452688064059
0.0874500409604297
0.08745212006245004
0.08745817318244514
0.08746202660771459
0.08745970516285365
0.08745933996756813
0.08745285906895604
0.08744868345621468
0.08745476512760522
0.0874522036322486
0.08744967759023811
0.08745604039868614
0.08745356971915974
0.08746104219414244
0.08746085363360706
0.08746300333492073
0.08746132082923369
0.08745933097839724
0.08745960037562608
0.08746226009715671
0.08746084347020416
0.08746138498223707
0.08746121555256556
0.08746472107921092
0.08746754439484607
0.08746480548776148
0.08746426174695104
0.08746173348366501
0.08746068264915459
0.08746372124934845
0.08746616297200657
0.08746482357550496
0.08746443116013904
0.08746698891778301
0.08746402453238454
0.08746169470798218
0.08746002678630833
0.08746500799373902
0.08746235831508226
0.08746118136822534
0.08745360221482198
0.08745127068875255
0.08744862353421269
0.08744692375327431
0.08744523617627206
0.08744463636930483
0.08744648259313106
0.08744850297219957
0.08744549069266448
0.08744362377989345
0.08744464811909633
0.08744224938055206
0.08744255404916872
0.08744859002494788
0.08744470755447317
0.08744969997439775
0.0874480109041678
0.08744765630552541
0.08744637060552411
0.08744305754436146
0.08744119155300496
0.08744129677868047
0.08744272137328371
0.08744173190152657
0.08744684308420088
0.08745055355097887
0.08745126030510826
0.08744660215760967
0.08744692864142184
0.08744542957450699
0.08744085018764709
0.08744214900104406
0.08744631903509328
0.08744673639375249
0.08744387283223602
0.0874417374736869
0.08744386614570239
0.08744519356243408
0.08744438218820184
0.08744572069758338
0.08744596031820051
0.08744821737546828
0.08744361193859342
0.08744279161148605
0.08744188520419914
0.08744133044660381
0.08743953536323479
0.08743713754627261
0.08744027571504046
0.08744045108638972
0.08744042452640914
0.08743822764012035
0.0874390256452661
0.08743865537464185
0.08743802397189004
0.08743955708339411
0.08743505476591502
0.08742999496935859
0.08743007682997521
0.08742635012632487
0.0874270081544724
0.08742975087123116
0.08743367060084165
0.08743664300757142
0.08744205432604393
0.08744188675064747
0.08743688889159462
0.08743048528150743
0.08742850739467319
0.08742359661454706
0.0874204662720287
0.08742122076441423
0.08742232664170957
0.08742145525092239
0.08742419695839719
0.08741989029645367
0.08742012502282645
0.08742206371201608
0.08742196859999446
0.08741974699576689
0.08742187545437427
0.08741989375971211
0.08742139108274126
0.08742383213041212
0.08742098152348378
0.08742181710235182
0.08742112951567245
0.08742202878545499
0.08742172055905488
0.08742484527608121
0.08742498758684106
0.08742810218200364
0.08742571937291177
0.08742393664822924
0.08742262815150253
0.08741906999012651
0.08741869174742918
0.08741386026734153
0.08741983833492754
0.08741287271153601
0.08741039628252172
0.08741167984074809
0.08740933452096683
0.08740731836955655
0.08740224203884889
0.08740305449704981
0.08740599142296497
0.08740663420602096
0.08740688229179296
0.08741043504829149
0.0874094313000129
0.08741276044041886
0.08741894318801055
0.08741560379306018
0.08741027489892018
0.08741177756392211
0.08741058434696
0.08741235476852231
0.08741110016902898
0.0874119573967281
0.0874082062612966
0.08740388969779209
0.08740218067156216
0.08740698585042313
0.08740147038637536
0.08740546903744432
0.08740222810668728
0.08740722771573214
0.08740457152042103
0.08740253999563272
0.08740275788421566
0.08740158314591878
0.08739801980064028
0.08740036775362776
0.08740484123442821
0.08740325134806957
0.08740181830593814
0.0873999320974413
0.08741025655695644
0.08741316733748672
0.08741084762646462
0.08741019221214907
0.08740957721791875
0.08741133636356198
0.08741859077755221
0.08742285740838458
0.08742102218542469
0.08741962639142749
0.08741514265794806
0.08741577045334638
0.08741705310363186
0.08741743127408867
0.08741294236451964
0.08741636239092036
0.08741525221184682
0.08741341244283332
0.08741054044824154
0.08740900421928827
0.08741042948971231
0.08741171011856019
0.08741545112308327
0.08742527611306511
0.08742806883265247
0.0874276233362474
0.08742735518382225
0.08742211594529437
0.0874196405600389
0.08741575577461534
0.08741684910742926
0.0874191374873241
0.08741619860307434
0.08741842372239281
0.08741573735914793
0.08741514150324346
0.0874139266614561
0.08741428913087916
0.08741313272999349
0.08740845582872024
0.08740750865924475
0.08740570336608999
0.08740234458010399
0.08740321149652085
0.08740065359298368
0.08740092819827995
0.08740037898055912
0.08739660069277293
0.08739628763205444
0.08739725954267287
0.08740304317545719
0.08741239558291242
0.08741141294140226
0.08741255115047243
0.08741198961957779
0.08741145121371666
0.08741139290947889
0.0874081114614346
0.08740991346114518
0.0874166206285394
0.0874134876231682
0.08741442620456084
0.08741460494101343
0.087411862692182
0.08740637131481271
0.08740987823786044
0.08741050878707687
0.0874072887658318
0.08740419540597123
0.08740464510716268
0.08740831615840777
0.08741061833210562
0.08741473755480188
0.0874131892701386
0.08741666497055284
0.08741451400299521
0.08741245801975707
0.08741041554970069
0.08741463368625622
0.08741439634370209
0.0874143992145738
0.08741131961096438
0.08740965778236819
0.08740781554501623
0.08740910017700941
0.08741174123817039
0.08741416597309741
0.08741869528063326
0.08741876650225264
0.08742094971637562
0.08742303809374019
0.08742109571546419
0.08742006306127101
0.08741678578617249
0.08741490845462324
0.08741590398028948
0.08741316065602153
0.08741100911090811
0.08740885349986693
0.0874134944033054
0.08741318915636594
0.0874106300404223
0.08740785683451169
0.08740955409513516
0.08740731777198656
0.08741313477195677
0.08741782803539704
0.08741729393039532
0.08741971235580263
0.08742031380021141
0.08741669742431511
0.08741887379143588
0.08741875575117569
0.08742211587531125
0.08742711880347263
0.08742880854876894
0.0874304587772362
0.0874323303800494
0.08743788015735686
0.0874421848445454
0.0874451427761904
0.0874450123271686
0.08744104281130904
0.08744104843725424
0.0874423625649626
0.08744103632085665
0.08744460588909299
0.08744608866254737
0.08744276135888007
0.0874391908454819
0.08743670763282889
0.0874374973927539
0.08743707454590198
0.08743347561029889
0.08743569780277281
0.08743780473599568
0.08744002811332471
0.08743717277825457
0.08743263607985344
0.08743284508811604
0.08743359489933723
0.08742990525044582
0.0874302574935602
0.08742832489170545
0.08743042161521061
0.08742508673377773
0.08742180768598451
0.08741874373121097
0.08741951934018176
0.08742073554890442
0.08742280505365209
0.08742319527050367
0.08742456723447813
0.08742283496207452
0.08742700864919158
0.08743521912011096
0.08742976423705807
0.08743367757834145
0.0874336488059532
0.08743294077088397
0.08743103611697357
0.08742832643669787
0.08742583201722387
0.08742723871690128
0.08742454211676359
0.08742134331004592
0.08742465480946528
0.08742841167783272
0.08742685364512719
0.08742789569161614
0.08742614503650757
0.087426380626825
0.08742644480493424
0.08742721989193883
0.08742827056578067
0.08742759293180777
0.08743081840298597
0.08743093887983859
0.08742853726880928
0.08742990255715243
0.08743134946798814
0.0874309000348438
0.08742761092139786
0.08742580540184781
0.08742580846634887
0.08742418763621475
0.08742138379480631
0.0874172305724189
0.0874143029765408
0.08741691871240476
0.08741647884625313
0.08741473689947517
0.08741373654630931
0.08741296900971346
0.08741210652406649
0.08741353085176802
0.08741487813180462
0.08741453726136007
0.08741058302974955
0.08740718366276606
0.08740582333967892
0.08740302260000611
0.08740003157995181
0.08739474592582358
0.08739390369589162
0.08739021270466478
0.08738947812130247
0.08739004670557596
0.08739383390246516
0.08739159781110667
0.08738992137805966
0.0873865471615771
0.08738958327802354
0.08738782846291186
0.08739440540647794
0.08739189970712397
0.08739312888291459
0.08739081065002595
0.08738684064111797
0.08738324309804686
0.08738567107863145
0.08738594224538304
0.08738243911669946
0.0873869902906087
0.08738600521711967
0.08738319512436137
0.08738428245775813
0.08738465008457534
0.0873849753927716
0.08738619663699239
0.08738709320062156
0.08738929906111978
0.08738715539289618
0.08738553610862473
0.08738646526448665
0.08738854975335643
0.08739031608291517
0.08739035394197091
0.08739524745883163
0.08739712205271118
0.08739719500122375
0.08740189445355714
0.0874043821872426
0.08740209011611419
0.08740543357406412
0.08740399498978053
0.08740395764663744
0.08740301137253784
0.08740004749209118
0.08739969678807388
0.08739967081016208
0.08740220330496475
0.08740356517429858
0.0874038710880916
0.08740414983064193
0.08740462064016208
0.08741040832086377
0.0874108000243445
0.08741015313957329
0.08740992532268556
0.08740984088095206
0.08740915214080458
0.08740765531987309
0.08741081400880193
0.08741467618741817
0.08741449784106509
0.0874159712382848
0.08741708607575126
0.0874179118549305
0.08741867966427484
0.08741762900583397
0.08742216820856417
0.08742172261991556
0.08742077081715552
0.08742271784848189
0.0874219075775476
0.08742733102396387
0.08742953038890877
0.08742686801466089
0.08742455728227941
0.08742242543642438
0.08742304362683702
0.08742612582408789
0.08742647198299697
0.08742563843530872
0.08742652481913174
0.08742773885075816
0.08742575988938465
0.08742597902390291
0.08742259457211064
0.08742279183538079
0.08742311418635323
0.08742432413058947
0.08742413480043557
0.08743032105520954
0.0874272385694855
0.08742418781312089
0.08742217429511501
0.08742023326403664
0.08741713552283549
0.08741820922761762
0.08741958715224347
0.08742068622445402
0.0874207367937277
0.0874228373408169
0.0874202795718484
0.08741990048452172
0.08741842010401514
0.08742196764201689
0.08742103468102332
0.08742053668908878
0.08742603650472815
0.08742382898819437
0.08742837330725951
0.08742854873752859
0.08743038278861054
0.08742916615215791
0.08742506430192291
0.08742927503212125
0.08742623606445199
0.08742425152474939
0.0874221389232431
0.08742062279926134
0.08741922941273728
0.08742194626469517
0.08742370869969912
0.08742610224404984
0.08742292973564288
0.08742240175322409
0.08742871449959749
0.08742555693636336
0.08742680157855227
0.0874264665771856
0.08742880602428904
0.08742471797880527
0.0874194415003282
0.08742460982277817
0.08742453171689867
0.08742433595026249
0.087425437554523
0.08742439486163536
0.08742806838141948
0.08742527829382331
0.08742120710715853
0.08742129587166617
0.08742432313679022
0.08742013413501944
0.08742259861656243
0.08742527353278318
0.08742498037545444
0.08742927793058662
0.08742680906852715
0.08742189689463851
0.08742191551566332
0.08742121501604981
0.08741587247106766
0.08741578643802914
0.08741536730818966
0.08741658243250287
0.08741809454093533
0.08742058322149322
0.08742170975380523
0.08741708227643309
0.08741354773684254
0.08741186811086378
0.08741355327688281
0.08741724667170701
0.08741664426424946
0.08741332360047763
0.08741662261030836
0.08741529694425051
0.08742293327107355
0.08742308308739041
0.08742527362854696
0.08742605125023824
0.08742524496687261
0.08742298520316209
0.08742243365924693
0.08742214617528353
0.08742206632114483
0.08742147362922145
0.08741969581616411
0.08741742419502183
0.08741964982153527
0.08741844303046732
0.08741843157093789
0.08741516277405463
0.08741270240983487
0.08741524702281045
0.0874159919032051
0.08741857423591132
0.08741975429962483
0.08741611671594826
0.08741399619366692
0.08741663310297121
0.08741390666029297
0.08741499459002847
0.08741767946610073
0.0874244069177421
0.08742581866417487
0.08742720139527886
0.08742797869646415
0.08742858429440101
0.08742986264436736
0.08743208365028547
0.08743695181986125
0.08743492923666152
0.08743629891737316
0.08743406767265585
0.08743745784478311
0.08743637525272342
0.08743665227330037
0.08743503476579628
0.08743400105401537
0.08743367119888917
0.08743521913014089
0.08743511370695844
0.08743730627950136
0.08743975430371657
0.08743865918055617
0.08744242328588334
0.08744619366827716
0.08745035774133146
0.0874507090145503
0.0874501155246864
0.08745005345558965
0.08745535252441075
0.08745395304434474
0.08745607703233144
0.08745633944170034
0.08745956009860996
0.08746377922449332
0.08746216603723221
0.08746641969791526
0.0874683787162687
0.08746655657224496
0.0874639724461954
0.08746152265543913
0.08745939731173068
0.08746101894700722
0.08745772046054447
0.08745550144172039
0.0874564698422598
0.08746000333956502
0.08746422635123322
0.08747408685068624
0.08747453938633526
0.08747641759863502
0.08747605829450428
0.08747882844684343
0.08747758030984643
0.08747764222406475
0.08747730585099617
0.08747389138064264
0.08747102205592433
0.08746698269138138
0.08746929752658154
0.08746737811890748
0.08746713131508879
0.08746644022299906
0.08746303201243956
0.08746360879318635
0.08746239429145386
0.08746111094413907
0.08746330370175263
0.08746768795966574
0.08746636372802262
0.08746500415089063
0.08746111673277891
0.08746128101147901
0.08746078962999634
0.08746296899594062
0.08745965111456074
0.08745927944352372
0.08745858698578442
0.08745600806155351
0.08745671919368951
0.08745639069641165
0.0874539292054765
0.08745810789920018
0.08746066992759209
0.08745848758542472
0.0874580469789214
0.08745762775764566
0.08745713513441315
0.08745496488174616
0.08745111432514394
0.08745083469782375
0.08744976819405881
0.08745126023491534
0.08745229791553334
0.08745053131198866
0.08745398035304976
0.08745310953525233
0.08745905044119055
0.08745682952022711
0.08745745500992098
0.08745529056864666
0.08745467553542076
0.08745213939763673
0.08744953193556244
0.08744647197957088
0.08744551649473788
0.08744222890446071
0.08743967704995721
0.08743869434260286
0.08743790512771506
0.08743484013741051
0.08743691327927021
0.08743731789342529
0.08743581322837508
0.08743762194015144
0.08743415879972026
0.08742933344615582
0.08743078248389091
0.08743258265106443
0.08743227345191368
0.08743235570870121
0.08743403783420807
0.08743178765173899
0.08742961921772477
0.08743180560632645
0.08742940761225734
0.08742911936051233
0.08742483206513275
0.08742619562543262
0.0874283764689689
0.08742707631287006
0.08742770782889615
0.08743058861858387
0.08743165510583907
0.08743692850245217
0.08743744846767114
0.08743566478244359
0.08743750877861392
0.08743632893664056
0.08743685539041637
0.08743945047860062
0.08744392042298375
0.08744303857113812
0.08743952240600229
0.08743703628115158
0.08743503335054563
0.08743253517296505
0.08743517359446103
0.08743451534070715
0.08743490565981817
0.08743537908710414
0.0874332033901154
0.08742944451446477
0.08743050557815944
0.08743194633030539
0.08742966278608233
0.0874358499465529
0.08743360463509048
0.08743211249091944
0.0874316802312008
0.0874309424877318
0.0874327042529634
0.08742893899391037
0.08742991594015839
0.08743003295364699
0.08742698303755927
0.08742782808044815
0.08742954489835561
0.08743003924455085
0.08742558024651771
0.0874239872104469
0.08742130947427576
0.08742387717961614
0.08741950085066731
0.08741616261995062
0.08741409739232786
0.08741696643440011
0.08741600022035062
0.08742111779815163
0.08741771245059998
0.08741219179570461
0.08741180296278821
0.08741133399647452
0.087411624999418
0.08741390003261333
0.08741311546570989
0.08740835853398439
0.08740975834486465
0.08740698753956676
0.08740741912830148
0.08740656435146597
0.0874037286039067
0.08740437368973399
0.08740344838684957
0.08740334365708126
0.08740225908312611
0.08739959926332681
0.08739863618922249
0.0873976797941448
0.08739564706205723
0.08739493595234432
0.08739445934358388
0.08739187188749854
0.08739255864430795
0.08739013217866826
0.08738804629625045
0.08738333998936469
0.08738198153159395
0.08738178173490282
0.08737912770961875
0.08737605541578053
0.0873781708970546
0.08737546742965546
0.08737440334434766
0.08737710665927366
0.08737586441319752
0.08737613585163487
0.08737562060637881
0.08737354671282792
0.08737735472292671
0.0873763234544215
0.08737777691354369
0.08737762181200101
0.08737657087997841
0.08737549882079484
0.08737978679228123
0.08738280278297285
0.08738389672083928
0.08738485968338948
0.08738031334390886
0.08738118966649008
0.08737847386779912
0.08737568488566265
0.08737332817560972
0.08737479637980364
0.08737570988382722
0.08737317390421519
0.08737402749479219
0.08737489091338001
0.08737198229517196
0.08737188242635925
0.08736952016763366
0.08736983971782415
0.08737260551478607
0.08737185955002426
0.08737166527978313
0.08737406774446917
0.08737379043858264
0.08737251636734725
0.08737520423130545
0.08737828409250792
0.08738638811366271
0.0873905411773166
0.08738978497745158
0.08739351754258098
0.0873908394342136
0.08738673273336159
0.08738472491590496
0.08738381242835568
0.08738276436599753
0.08738688040491648
0.08738722713780823
0.08738448311648186
0.0873821967843471
0.08738065030369302
0.08738122643442353
0.08738126933025049
0.08737982647530218
0.08737654963503586
0.08737798684623616
0.08738216925630873
0.08737932525972203
0.08737786487939285
0.08737685171906874
0.08737697572060604
0.08737449687006603
0.08737306282374233
0.08737177473470482
0.08737174890975302
0.08736984914427241
0.08737155563784017
0.08736981719805548
0.08737102551571264
0.08737102122402611
0.0873692478325871
0.08737080143701895
0.08737238378492576
0.08737399900626357
0.08737524971817975
0.08737235277024355
0.08737200457915516
0.0873670399106631
0.08736543208721127
0.08736281319703486
0.08736131340771519
0.08736075261304044
0.08736244944706449
0.08736041159233618
0.08735904420160705
0.0873577572350177
0.08735942924455542
0.08735656744882175
0.0873594266791191
0.08736172469352683
0.0873622428585687
0.08736356819023657
0.08736173858740177
0.08736208215163
0.08736202121141831
0.08736301546964467
0.08736175270456113
0.08736016621385032
0.08735670533507686
0.08735416721114103
0.08735296647678058
0.08734929710277285
0.08734785108354275
0.08734875024608647
0.0873512871599063
0.0873518713927675
0.0873519689615111
0.08734836454002161
0.08734695444532367
0.08734526271486667
0.08734305863483455
0.08734338746253514
0.08734253499849985
0.08734190276082866
0.0873416252557106
0.0873386612615938
0.08733857407841727
0.08733893039238412
0.08733991428650223
0.0873374114188987
0.0873357355221058
0.08733640996000382
0.08734108502358211
0.0873371687538534
0.08733616132507264
0.08733659139740121
0.08733670806860044
0.08733832891744787
0.08733954742181013
0.087336959275967
0.0873360115661018
0.08733504673619148
0.08733585860122413
0.08733542606254649
0.08733526119928256
0.08733633319958209
0.08733865367578825
0.08733952621421005
0.08733778096715236
0.08733990248660088
0.08733793313864535
0.08733964712818316
0.08734048690198916
0.08733956313502135
0.08733712604099439
0.08733731547101396
0.08733705154523717
0.08733472141982558
0.08733611532397748
0.08733438350254567
0.08733531763032355
0.08733239704736413
0.08733027637950823
0.08733029914855071
0.08732790620256055
0.08732587604742818
0.08732451061385255
0.08732533574802313
0.08732637136577674
0.08732452635959069
0.0873222571239227
0.08732526093108506
0.08732393929649382
0.08732145482306904
0.08732201965419813
0.08732234126680385
0.08732504661249686
0.08732441847014744
0.08732830219968699
0.08732764365953048
0.08732661995567934
0.08733073946101451
0.08733283965456848
0.08733244759204047
0.08733230001792397
0.08733264402106557
0.08733283629747551
0.08733125721964081
0.08733181864514229
0.08733157141443208
0.08733871965865264
0.08733932954872971
0.08734264330015348
0.08734325396986438
0.0873418049178053
0.08734433661872781
0.08734385307953242
0.08734689880109138
0.08734426007904961
0.08734776516014227
0.08734690260909954
0.08734472044588784
0.0873470712711513
0.08734973205528931
0.08735434912840684
0.08735224238124259
0.08735154680361394
0.08734894360393529
0.08734553250243723
0.08734554413623066
0.08734618999019401
0.08734638164867714
0.08734643848711618
0.08734729346334347
0.08734751245800093
0.08734597968133612
0.08734861162198077
0.08734526999722161
0.08734830353535744
0.08734864041586639
0.08734616002725343
0.08734834763261068
0.08734784567680813
0.08734760176914225
0.08734644983292648
0.08734732800328525
0.08734677880915334
0.08734506428084081
0.08734857814856654
0.08735036968580044
0.08735129637508772
0.08735023299772293
0.08734998190303835
0.08735465060218105
0.08735457338939238
0.08735219211053441
0.08735376833452194
0.08735308757816065
0.0873502069860477
0.08735151477219148
0.08734961585013423
0.08735006157733434
0.08735055850469865
0.08734860172355376
0.08734915204411413
0.0873493130300046
0.0873473170068554
0.08734465391912039
0.08734709431336729
0.08734699737624586
0.08734949954940063
0.08735038178839609
0.08735201852128127
0.08735197771488863
0.08735285179701112
0.08734897746014339
0.087346343412748
0.0873506792627169
0.08735375202014226
0.08735818684872641
0.08736235934522771
0.08735960991805072
0.08736203460488348
0.08736027170689203
0.08735923433163652
0.08735866344676499
0.08735714204422093
0.08735542326032496
0.08735234950658795
0.08735427842312046
0.08735069782717607
0.08735097525988325
0.08735000304943408
0.08734972342760543
0.08734745453787554
0.08734597858030978
0.08734590125362454
0.0873433134879337
0.08734343006246525
0.08734077060407391
0.08734398850802702
0.08734292338187126
0.08734248812634272
0.08733801727097386
0.08733651932904395
0.08733636464974082
0.08733808281675173
0.08733824632461279
0.08733639105816028
0.0873335970319088
0.08733546007075609
0.08733380325699422
0.08733430627085685
0.0873353953777883
0.08733457753061008
0.08733640849000356
0.08733541039602861
0.0873335527548078
0.08733474664750149
0.08733396268019365
0.08733549695070215
0.08733659161415933
0.08733718506938236
0.08733829524220595
0.08734157413395283
0.08734298462160411
0.08734505140057379
0.08734603078496578
0.08734350402110311
0.0873435998653312
0.08734064431511196
0.0873413883983043
0.08734173882393105
0.08734038235555926
0.08734108291115013
0.0873429148395636
0.08734172156879379
0.08734391865481063
0.0873444323060037
0.08734249994237651
0.08734095499576938
0.0873413352280477
0.08733888804352008
0.08734333317906168
0.08734422922524195
0.08734273075032471
0.08733881178306309
0.08733735655757889
0.0873363048927084
0.08733947140858751
0.08734132152888166
0.08733951291613085
0.0873390228924524
0.08733753913792575
0.08733507586113168
0.08734148085230768
0.08734035781331544
0.08734180709996964
0.08734833586792064
0.08734774339856767
0.08734794632333875
0.08735304448263306
0.08735223463149182
0.08735316126487974
0.0873539113451977
0.08735389174123155
0.08735416743689085
0.08735299872912675
0.08735633115086097
0.08735475353428512
0.08735473770372863
0.08735878711615579
0.08735604652189634
0.08735625185289271
0.08735659291456073
0.08735460493297068
0.08735219993722164
0.08735385373018481
0.08735135741651409
0.08735642653122058
0.08735822578769002
0.08735647221320283
0.08735567422150359
0.08735346262060084
0.08735521457615321
0.0873541563502244
0.08735297850573594
0.08735366864609793
0.08735619645017895
0.08735849902732001
0.08736042276825827
0.08735958850336656
0.08736102125734804
0.08735967441978822
0.08736128294957625
0.08736523529680029
0.08736000644422146
0.08736016739422008
0.08736245530020251
0.08736290688556465
0.08736194388400721
0.08735887775944823
0.08735800581628668
0.08735751933232344
0.08735568841885101
0.08735561998509828
0.08735572520901487
0.08735358872468497
0.08735192788173199
0.0873538766384213
0.08735419999667074
0.08735381506183211
0.0873544216362337
0.08735142703767994
0.08735138301405444
0.0873496262598608
0.08735220636364179
0.0873473106191892
0.08734707266817919
0.08734820059801361
0.08735121718479431
0.08735118593570843
0.08734901690701577
0.08734993425500524
0.0873483421520456
0.08734973319228086
0.08734767087921261
0.08734693257869819
0.08735080775380671
0.08734960531226788
0.08735211186408781
0.08735176622714994
0.08734830098883167
0.08734649064982902
0.08735052306005628
0.08735006668265785
0.08735336470301683
0.08735541730037823
0.08735553022224758
0.08735433418207547
0.08735679499297247
0.08735884356554299
0.08735961399721007
0.08736016828551027
0.08735904010809017
0.08736043304180263
0.0873622481630147
0.08736506562565137
0.08736744761034158
0.0873684508946605
0.08737156201742965
0.08737102640679989
0.08737109288178072
0.08737252563528418
0.08737250046626917
0.08737118533232516
0.08737328536270227
0.08737639147777346
0.0873769340158121
0.08737468703387755
0.08737415873247534
0.08738109936806009
0.08737844978712539
0.08737432036291588
0.08737237627011886
0.08737462029139187
0.08737453657685089
0.08737692694581786
0.08737626690419832
0.08737709310516056
0.08737562352773727
0.08737539763925743
0.08737620584230722
0.08737587885225319
0.08737496551332372
0.08737532718718838
0.08737287212827331
0.08737334520314817
0.08737634838574575
0.08737549556541155
0.08737413934427682
0.08737625148886574
0.08737511474623541
0.08737374163077125
0.08737446735311825
0.0873778618183508
0.08737705652043774
0.0873752999051219
0.08737567102168228
0.08737134744371125
0.08736813693781914
0.08736746484337807
0.08736746400551343
0.08736536383589473
0.08736359698564773
0.08736508553963065
0.08736626830292789
0.08736745947991827
0.08736814029768261
0.08736926226256572
0.08737246449621358
0.08737012291941963
0.08736692908852021
0.08736545174612663
0.08736501471487865
0.0873665273428946
0.08736835733802628
0.08737188839496757
0.087371441497684
0.08737244638231423
0.08737170384911407
0.08737158739605433
0.0873718772814931
0.08736982911213365
0.08736826335725073
0.08736785657480826
0.08736953798904659
0.08737135812518386
0.08736915152311568
0.08736903554176609
0.08737297508461032
0.08737302621162261
0.08737028387025038
0.08736743006334478
0.08736486369365283
0.08736531283229566
0.087363219862427
0.08736520357243092
0.08736482407429282
0.08736345007416566
0.08736306724760848
0.08736403516404072
0.08736247173916649
0.08736177925183018
0.08736028710665007
0.08736009532203294
0.0873578984765818
0.08735613236963344
0.08735945858828605
0.08736015336630337
0.08736251232193258
0.08736151053459594
0.08736298461814553
0.08736241971860582
0.08736142354879306
0.08736177252753559
0.08736242130374242
0.0873636781849175
0.08736366794486157
0.08736588320734691
0.08736514196365397
0.08736478169542743
0.08736284256344329
0.08736292067131778
0.08736397055109636
0.08736265813921436
0.08736131376762754
0.08735954236390119
0.08735907265158126
0.08736187538295692
0.08736311873749208
0.08736351104468955
0.08736674507351926
0.0873711193965089
0.08737311521405543
0.08737461059011858
0.08737719751871996
0.08737575819162287
0.08737705832178516
0.0873803724387961
0.08738181817528799
0.08737975035903928
0.08737667670891242
0.0873755806007343
0.08737282443157934
0.08737512419433906
0.08737609178664456
0.08737556317299328
0.08737551377773188
0.08737172946513203
0.08737327499223714
0.08737593360345176
0.08737637616973895
0.08737808525696235
0.08737888935836231
0.08737674518662439
0.08737823604186887
0.08737921891050515
0.08737940811882985
0.08737854020501402
0.08737691148701118
0.08737863790863515
0.08737702094095993
0.08737864275070573
0.08737938478974859
0.08737746992397498
0.08737969413013544
0.08737719312355516
0.08737453247448268
0.08737590637205826
0.08737340317638405
0.08737551778144066
0.08737406971803752
0.08737547893752011
0.08737467162357766
0.08737450357851809
0.08737193325762874
0.08737048062852944
0.08737271372913966
0.08737197971567306
0.08737111092366512
0.08736962110300889
0.08736882239630477
0.08737175186277586
0.08736983407263252
0.08736951290644102
0.08736758504224122
0.08736566068312895
0.08736519148332787
0.08736887920343288
0.0873700336212277
0.08736649538965859
0.0873651841496299
0.08736869934937734
0.08737022298850507
0.08737044164301111
0.08736914016393292
0.08737125520943075
0.08737154892990669
0.08736944284636396
0.08737004385927204
0.08736789615710099
0.08736808353209001
0.087371609729057
0.08737313017634195
0.08737336220020966
0.0873711641179065
0.0873712655494579
0.08736878421916006
0.08736834195696107
0.08736994109065173
0.08737109677194227
0.08737326743136699
0.08737155755363035
0.08737158797766874
0.08736930992558231
0.08737049983987248
0.08736805677154381
0.08737000077472885
0.08736905327378111
0.08736822622901391
0.0873690651498885
0.0873720299713559
0.08737406171318862
0.0873734098276466
0.08737706393122555
0.08737328028096106
0.08737276231348481
0.08737013767430384
0.08737266258579325
0.08737359318983647
0.08737430236608384
0.08737583816436487
0.08737737587290233
0.08737739842131952
0.0873776437738069
0.08737984984086944
0.0873791024622562
0.08737700523091556
0.08737699278839876
0.08737871639694426
0.08737741161375348
0.08738023663306685
0.08738186936933556
0.08738290440668149
0.08738393976457422
0.08738172335335996
0.08738309693153436
0.08738345120563876
0.0873823438176577
0.08738335483209932
0.08738677675323293
0.08738644099975915
0.08738633584709185
0.08738732851791488
0.08738730542188904
0.08738601711840066
0.08738987698336877
0.08738776666383659
0.08738935518407626
0.08738959611879762
0.08738989726814186
0.08738753996115145
0.08738606488158514
0.08738713562726066
0.08738895119316473
0.08738623377302598
0.08738619749083468
0.08738426520190534
0.08738784401388912
0.08738863981352621
0.08739166331334602
0.08739517308262142
0.08739432834577095
0.08739575765949611
0.08739506492225799
0.08739534870253059
0.0873963215772783
0.08740079436032046
0.08740149581902361
0.08740388436935172
0.08740178170451618
0.08740151872860573
0.08740071573964434
0.0873997145550081
0.08740000445420397
0.08739749516416725
0.08739666399369807
0.0874003913159724
0.08739944629138097
0.08739911929794884
0.08739941976698717
0.08740151926606736
0.08740121631646855
0.08740041279469296
0.0874007749546697
0.08740178755034905
0.08740017714749015
0.08740205512570336
0.08739944784976901
0.08740028816117598
0.08740427639239165
0.0874030755146739
0.08740085546226614
0.08739845453091118
0.08739579434248922
0.08739544163096281
0.08739415034438482
0.08739226054903718
0.08738935397000308
0.08738911354315644
0.08738788966249572
0.08738982057431716
0.08738768280071865
0.08739182471265308
0.08739211085692496
0.08739222423992758
0.08739699618126395
0.0873949802583474
0.08739398772697994
0.08739572543148845
0.0873940676951284
0.08739311146063411
0.08739338710127638
0.08739193656011153
0.08739227099214282
0.0873902687589174
0.08738844281707003
0.08739086615351697
0.0873898142888792
0.08739213804163114
0.08739360207977251
0.08739136477949963
0.08739087886674238
0.08739099902659926
0.08739284999688836
0.08739367505734673
0.08739274623635995
0.08739083388474575
0.08739075159213021
0.08738868561962203
0.08738947849697754
0.08739027806018154
0.08738966618678994
0.08738858459552884
0.08738996745498964
0.08739080458334096
0.08739033348447836
0.08738950832790872
0.08738898669984282
0.08739097022074482
0.08738994347425973
0.0873883336405574
0.08738782952524517
0.0873867472225175
0.08738604335604129
0.08738803420453468
0.08738786148740174
0.08738729722231366
0.0873857092335163
0.0873838455900225
0.08738740880552485
0.08738501233519164
0.08738376188577633
0.0873831719491851
0.08738405755057468
0.08738378044618597
0.08738526830269423
0.08738440228785485
0.08738665563118089
0.08738736543890212
0.08738804051507752
0.08738631013829663
0.08738457704627685
0.08738634875615894
0.08738631875963744
0.08738394515657943
0.08738234415275721
0.08738417715553401
0.08738388617616308
0.08738715810459771
0.08738556041218555
0.08738649208049196
0.08738327216334447
0.08738376693110438
0.08738712763666741
0.08738777843560318
0.08738830810281162
0.08738692943910231
0.08738904184654765
0.08738592115966615
0.08738298097876158
0.08738377094218311
0.087382298650371
0.08738444334342874
0.08738508764536249
0.08738354731217825
0.08738228396087783
0.08738283944402453
0.08738181640451019
0.087381115194358
0.08738174729875509
0.08737797409633838
0.08737556980493467
0.0873769355507612
0.08737974265098039
0.08737895247308355
0.0873776857317718
0.08737837862575477
0.08737625489503523
0.08737395451507482
0.08737374941663491
0.08737224252486087
0.0873730855569911
0.08737327036218731
0.08737271486522183
0.08737044697487935
0.08737215518230665
0.08737481535233466
0.08737414696971368
0.08737500652692892
0.08737382467190155
0.08737229252441164
0.08737202221831007
0.08737250799288546
0.08737476978595823
0.08737294624305943
0.08737441498782357
0.08737782700379207
0.08737685585297532
0.08737716005061652
0.08737697773702019
0.08737927942467485
0.08738293686365911
0.08737933916978252
0.08737889302020169
0.08738242835583443
0.08738305037214063
0.08738650465642914
0.08738463267745873
0.08738481255024706
0.08738357110732882
0.08738384519841567
0.08738327378814457
0.08738360357098014
0.08738360030642758
0.08738271225841975
0.08738540229664378
0.08738265062785996
0.08738163383590926
0.08738482979204905
0.08738633374350238
0.0873845063670765
0.08738215746721797
0.08738125902879429
0.08737948307255693
0.08737784991546617
0.0873759709119338
0.0873749905981446
0.08737215852784842
0.08737138076464465
0.08736877235978227
0.08736820624572639
0.08736806347220702
0.0873681862533026
0.08736873580287027
0.0873681594844913
0.0873678347660188
0.08736699631166961
0.08736707108364838
0.08736759281652778
0.08736779830386981
0.08736699736423167
0.08736817401762162
0.08736762213201642
0.08736676700529646
0.08736589443991051
0.08737226553981796
0.08737326393784217
0.08737468220666814
0.08737343021992508
0.087371653244731
0.08737038052892174
0.08737027213782697
0.08736788738720674
0.08736974848928283
0.08737153821058884
0.08737137296231466
0.08737278873350886
0.08737316339277792
0.08737609398211807
0.08737325235169731
0.08737569674874056
0.08737401640571099
0.0873753981940394
0.08737475528064245
0.08737498544563559
0.08737447418218527
0.08737550597521267
0.08737464718001302
0.08737536817884506
0.08737983742514926
0.08738137979316464
0.08737988509469712
0.08737810809188087
0.08737868608184424
0.08737524238098178
0.0873735101197126
0.08737270957513475
0.08737273595234481
0.08737412792013781
0.08737287716431184
0.08737250468811869
0.0873706771921219
0.08737319116612685
0.08737175757611078
0.0873708600407509
0.08737047928106051
0.08737022168956474
0.08736913574725623
0.08737054554166768
0.08737252774333984
0.08736875136274401
0.08736810394774552
0.08736987857572251
0.08736861383785467
0.08736672828157048
0.08736538901640917
0.08736580659232258
0.08737015167209024
0.08737259498845894
0.08737470399549903
0.08737293099689077
0.08737484302597257
0.08737267157559216
0.08737220828576232
0.08737445500429286
0.0873771067787656
0.08737701485346887
0.0873780180658749
0.08737682138960225
0.08737471197619048
0.08737380493885456
0.08737258611023682
0.08737177608524849
0.08737314310468984
0.0873711697565883
0.08737008582525366
0.08736868187368657
0.08737322009117582
0.08737163615598585
0.0873690913378914
0.08736978516137311
0.08736803760142091
0.08736428971810496
0.08736123403418382
0.0873602107205654
0.0873584605924674
0.08735739663422463
0.08735716367601068
0.0873570721795441
0.08735848889942849
0.0873582368886195
0.087357376858426
0.0873564269581212
0.08735354634197816
0.08735278987919999
0.08735244477455613
0.08735435222140228
0.08735856607152653
0.08735738444862813
0.08735754130663985
0.08735821231974397
0.08735541234954954
0.08735503743903351
0.08735512826653702
0.08735626127657459
0.08735548643715273
0.0873575100537993
0.08735737275503613
0.08735754508443166
0.08735723183503973
0.0873563925962002
0.08735876207705508
0.08735902082798636
0.08736126605071015
0.08736127594629584
0.08736366096919869
0.08736412294041418
0.08736391531552203
0.08736451556099653
0.08736381285764383
0.08736777891817622
0.08737010941402791
0.08736997395148284
0.08736873214582792
0.08736656131876197
0.08736837427314059
0.08736808573709602
0.08736879472690785
0.08736752457675341
0.08736635356093761
0.08736728127995262
0.08736542814117938
0.0873644557774237
0.08736233197671
0.0873599581321669
0.08735932904352607
0.0873577163295464
0.08735487209339911
0.08735661642058647
0.08735746794451868
0.08735937391740646
0.08735879930037913
0.08735858798055732
0.08735632913189958
0.08735759748232975
0.0873596496066675
0.08735944563214389
0.08735887131581373
0.08736276168032156
0.08736355234202343
0.08736532019676865
0.08736343048224572
0.08736219282028343
0.08736108153987981
0.08736243772283687
0.0873621474769482
0.08735929282815498
0.08735861144760365
0.08736055376184658
0.08736031167282217
0.08735888645458215
0.08735896096796204
0.08735868988056579
0.08735725998208323
0.08735668997642927
0.08735536373254635
0.08735446164351043
0.08735737726232579
0.08735691525602923
0.08735648120406068
0.08735659313914625
0.08735646201382281
0.08735517437002997
0.08735586493777264
0.08735425880935602
0.08735257424937368
0.08734979549067146
0.08735193867622348
0.08735032636181826
0.08735096720265412
0.08734931738505247
0.08734836312065328
0.08734951687257318
0.08734891079948409
0.0873486032437384
0.08734786336260665
0.08734790653098418
0.08734711027437791
0.08734929854735668
0.08734937534720862
0.0873501983536297
0.08735221242148994
0.08735298990446429
0.08735078932448347
0.08735000678652301
0.08734839649569383
0.08734799273119459
0.08734725441097173
0.08735104761712904
0.08734990084363453
0.08735039726904019
0.08735023555619774
0.08735035327589033
0.08734892451785009
0.08734809214994751
0.0873475364483128
0.08735126545821563
0.08735082979305928
0.08735099242227871
0.08734931233204529
0.08734753596528554
0.087346516753206
0.08735052323978174
0.08735210049672114
0.0873523828707997
0.08735280639664456
0.08735186055135587
0.08735086540212497
0.08734927038234676
0.0873492638862572
0.08734952042557854
0.08734811506083255
0.08734922379031847
0.08734794514207865
0.08734685678898091
0.08734921859358927
0.0873502220738652
0.08734693877219121
0.08735002864332116
0.08735058251203827
0.08735367051293615
0.08735971312256825
0.08736076598534039
0.08735873614164313
0.08735972203075279
0.08735593054801612
0.08735391870002182
0.08735650045923339
0.08735852766826817
0.0873586056052574
0.0873627008909873
0.08736132566424136
0.0873630971003053
0.08736657078633012
0.08736644324260509
0.08736986453520189
0.08737242938942223
0.08737307482677666
0.08737380653857821
0.08737388208358697
0.08737532809265369
0.0873748368831046
0.0873741911502181
0.0873754375263822
0.0873740479775655
0.08737176612232549
0.08737208351404471
0.08737041557535681
0.08736967467287846
0.08737069272045021
0.0873698542688684
0.08736932119885665
0.08737206964695647
0.08737559488338953
0.08737582283136339
0.087373225429604
0.08737163140686681
0.08737074776147445
0.08737025540913729
0.08737409324629064
0.08737816943137587
0.0873793229137553
0.08738288820298909
0.08738317719684584
0.08738047100944199
0.0873784863907839
0.08737723426826474
0.0873785092317883
0.0873788428051547
0.08737889240668671
0.08738011294241879
0.08737985464817358
0.08737981989012282
0.08737966774455293
0.08738079075691514
0.08737902406348255
0.08737717110362622
0.0873799236232915
0.08737832665746839
0.08737793034226228
0.08737608615776561
0.087379021910817
0.08737837730693272
0.08737986269105297
0.08737713214046113
0.08737870205896209
0.08737878684007917
0.08737792768941956
0.08737715686226924
0.08737830916430574
0.08737686162725375
0.08737328686904784
0.087373493522855
0.08737239022072074
0.08737363265314264
0.08737209568184785
0.08737206215032807
0.0873725794185777
0.08737269322663117
0.0873733286825922
0.08737185930555857
0.08737037768844814
0.08736954081966848
0.08736829474643903
0.08736921682041032
0.08736712847448554
0.08736972298687916
0.0873696454054389
0.08737211521624061
0.08737389958016305
0.08737403494581666
0.08737481815683487
0.08737686954798214
0.08737864295812557
0.0873786988050534
0.087377608302174
0.08738271219889175
0.08738001684980672
0.08737873794209078
0.08737833071254651
0.08737664836059075
0.08737500223570407
0.08737247930334974
0.0873736235959104
0.08737505541729197
0.08737632682429816
0.08737486717978765
0.08737433696606726
0.08737620128419007
0.08737692460987673
0.08737463360215002
0.08737455877385006
0.08737324941933387
0.08737673175268917
0.08737648884163064
0.0873789859044576
0.08738012778224447
0.08738336548832613
0.08738255999571495
0.0873840977664438
0.08738222707087454
0.0873814150830382
0.08738121925777892
0.08738641098504359
0.08738493179009887
0.08738202426446985
0.08737933417250636
0.08738010740606837
0.08738045869339629
0.08737884197022325
0.08737639206022046
0.08737525856766741
0.0873752925210124
0.08737479632211312
0.08737535632880425
0.08737719959382281
0.08737462120824534
0.08737222412154318
0.08737644444758243
0.08737714030552621
0.08737806897075404
0.0873774085173754
0.08737618380149093
0.08737688886917243
0.08737747295981901
0.0873766347586573
0.08737699800319093
0.08737922557809481
0.08737758919173502
0.08737937959140454
0.08737804881669578
0.08737727494246499
0.08737498875992553
0.08737451686005722
0.08737226192731126
0.08737042589536839
0.08736934721498732
0.08737118369010399
0.08737214485994647
0.08737300824871642
0.08737389294053897
0.08737225293043197
0.08737005037531417
0.08737142388551758
0.08737191850950365
0.08736970061530809
0.08737092683744754
0.08737164243578134
0.08737594196194119
0.08737603807606759
0.08737801083897954
0.0873762249815111
0.08737626367205831
0.08737735824204941
0.08737624848559752
0.08737637048843923
0.08737650592508428
0.08737388866181982
0.08737749990733079
0.08737651103401886
0.08737404136726445
0.08737519046522484
0.08737460827138682
0.08737497631815101
0.08737405636675309
0.08737267681003427
0.08737334079406864
0.08737753702225284
0.08737637345333346
0.08737920133004444
0.0873793488514165
0.08737974097780189
0.08738209194893609
0.08738018215074295
0.08737943818811428
0.08738345123626656
0.08738251810151298
0.0873799548280115
0.0873808988341209
0.08738234274644588
0.08738259348222657
0.08738173472504526
0.08738371152600842
0.08738080199400827
0.08738190149837406
0.08738266788502005
0.08738430912866091
0.08738479531263436
0.0873825638120539
0.08738338325315415
0.0873832407057403
0.08738334684346347
0.08738300929361234
0.08738591354597558
0.08738352583013163
0.08738446429219983
0.08738470036214681
0.0873854527217488
0.08738781484746468
0.08738664305019715
0.0873863066728096
0.0873856249884741
0.08738334664573477
0.08738450290253912
0.0873838641443454
0.08738517894596923
0.0873868844274022
0.0873875784628889
0.08738536780679323
0.08738445145807089
0.08738390204193562
0.08738365369229681
0.08738328213538654
0.08738316203408987
0.08738031570942255
0.08738060309352386
0.08738075487356048
0.08738189477399448
0.08738230820715069
0.08738259630304472
0.08738231318770201
0.08738252887501724
0.0873824569908097
0.08738172352005426
0.08738261201391685
0.08738372198097703
0.08738387864908599
0.08738212119056249
0.08738249831847647
0.08738373989226313
0.0873826166074303
0.08738253824184851
0.087382888548588
0.08738017814754358
0.08738148719119865
0.08738121817689408
0.08738343755767045
0.08738235989034988
0.08738221042396996
0.08738352263532731
0.08738324907729
0.08738139901822317
0.08738248328740145
0.08738425916375432
0.08738451213105691
0.08738400077332535
0.08738167639909163
0.0873803123650467
0.08738260358015391
0.08738238687846285
0.08738264224599358
0.08738271144942861
0.08738170287291801
0.08737930809959778
0.0873810743758753
0.0873800502215729
0.08737880951884013
0.08737835767408404
0.08737675583726016
0.08737607177937744
0.08737806715697513
0.08738135474546
0.08737920257786276
0.0873783177073679
0.08737641922243436
0.0873772315370216
0.08737736877143297
0.0873756600515218
0.0873749494874319
0.08737824201068085
0.08737748660287821
0.08737870223017777
0.08737780836094614
0.08737530438011316
0.0873751991687311
0.08737291061190504
0.08737232942903722
0.08737109804535605
0.08737359545643608
0.08737344052148466
0.08737465964212321
0.08737599916405385
0.08737492799106084
0.08737410673953126
0.08737147535413935
0.08737229061199868
0.08737873081350502
0.08737801256609015
0.08737616781334606
0.08737667110858091
0.0873758381053557
0.08737572821219605
0.0873744769569187
0.08737538407195415
0.08737455260970532
0.08737236794880497
0.08737341575088597
0.08737240669360063
0.08737125143502832
0.0873691337132809
0.08736908440319359
0.08737017239004688
0.087371578951196
0.08737095879778253
0.08737090571562087
0.0873707528857337
0.08737080829037755
0.08736951548412666
0.08737212023533653
0.08737191761816053
0.08737077109706488
0.08736858600908366
0.0873699498983184
0.08737175256336226
0.08737057329691351
0.08737279485735747
0.08737319886490168
0.08737038232380277
0.08737188602821763
0.08737148888988884
0.08737236861601562
0.08737158243742078
0.0873717995848356
0.08737177317129267
0.08737379493947232
0.0873723125648282
0.08737229075046925
0.08737329307679306
0.08737211850998483
0.0873712974527684
0.08736999726292008
0.08737302418117633
0.08737443333166739
0.08737502635988395
0.0873742991110291
0.08738012389169701
0.08738204362496661
0.08738056636777096
0.08738015607205364
0.08737921381498323
0.087380822454229
0.08737908958630837
0.08738022107684469
0.08738172329024117
0.08738161549723203
0.08738086842390097
0.08737968930325313
0.08737933476146932
0.08737879899316063
0.08737904236478501
0.08738172931510729
0.08738017505884892
0.08738297292379302
0.08738410816797726
0.08738585935816837
0.0873883049148543
0.0873895769915961
0.08739090939200168
0.08738937148479271
0.08738695730463117
0.08738537428362571
0.08738292669041367
0.08738113096743881
0.08738121895549268
0.08738134101317166
0.08738180432225837
0.08738061989726036
0.08738385120188114
0.08738454933774749
0.08738327212019689
0.08738539396998218
0.08738476625630298
0.0873884181957623
0.08739102934939005
0.08738911059791962
0.0873884416445733
0.08738796927571063
0.08738694790974635
0.08738569183545154
0.08738538039350197
0.08738626812327148
0.08738771828616523
0.08738643367871007
0.08738775150052148
0.08738754536172907
0.08739140729065802
0.08739041463628235
0.08739212607426754
0.08739042733119053
0.08738910870803847
0.0873876942926884
0.08738585924672673
0.08738755890337983
0.0873881576190243
0.08738839349313801
0.0873893295835194
0.08738696180844442
0.08738648616409166
0.08738386136837564
0.0873821772787344
0.08738362035377147
0.08738517781615926
0.0873876939736843
0.08738573962265708
0.08738443602982042
0.08738443932965134
0.08738718072940642
0.08738321535060009
0.08738305620385335
0.08738513195215977
0.08738309771183742
0.08738116879449162
0.08738002018880046
0.08737876022885441
0.087381732343974
0.08738071412632376
0.0873783284409825
0.08737565447285989
0.08737422323878663
0.08737508239873469
0.0873740243552061
0.08737272447735461
0.08737337744367811
0.08737220067022307
0.08737067430445915
0.08736965353823352
0.0873709431050551
0.08737085529398295
0.08737085160990925
0.08737308365018273
0.08737057724268127
0.08737417454705496
0.08737348194314908
0.08737156857815159
0.08737292524327803
0.08737162334086782
0.08737204578774109
0.08737168495139841
0.08737279419612011
0.0873718305458236
0.08737275335571085
0.0873724337056155
0.08737367062283598
0.08737328033463698
0.0873738962462381
0.08737202459366558
0.08737250972786471
0.08737338685723024
0.0873738549461598
0.08737544050328255
0.08737619420168619
0.08737687934218373
0.08737956137967967
0.08738160846677626
0.0873818424873418
0.08738116854164676
0.08738081272260691
0.08738215190362736
0.08738283703885545
0.08738270749728663
0.08738128128477538
0.08738154485779927
0.08738053153899761
0.08738099987040512
0.08738130879534042
0.08738267591295802
0.0873807830449008
0.08738088218604348
0.08738426795164642
0.08738257533952555
0.08737978094336547
0.08737952977315039
0.08738283273395248
0.08738603801293843
0.08738583089956158
0.08738394521807034
0.08738368674618108
0.08738408124720248
0.08738157411858404
0.08738060963728904
0.08737894874718351
0.0873798952415866
0.08737920916233693
0.08737999630593261
0.08737913568802377
0.08738023312018468
0.08738160473766661
0.08738091799966254
0.0873797890575514
0.08737905151252874
0.08737870953219438
0.08737916949410166
0.08738258799890486
0.08738142794925856
0.08738110503489539
0.08738290266232544
0.0873813757830369
0.08738175536345648
0.08738203494703
0.08738239806436934
0.08738396439569351
0.08738377173679332
0.08738279498933585
0.0873831704410563
0.08738516470977889
0.08738428807365964
0.08738186347218284
0.08738024871616924
0.08738098599938614
0.08738025160018108
0.08738164607499622
0.08737943403717285
0.08737976547677903
0.08737910271630654
0.08737737194911903
0.08737613145937155
0.08737614577466565
0.0873765574902799
0.08737483303140556
0.08737672768307413
0.08737657844439503
0.08737500083192208
0.08737319151106768
0.08737302729863938
0.08737388073769581
0.08737202678038364
0.08737125037446533
0.08737051884892466
0.08737195617174823
0.0873766703784717
0.08737518355057564
0.08737614856184849
0.08737509153746648
0.08737326588643907
0.08737293471901696
0.0873710980505546
0.0873716621161744
0.0873751961409076
0.08737529098898968
0.08737503402229954
0.08737591632335931
0.08737577762288795
0.08737504231703085
0.08737365962361544
0.08737279184274789
0.08737253176897845
0.08737135056483471
0.0873702738184905
0.08736932681645428
0.08736783539451215
0.08736550075161191
0.08736508187433871
0.08736454743968633
0.08736380968218495
0.08736426147500144
0.08736575650339937
0.0873638791989589
0.08736219727875989
0.08736167607469814
0.08736047228599131
0.08735995052597896
0.08736049805334854
0.08736101868425213
0.08736350440969842
0.087363825410821
0.08736237153564026
0.08736246251700683
0.08736146941673237
0.08736166977664568
0.08736201576063223
0.08735944002231862
0.08735975458170102
0.08735825504928016
0.0873573084806935
0.0873546314751604
0.08735352734933916
0.08735178424560469
0.08735324665803092
0.08735345863892031
0.08735362417284079
0.08735109923143035
0.08734954137128234
0.08734906974391937
0.08734851017541685
0.0873491781177358
0.0873483376844325
0.08734768755336894
0.08734638896626777
0.08734565661906822
0.08734280396426085
0.08734436169538927
0.08734573045834321
0.08734374087592632
0.08734222859176954
0.08734207503750023
0.0873430651263846
0.0873413707148371
0.08734026823224626
0.08734648941038044
0.08734775617550138
0.08734631649237524
0.08734523831303162
0.08734509479715538
0.08734767431803507
0.08735251579776375
0.0873523883938971
0.08735423731934257
0.08735241500173174
0.08735501484549538
0.08735453296728779
0.08735356383304786
0.08735380945218849
0.08735319079108576
0.08735320791688608
0.08735208512787367
0.08735144313946758
0.08735078894106876
0.08735263418111752
0.08735081089055943
0.08735117055779627
0.08735006953679456
0.08735264805175735
0.08735158355159327
0.08735085388602175
0.08735158216235754
0.08735360726889106
0.08735636627472268
0.0873576182601943
0.08735722090518944
0.08735677503412562
0.08735643622363692
0.0873589179640486
0.08735755251543761
0.08735559092416097
0.08735602029157316
0.08735467295792995
0.08735710738932154
0.08735737261412806
0.08735788626265384
0.08736092065997564
0.08736325776548824
0.0873620069043384
0.08736585002760018
0.08736451896454532
0.08736410435137716
0.08736203088533133
0.08736255702203806
0.08736241071635237
0.08736034449659376
0.08736109883324043
0.08736057758363823
0.08736125167837325
0.08736130691885542
0.08736357025520174
0.08736197430744595
0.08736121675957328
0.08736161303301868
0.08736518449778123
0.08736768412323564
0.08736826293740965
0.08736715587510457
0.08736679793093338
0.0873654742829435
0.0873686275882398
0.08736797486604579
0.08736797796017635
0.08736901289273774
0.08736801654507817
0.08736776561907612
0.08736896780898033
0.08736804728706751
0.08736943806149333
0.0873678216989162
0.08736889829380358
0.0873674541714036
0.08736723884799963
0.08736702471790048
0.08736525652744818
0.08736405181137118
0.08736418902736517
0.0873632287617516
0.08736533951104043
0.08736359120777515
0.08736500514702424
0.08736468112413913
0.08736626706410819
0.0873668840995812
0.08736734224704111
0.08736875175635878
0.0873703871252829
0.08737116251449954
0.08737054472904171
0.08736927817229431
0.08736896993275908
0.08736884442992121
0.08736812107176965
0.08736750027698742
0.08736693230868224
0.08736643858085408
0.08736580217927818
0.08736606656729126
0.0873654322857919
0.08736987110117082
0.08736951352099462
0.08736979420633316
0.08736992622493402
0.0873692833006498
0.08736880233789898
0.0873684435746424
0.087367380601181
0.08736790691736768
0.08736784953078762
0.08736581154866753
0.0873644085116828
0.08736415098330706
0.08736424285997477
0.08736331854942653
0.08736124995634684
0.08736113658720171
0.08735953848212268
0.08736007584141561
0.08736054187674466
0.08735880856672867
0.08735915075456839
0.08736040078869838
0.08735959605922791
0.08735836973462756
0.08735688565851742
0.08735650512598972
0.08735567910151805
0.08735799831735419
0.08735631691089046
0.0873613954379935
0.08736153907736495
0.0873612027098756
0.08735990523787955
0.0873586929181138
0.08735624440998782
0.08735662324649172
0.08735783693614459
0.08735721234413026
0.08735687030711933
0.08735634499294578
0.08735614049018599
0.08735708945146567
0.08735763954061784
0.08735557324481716
0.08735706904823885
0.08735720577816651
0.08735906818510608
0.08735888447421081
0.08735870253996876
0.0873599267705092
0.08735796834349112
0.08736054106826205
0.0873592049558499
0.0873582426860461
0.08735780807420074
0.08735603405909875
0.08735563908969225
0.087355759334756
0.08735510047135403
0.08735482692095452
0.08735362864929407
0.0873529395777688
0.08735286583487234
0.08735086221632854
0.08735199829695801
0.08735248042290054
0.08735073824532869
0.08735206395487922
0.08735119411443203
0.08735012410959445
0.08734977739758598
0.08734959015407046
0.08734873313798062
0.08734844410461338
0.0873489689576612
0.08735124665580331
0.08734955714935659
0.0873526223529557
0.0873547542010814
0.08735499107018793
0.087356869154271
0.08735432109667451
0.08735409998665092
0.08735425841053385
0.08735560931299743
0.08735743975493256
0.08735855787920302
0.08735699598672135
0.08736004029245183
0.08735855413471427
0.08736213363302382
0.08736255445030147
0.08736260365093203
0.08736266145928007
0.08736163295089598
0.08735884577255391
0.08735886207389569
0.08735708518782247
0.08735528411838724
0.08735522874649101
0.08735766082085775
0.08735990677729971
0.08736166375278025
0.08735839783865507
0.08735771134853619
0.08735948772577849
0.08735883833452249
0.0873593530888353
0.08735898485946285
0.08735850302865962
0.08735860785263609
0.08735966560291977
0.08736116787598706
0.08736203040154529
0.08736200151344888
0.08736249106652676
0.08736158930866866
0.0873604244890733
0.08736029437765153
0.08735768075511965
0.0873570582185606
0.08735425833151665
0.08735411761301128
0.08735145683525133
0.08734991192861957
0.08734894202133019
0.08735267886637418
0.08735005898345978
0.08734909821003614
0.08734788454648869
0.08734722473612339
0.08734749215076151
0.0873485765904707
0.08734836651837846
0.08734949746895997
0.08734963619605834
0.08735000209621634
0.08734861144804328
0.08734982734304005
0.08734826928965625
0.08734878699691233
0.08734795115601836
0.08734723090976268
0.08734570030063991
0.08734348652529646
0.0873438007866994
0.08734405934099364
0.0873423318993651
0.08734146442590507
0.0873419791416489
0.08734088677053455
0.08734344375183523
0.08734500501578916
0.08734408256481689
0.08734420150260241
0.0873444163635415
0.08734459098446454
0.08734493028487454
0.08734456023359852
0.08734426438187455
0.0873427771028676
0.08734554287593504
0.08734360953942888
0.08734229273434305
0.08734603395469061
0.08734798483777878
0.0873463304515359
0.08734847295805984
0.08734890161859235
0.08734683108111795
0.0873481641031512
0.0873500750944141
0.08735001189575912
0.08734886531532576
0.08735233488006475
0.08735365161010497
0.08735334991468345
0.08735312868681201
0.08735518883287154
0.08735568631810639
0.08735534503741024
0.08735436357724945
0.08735348442858341
0.08735402383360222
0.08735337216716749
0.0873555669322125
