0.7020939356512338
0.6146368381747005
0.6060486901473372
0.5022725257631779
0.6174877939073729
0.976849584812976
0.9743044339168914
0.727957491507669
0.9151480413188093
0.846491026087048
0.8622040579610633
0.7816265706944932
0.8271837229382659
0.5660466208610228
0.8368275062299926
0.8109039881403581
0.5469457376610768
0.7264856942323616
0.6688939335741017
0.7239923036616032
0.9034111958839324
0.8145737602619396
0.8813829475726687
0.993201716484963
0.7461213996292995
0.5605583248918451
0.9504791289066388
0.9876936093710162
0.7682802417050285
0.8191581596383621
0.9693289855919422
0.9386911500517651
0.9480321684628172
0.8405378878405058
0.7016301554711278
0.5209031712355257
0.6699165138563794
0.6438510008400689
0.9552128436406977
0.80171134256239
0.5370203530508293
0.7925619415998144
0.9899478720146784
0.8697605094633417
0.5100608696304498
0.9144115491948542
0.9342137113073581
0.9084518818916945
0.7913410856993028
0.6936914397955739
0.9694971040263318
0.7040771848919741
0.7666227826860109
0.6800293267581634
0.7701921675295405
0.8752177887622601
0.7196217284986892
0.6214289446624635
0.7725781863850463
0.7371271446560651
0.7555517134476908
0.8254054808748383
0.6976897497625683
0.5453858802974441
0.563055828082501
0.8357962922015296
0.6656600594703529
0.9288286771877781
0.9712941564567792
0.5518229540462987
0.5151796721984072
0.6367534830510401
0.5940825147716688
0.9542877364412805
0.9643596160251517
0.9876511204621851
0.7971559498442831
0.762760434979981
0.7772767027757312
0.5499781310733971
0.6903729036293864
0.9036888015709946
0.7698046454507799
0.9242783778532233
0.8811588416524074
0.9718876606814991
0.5617982159814353
0.7718872953339556
0.750019856836921
0.8260474230930196
0.5347840325631117
0.511270365961371
0.5818696644298149
0.5788844064308147
0.9575246290272978
0.5198445834187145
0.7846141699986882
0.6859623772798829
0.5989826792147622
0.9689828488117126
0.6691203186413246
0.756888938257515
0.9288301325160899
0.6834301751678398
0.7501046730555134
0.7189770807253568
0.9821170638084256
0.9853001439512512
0.6954445387759416
0.8514753233619119
0.7922825649692526
0.6488234145155217
0.5076623982393107
0.5581137546455199
0.5526953722355974
0.7715947890270117
0.5770079566011708
0.929640373412478
0.9035494985732162
0.9883275946989769
0.7273335706150899
0.5072595675067546
0.7169076602313516
0.8218118667797288
0.7513094438771553
0.7218127649662337
0.7525284780949268
0.7541155519557556
0.899092654598013
0.8810728952145449
0.8669608836921382
0.5397456995352434
0.5524466932197432
0.5132763549839037
0.7895674533899877
0.77888329521729
0.9724000278842064
0.9346075748817564
0.8591145422708752
0.584245928126723
0.5802399068628393
0.6662400334225451
0.5348584250798181
0.7509504382161365
0.7380702352335633
0.6561006680373191
0.7483129122472745
0.787450663054972
0.8944230304057273
0.689242943176794
0.7924717526894843
0.9668568255182695
0.7300038104905873
0.9363200277958508
0.9572638316989538
0.7237412883881642
0.7129745170442419
0.6955906099657172
0.8389658382115233
0.745856850566933
0.8711491263868536
0.8413405881981234
0.9209866074305559
0.7434828786585176
0.9090379040733771
0.8022989159229262
0.6113576065722648
0.6503626369865934
0.7810296041905629
0.9688647845624754
0.5453297283710576
0.6985865658287752
0.6476444487802517
0.9879983065055805
0.5610439003861649
0.9082201986787937
0.5346758255223703
0.8941415207927381
0.7344508885025156
0.9367168542149391
0.8608705558207177
0.8036660150892689
0.7321104041953372
0.6317114699606879
0.6965455629453107
0.6559493758216861
0.5398653648874618
0.7581288424109907
0.504037827771966
0.6591515470883083
0.8440645895410332
0.591461491617302
0.9087186228857705
0.816157072894846
0.5680495694020155
0.5987346736110828
0.8845920240449585
0.92271313452523
0.718011075710696
0.5181526507516236
0.9232555064408164
0.8645598855800591
0.6653763004064643
0.943077241929476
0.7700999865925438
0.5632468335168629
0.6116307711518203
0.7130907559046369
0.5944997525948094
0.7070188875600527
0.8581387061172142
0.8274764185651476
0.8202858890702454
0.683282244091636
0.6225036143012506
0.9652971034980511
0.8486886043104667
0.6038025504684995
0.9059966530530136
0.6593645907072416
0.6951546859759313
0.6377406075325629
0.8659616732705645
0.9753989377723984
0.504937024923791
0.950044937481622
0.868631184532768
0.7749272311483049
0.5414027004312647
0.99711985348069
0.597372025353183
0.911774979972644
0.7891589690352766
0.6220572553857112
0.800995044115203
0.799076358665253
0.8784937566044796
0.7828525434130715
0.8470452032287685
0.7830526858234248
0.5059112902285985
0.8525972699756168
0.8689553301857291
0.7682586543493848
0.6089673603434105
0.5441277194128225
0.8341283803159152
0.5863982113911197
0.8758413992957479
0.8284334550752688
0.7193780982558016
0.670264786093778
0.8953278226710446
0.871022844658206
0.777560119449205
0.5717125535813814
0.7801788089525925
0.8864628501358407
0.9551810981050768
0.72414443341763
0.5827244793014277
0.9402405268062586
0.6115712044772542
0.7313009117382091
0.6455956047344713
0.8666002446679488
0.809405885166609
0.703317162021911
0.5425815726122685
0.8946603777839606
0.5841387507556024
0.7159638031807598
0.7821882659514408
0.9329836011972679
0.7052468062924069
0.9545191296771032
0.9817095045322427
0.8891812267925361
0.6042622884581894
0.7116520465720481
0.7523372059187245
0.8086145260975981
0.9211348952276508
0.8071261240159421
0.6290192127275879
0.7182388041660154
0.8311935317716369
0.7980548098530444
0.7273285877637264
0.6640679422861855
0.9938454780919834
0.744549945680217
0.9763701657886451
0.5412231196720316
0.7393671718853464
0.5589829958518184
0.9469404327169646
0.8660286930514631
0.8969351775443868
0.5600528626271577
0.9040616929966554
0.5600281399827962
0.6116154768053432
0.5326788806839656
0.8683268671431077
0.6543444194902497
0.6446002554526113
0.6736333776009072
0.842390603671713
0.6948631929796113
0.8595575249035656
0.7259294557686956
0.8316235418926614
0.6984875177089307
0.5713566133689021
0.9287170347984052
0.7107583206215349
0.787265597735498
0.9281216158491801
0.9411750025435461
0.6253344398621661
0.9874457447178531
0.6050637352929293
0.5285015913504856
0.6065711747948901
0.80403224017994
0.9018437504402164
0.7332438316923455
0.7564735686706606
0.9984552642945193
0.7704677486834137
0.9285430591662539
