0.7586450697917151
0.6282410613706926
0.642691027877538
0.9276781417437481
0.9729139788055616
0.7331468800234232
0.9388065871699596
0.8016922920160363
0.6431830769079174
0.9159929154977614
0.749029710880082
0.906737806340327
0.5313275940719027
0.7470082863103346
0.7592967426793646
0.6619549671759344
0.8187787740868484
0.9633076255133481
0.5429178322586456
0.6083019717998063
0.6778214941421397
0.6008377565962023
0.8710598150463383
0.7632699190898375
0.6266134665225915
0.7451398527890352
0.8973274921069123
0.7414224431508969
0.7187501315054524
0.7730548625280498
0.5202544164809169
0.9464154758847813
0.7979599068773569
0.8504231529824025
0.957453566875991
0.5543820853196768
0.6842771191918708
0.8043607376649192
0.5970499273862575
0.7750031334514615
0.9091461076755629
0.5227555989286043
0.7302878365757954
0.9279790869799567
0.9606512407042901
0.888256696597918
0.8187562581100215
0.8443565235552488
0.7244865331777749
0.9032989728612248
0.7174684769754248
0.6228224329046373
0.7322848849225599
0.9943014482835629
0.8403635113326806
0.6228848439557739
0.7651400720036812
0.8046450019482894
0.9002820204700202
0.5721221306875478
0.6641335508584487
0.8722753673089048
0.9615132898710141
0.8839066930736182
0.77693452870304
0.7775386769456978
0.8088735827958428
0.5548177652850328
0.6292345509427424
0.7499478085055583
0.8612967235642918
0.7428000367628184
0.8329898115237496
0.5561981196333385
0.7302844843463381
0.7459209002556445
0.5466485394607903
0.5923064867857034
0.5948800460856014
0.9095718781781226
0.6139842140057825
0.9496892841626047
0.8176298541832867
0.9329271330640605
0.5653066532627998
0.921610568117418
0.6598899687248292
0.7371718957253495
0.529804241225291
0.8605962598504981
0.7295298816021305
0.683589721734281
0.7938125420894053
0.7506258332556566
0.8048275177432329
0.8227161447061503
0.9557869471359397
0.6168778397416997
0.7452343510855848
0.9766168170347113
0.5970374138131598
0.6836493633066427
0.834737750926337
0.8374487794663279
0.9938433266050701
0.6940776883637334
0.8183595321534534
0.7579511110139217
0.8542214253711962
0.6025802459410234
0.62694776855105
0.8041141977909819
0.5969623246512469
0.6809666629682971
0.9603560523728791
0.9705449121995481
0.6186400642484138
0.7874744337400498
0.8061416280536349
0.830234438738582
0.5653099831287849
0.5429399225596816
0.7593139080082183
0.5638405187536881
0.6172772829773079
0.7188869632073596
0.9481458351376125
0.8033968622534835
0.7007584645919083
0.5415489712150142
0.6929291805943838
0.5598120772234899
0.655717728904804
0.5782606476023979
0.6906071816569763
0.9962845165041487
0.5000968437455884
0.6157119906929279
0.924387806756729
0.9010275150792402
0.7797527118219532
0.8764911826967905
0.6293458024132557
0.8628029123551431
0.5465600693924542
0.5794738945739697
0.9301297560301061
0.9122828545347834
0.5727118839763093
0.7690531276926252
0.6464400924210613
0.7479389998206432
0.9064408872350993
0.5534258459025128
0.716476733499106
0.5468807928926562
0.7252392067558648
0.5869771964847637
0.6035550620828662
0.6254901044223701
0.5590079343987016
0.7503947918870433
0.8982841043508174
0.9616304599375827
0.7643865202805111
0.7425554859609964
0.7979400095138154
0.6375681475335211
0.5996851672142625
0.8251259290502289
0.8931742722387395
0.6937808451110585
0.9155521068077852
0.5502270737041696
0.5708809652013375
0.8082437662199011
0.8263918608233606
0.708506607188442
0.8499480897547915
0.7466122732582725
0.6538614283805269
0.719746538333707
0.9664070062237122
0.9636397350423989
0.8147242936251591
0.780380413471726
0.6823481272305096
0.9418979279373108
0.822873484981647
0.8609834437190385
0.5723391896176588
0.8871670331528375
0.8268217599196388
0.6068224720299132
0.6233045112062634
0.6016801885092912
0.8333521829863089
0.7732934347267526
0.7968732092299204
0.8544459086316238
0.6600023064452238
0.6383705580147341
0.5572300311925773
0.8532520162934054
0.7241652407096459
0.5477277281470059
0.507105139009091
0.5124149629662833
0.8290072055989781
0.5120139181298804
0.5913750557393811
0.9303233695281543
0.6742236110502584
0.7162304965473429
0.8843999500958679
0.8313088645663821
0.7389916080591765
0.8045094725906606
0.792859110468583
0.7169815364091652
0.6723421422946942
0.6111539912727864
0.8041359409081532
0.898391821220435
0.7873824564322657
0.628873592567222
0.6938981959025801
0.5487110711289127
0.505642926773514
0.5939073937055253
0.6736789061705046
0.6812359710482416
0.8836269791901665
0.951519732999286
0.6801018002955727
0.9250496840750957
0.5643850590028999
0.7373376447926986
0.8465011090821679
0.8246058880290944
0.8977807546040324
0.9327652389814802
0.7353555620276614
0.967388104296213
0.9598620224523661
0.953718589276222
0.6423533291834038
0.7411734669816352
0.5328088899696763
0.981894900917518
0.9058552096143933
0.6785031300021221
0.9826244287116059
0.7309134024109698
0.6588866312179972
0.5888161860474413
0.6163770437340559
0.78087526675812
0.8108173480893106
0.7985117168256896
0.5575109833792601
0.6578803591190148
0.7616843508276876
0.726548217217877
0.797242487434173
0.9834190423091673
0.6639292685457667
0.9270173111449771
0.7816424568593991
0.7764985634712966
0.5137078903565062
0.7773655170239941
0.5283753660570378
0.5781188467150578
0.9563223018000376
0.6400527167109717
0.7167731805171131
0.5724067658414349
0.5224784936366622
0.7640183083187041
0.6281281775750309
0.6931111062622652
0.8184619088592322
0.8352003959434634
0.7055272329895209
0.8898482994938832
0.9594098649132077
0.5296800761243192
0.7324530806860575
0.6354347430868448
0.866991527077815
0.7849345610490821
0.7164296163130821
0.7270326272421828
0.9405638496418445
0.7846444181672764
0.871972370748431
0.9691061427777519
0.9723715670358009
0.6940381316339697
0.802544018966269
0.6783076601163717
0.5526969614394686
0.9500772252663874
0.6466536458868415
0.5376535372826621
0.6795638237978687
0.7867517415336072
0.8083194684668972
0.6940218349552058
0.9625122413521192
0.5724870401400726
0.6651814162346477
0.8250802025105834
0.7737950903862978
0.6891455969810003
0.7484038704471463
0.7716033054236447
0.9059792461940677
0.5951732007261055
0.6684318843522747
0.602378316059327
0.795781508055849
0.7872806716800236
0.8571826052580476
0.883599632497813
0.5018081704384374
0.8577091021319119
0.7877898987873823
0.5821190347403081
0.9046809817043694
0.5875118928761057
0.7920515186974613
0.6078767128704479
0.8295130959089669
0.8838519357982568
0.5467348132866512
0.8121406389772312
0.9481512176259564
0.7716407219757411
0.8762393782734175
0.963765001955685
0.7383001256026251
0.6001745098387355
0.947718240109906
0.7961570045940541
0.9376771832634838
0.7703158839476514
0.5231026156694705
0.7781133207079833
0.6072807350440719
0.8086988540666835
0.9664694494818636
0.937804170240227
0.9923115829063852
0.6924944156116603
0.7933626156820547
0.5397699864893576
0.7348524193186099
0.5044689954741367
0.94567727203795
0.8514258607216499
0.5587546930245247
0.64924059995659
0.6755441885175181
0.7092692310193365
0.6914575249112871
0.6116556860032409
0.570434601940546
0.682056967371695
0.8902857293315102
0.9873027521969875
0.5386895906897585
0.6045486534874371
0.6822487354232427
0.7901570900166299
0.9612847653993744
0.5076973282312638
0.9871954192630863
0.5022977892873701
0.796476792249454
0.5714848450653776
0.5927002327217146
0.9021410501462224
0.545227610185402
0.5990834701347557
0.7732920281854883
0.603950079533704
0.655136291330433
0.9454051221139282
0.7702168501636251
0.5926173388314624
0.8551192830580653
0.8135740504786371
0.5129418061102149
0.767596082881193
0.5100646221234881
0.7458279692381161
0.6572881951811037
0.6979218235180782
0.8649601286463239
0.8373567531129325
0.8156929711784364
0.6874302541828371
0.5546180843827332
0.9950589505971507
0.8740371367748768
0.6669578165836568
0.9461005183851481
0.6591036317355696
0.7558471073935197
0.9487634844503907
0.7445434916006124
0.9756148313252933
0.9120842778416197
0.9258390010368246
0.7326290104080808
0.7245048176613831
0.8736964327666443
0.545963037257086
0.5030157834293207
0.7204069409670926
0.608659052163161
0.5362662060393667
0.6785748309097248
0.6925621344264019
0.8389761699301657
0.7058858362556133
0.6985932738245546
0.7399872273787658
0.5515145271796256
0.5924199148890781
0.6333756423323319
0.985829933186418
0.6442315807589154
0.5611522185605586
0.7117093698995063
0.9417020464965555
0.7914310527966588
0.602808038774332
0.5043927062789149
0.6607950776691189
0.851550979263942
0.8254229923729062
0.7992756548634419
0.9200746164336103
0.8605511479877417
0.8048682169421661
0.6106504575272618
0.648509955033019
0.982002688076093
0.90142295860636
0.6767163478409327
0.6976215851613772
0.9945165132735805
0.669865923090315
0.9323144000683878
0.8565551552593067
0.7270663035482232
0.8793282295369993
0.6847165205167869
0.8672962546820002
0.9558550409465922
0.8608361117604402
0.7070431780351722
0.9454487263379197
0.5860758676549471
0.9389252122711929
0.6372900789471108
0.9211211717588468
0.9200869809167196
0.9864124250507552
0.6180937238587906
0.6796187580467157
0.6309406345043613
0.8597519284830357
0.9775731253515363
0.5967323981187969
0.8933365965124309
0.9651326495275481
0.850447511728435
0.5036481244771561
0.5877842773590974
0.7319040446538836
0.6019037876294038
0.578628692207011
0.8426803795770043
0.710350971752857
0.556150445182715
0.842122351060988
0.9163094149248878
0.9929690062800514
0.8080193174903503
0.8687083745963438
0.9294619594886219
0.9299617274727252
0.9049888059218687
0.9751924529597616
0.9696812524714706
0.9443703622124322
0.6407061737797144
0.916568971356947
0.9625669236218346
0.558461139545166
0.690177837230646
0.8430950831844155
0.9320779001244535
0.9355559783112155
0.965997904418749
0.6404725834726241
0.7250380630834525
0.8658088516527247
0.8734082292234833
0.936354185417462
0.8759444293051959
0.9389065332471278
0.5923812732621
0.9647505704475322
0.7087185892734056
0.66015379131491
0.8412445920501646
0.7163205924816604
0.8140752303194292
0.8255894902157064
0.7708275882079244
0.6703675207593822
0.5743464989206198
0.6364653087374292
0.9479655962161859
0.9272822314614997
0.8759983533711956
0.5469644472061941
0.6493404304112211
0.5119384332748287
0.9038283199893327
0.9107556905937967
0.5196320623799924
0.511198464358576
0.6275074863629504
0.8807477327560932
0.9310923045171049
0.9481002720473557
0.9934368096708912
0.9780513402036073
0.6667958475999396
0.9373542185123344
0.6051040281430722
0.7059728356274018
0.7693107341534513
0.9500886970536718
0.564024560971859
0.816170296946773
0.7066757906957215
0.5183627595397706
0.8190501903676175
0.6361515926666828
0.5149817590171053
0.6312400305636963
0.585322755176521
0.6467195143359036
0.9101022781863484
0.70470393987323
0.5955180251685674
0.9386174964699914
0.8951628462700201
0.8626958196620839
0.7842829927675127
0.766591599670889
0.9325058979244771
0.5207630322598715
0.6123845734491371
0.7274576222470912
0.7658760499001591
0.9582937777319319
0.7323491994931974
0.595578880118707
0.5787031955468471
0.5486263543276855
0.9550788300429229
0.6400557769696553
0.6618832929436946
0.8667359491022881
0.7763303472977873
0.7886842069921036
0.520929866419449
0.5749164912713363
0.59060179456175
0.5659449404600075
0.6411407819142283
0.695529401719062
0.5357942875812634
0.7638600203195269
0.6882176190988563
0.5229424418984472
0.6019643443807892
0.8174352918211885
0.6971454969871855
0.8099372484282366
0.5679176118774986
0.5962626824589181
0.6386704807411056
0.5090672836843741
0.8213165086521967
0.9232864499560847
0.827809339363617
0.6599666099447162
0.9342107636050188
0.613602970429219
0.5218672320166093
0.9123485354198981
0.5249341138841954
0.8499515508199427
0.6336894129324919
0.6829678922475225
0.6243334012813762
0.9025773700237734
0.8180842402388587
0.7409558373073009
0.5828825754042006
0.983900373594011
0.7451348026515767
0.5071074471053638
0.867740170338134
0.9427002794640784
0.789855919132429
0.6006544071015438
0.6966933033637231
0.7456118363966633
0.9022203819601233
0.530329819928053
0.6452548154138857
0.5243945102523746
0.8226094715780874
0.5494600348509795
0.956632309882022
0.9414088650037339
0.558976682625472
0.8364776276180539
0.6755144708131138
0.691544681596792
0.6571126256121478
0.6514043321138212
0.6542298517749
0.7446993202046602
0.991858766384243
0.7486551164938493
0.821876874406385
0.6382809183403385
0.8309359109155185
0.7910763489870296
0.6559450069373641
0.5691466680860063
0.9541958592635545
0.8585352907396884
0.8772626497415279
0.504704333412506
0.9910514366642751
0.5492576042364825
0.6634410303186098
0.7813441916491429
0.7784879477906907
0.6514515692156404
0.964217787856207
0.7235472032051413
0.9503092336784218
0.887565583368679
0.6982444245818655
0.574462985324564
0.7525819031973751
0.6170890515591834
0.6774329022514503
0.8859603690493311
0.7843769548744808
0.9479158106812577
0.656873145611629
0.5413702230037383
0.6842167111489589
0.5190442724409408
0.7374696688181914
0.794225392889739
0.8341740610559543
0.7943036327621591
0.7379942794857499
0.6306279324313967
0.992260535423703
0.5808316141568375
0.8684449499107492
0.951441430880843
0.7023737543838526
0.9260443319126732
0.5642481921958993
0.9698574277462997
0.9146309436632306
0.7254889495237463
0.7844278770936177
0.944522252690921
0.8972932712205024
0.9521892687695369
0.9594715769819004
0.7762538926381274
0.5788903722709458
0.6826991259820028
0.7370287586082913
0.758445512355333
0.9174364355343212
0.7337514046491576
0.9556570063849112
0.69135711157351
0.6400640417389081
0.8925187697493356
0.7811730443988609
0.9202822234068111
0.503699037992754
0.8408560365876727
0.5623856330553152
0.971022061561418
0.9678909097881959
0.9295850887051176
0.9686861716642812
0.9243815067899033
0.9497860318215076
0.781000005381946
0.8166690031248836
0.8394586832875073
0.9239936537141258
0.5015431263485024
0.8768948720106855
0.8882580810178327
0.5683455050556645
0.6925904169539956
0.6219374253532632
0.7785031118184447
0.8043280938234805
0.8368782263361307
0.6804399593119461
0.7718323867350272
0.7355726981215968
0.8107125364488601
0.6449503209778458
0.7920902917622197
0.7142264652097392
0.8425686855745168
0.7551373139702069
0.6385480741362908
0.5398019881771126
0.9259241905355367
0.8265279012442374
0.9622420075393295
0.5691467693413139
0.8530017296937447
0.9505853143217909
0.5499375527679826
0.9481270604366878
0.8419258426639737
0.8618454587906287
0.9912757031449204
0.5105015803841868
0.7306611743260341
0.7040513151924059
0.9380444889220652
0.6055632616231423
0.6444050289817038
0.7477296476141915
0.9823774311240263
0.9160094706942364
0.8183930555199659
0.6410236204574764
0.8275113672176575
0.6203680328897391
0.9573232174695521
0.9684513607500865
0.8566093099244146
0.7734506099697342
0.9157036334143663
0.5109380586222735
0.9803590673538569
0.8468545921482272
0.8761402872071686
0.7121534172954584
0.8120473015010473
0.9937931718690455
0.7782538274891998
0.8493235570185509
0.9318016437607015
0.9902353541395803
0.8975557608935977
0.861687448354373
0.972070964085151
0.5553732904370439
0.6530194261606008
0.7829203319909182
0.9602099566710737
0.8532273896584843
0.508178592664889
0.9492010125109341
0.9744848031843379
0.7742066843711715
0.9713054511990636
0.8047729578588134
0.9911786673953542
0.9630603730983686
0.5752219573048571
0.5075366891933429
0.6950064967177632
0.8643918605703143
0.8079887122055263
0.8179594841995086
0.7979646844697741
0.9105765749837164
0.5881000491307561
0.7231102794734494
0.8418865536907446
0.9228429978346269
0.7022665148856968
0.8277499540794631
0.7578697051952691
0.5876041334925816
0.9874470500340106
0.8310085927701016
0.9441179909850952
0.5092779254424222
0.6132834959144835
0.7203731256810448
0.7221543726170387
0.9625540950537737
0.9207163300858209
0.8778966131722432
0.6534683518083131
0.5189479568795587
