0.724500711049386
0.6601537128967667
0.8085431777855578
0.9150623864692798
0.8036774319489481
0.5517261525211224
0.9332332997752817
0.7378768953779706
0.5474379442247737
0.6044430437303079
0.6922964565398757
0.8257227989593197
0.5352540883514958
0.8281888471042804
0.6078742929494091
0.5847126983919544
0.8137876410856197
0.8929880185122677
0.7658817354579623
0.9602167665078298
0.9667896627086016
0.9306930114549419
0.884750180474575
0.9139116225439801
0.8568844231182325
0.7635027642914932
0.7134161433708114
0.8946396072303602
0.9623048762023166
0.7677091072908315
0.7038047359690147
0.5831218843526598
0.8209622501052012
0.6362339011188668
