0.6118015007932899
0.8207211678458235
0.866685145393159
0.7752298458769564
0.6138149027819343
0.6367867518145932
0.8339241541246538
0.5700596465932328
0.924466003944435
0.7124752360283785
0.9937515994907653
0.8887773859950041
0.6927786566263476
0.7817455920165667
0.5216626928589776
0.5808789146717868
0.9953207557371535
0.701737291412226
0.5464435478547731
0.7430300444639933
0.7094105104821007
0.7824291176162703
0.7794133676339451
0.5127931569631228
0.9742630637735427
0.997071098118993
0.613525135706906
0.7792953430159794
0.648840681449717
0.8027502662115881
0.538741322942064
0.993757222577963
0.7826472950136008
0.876918269193814
0.6033366881780451
0.7424146423326105
0.7276242823752126
0.6267346256850943
0.7783713845844795
0.5705903552213898
0.740197494113656
0.9521859629375773
0.8516648986314398
0.6697414908915635
0.9642585639142869
0.993651149118582
0.834016142864004
0.7817424917815261
0.5441463252217669
0.5808500992513825
0.6337095194677931
0.6863300836648625
0.6905897201769647
0.7299793093073161
0.94900548159738
0.5771842220636727
0.8265090177361542
0.7844815954298383
0.9620975148386837
0.6432563070502424
0.6098878039725809
0.9837908487973961
