0.8471141402097299
0.9419074035862165
0.7528031251977505
0.9056340187982699
0.8997921918036923
0.7310310105629703
0.7252123656376513
0.623143240382062
0.7552204548141788
0.7016722531515138
0.9336517118211668
0.5655103776690267
0.8193167855303494
0.5766555764896779
0.9417266472387754
0.8643905932817748
0.6417754781044509
0.7032304652153849
0.9505023820020349
0.9226316127456906
0.6666083257795442
0.6286989492356576
0.5588693446701675
0.7722814016654395
0.8153262190889556
0.9283339747303014
0.8354676555511119
0.8825993645010708
0.7147226822468742
0.5865217165371284
0.647767660954506
0.6051065244846436
0.807148773593554
0.5476396790314342
0.9864523575461268
0.7915649367700781
0.6869955709412756
0.6041228497026797
0.8120743083865907
0.8132467449708773
0.6041321290106505
0.8569678715228521
0.9439080210105009
0.8478862305411139
0.5825836801147215
0.8243293621587842
0.546705668535326
0.7225967702056554
0.7196174784730018
0.9049984008584395
0.9920965220418851
0.5140425148015642
0.8470237033654955
0.9664558005178459
0.9927164898314498
0.9023715898725284
0.9285770297456303
0.7145489723252728
0.6240100731091791
0.6309121260389989
0.6995667800703586
0.516045566752577
0.5617742272935261
0.7118505421559349
0.7961215522441061
0.6754579873880816
0.8169119737314238
0.8681468376761734
0.5109178197681126
0.6068048412793695
0.8602325306917584
0.7347891418168627
0.7756486040072613
0.9411376287449187
0.8968724520962907
0.5311093426920219
0.5400365039878381
0.9156582183092644
0.6012376690107686
0.9904044967904275
0.6849643377125025
0.5817665874517464
0.6499640055475002
0.5475062496790088
0.6435199921170494
0.8984183673612915
0.9846936183189894
0.5358910366998061
0.5563970290489169
0.7677353272923696
0.6582223225997448
0.8263324741484117
0.7483997922431629
0.8251560536535945
0.6252937499304072
0.5771067975166728
0.5802412344365675
0.9296574660336308
0.9293107846600474
0.6320472161567927
0.9337605749932257
0.7525875648836211
0.8933833892400644
0.7593178465717554
0.7832421899134697
0.5202868184643091
0.84450853554627
0.5960704859929948
0.8147039916514078
0.5328602477926745
0.9999919477437551
0.5568142352460429
0.7326583718907254
0.6471984637911842
0.8300677329194428
0.7404083144286882
0.9859084145026686
0.5594258566887025
0.9764836868972958
0.855741940453097
0.9800248497908561
0.8302241579095155
0.680779033454475
0.5812272502799916
0.9444849496642505
0.6920382029716763
0.8609111234051775
0.8021182018843593
0.6656264953370432
0.7448706965896297
0.8865861257488143
0.5479132043877277
0.5465748077025382
0.9024558390565653
0.8846008491543502
0.7625861931990852
0.6380780322152702
0.7005251085730331
0.9044491858427846
0.6481424267094947
0.967523041339228
0.7017632016804106
0.5020189683032468
0.882343352719972
0.5263699532946167
0.8370393281991034
0.6518514635483137
0.6290768347754991
0.77375440572463
0.8222924592451364
0.8699402810949519
0.6593396229036934
0.7934432508975043
0.992458720624563
0.9180237853270797
0.6885168682160614
0.8273285999821444
0.8150329465134071
0.7997519165825259
0.6740315823820902
0.5156153548007747
0.8860687606881152
0.6641917193453235
0.6047654772737084
0.7959685185433286
0.6062098012976356
0.795365861229979
0.7488926457880772
0.7490127035335516
0.5341655560905906
0.5187564020151539
0.6177164344303095
0.9215381202257118
0.9746997835431779
0.7107624990210641
0.7762771831388255
0.8571440402967586
0.6084953279679263
0.7867113051740734
0.5463485356657622
0.6787670328152413
0.7351140885542242
0.7617987860764339
0.8825452620710852
0.9286845792029195
0.8455891379619473
0.8393770502873783
0.8847603865612281
0.9272326321340548
0.8736794916368418
0.7424954640313457
0.7688532804110239
0.9119530031216418
0.7904758568246428
0.698906365927705
0.9419940459633853
0.6436695806344273
0.90689386863402
0.8916111537538
0.545782042374011
0.8428729335695067
0.6528500465021966
0.624412628292871
0.7052977338767602
0.5648806580842809
0.5250890582947806
0.588653805722957
0.7410047477855031
0.6779984201797369
0.6799865085754925
0.5214215157112537
0.860226670249668
0.6253567298691536
0.5513219610335796
0.5893064845440625
0.7657623655413581
0.6204794359085055
0.8689612359524148
0.5181492551068184
0.786355477167832
0.7974517392832734
0.8512724106180407
0.8400635507944969
0.8913751576067082
0.7450153750875205
0.5390874325027453
0.9883648259019673
0.6817485586581903
0.7101847721722714
0.99951902391783
0.7233025521348901
0.7921913444764515
0.7788809680247661
0.6465243168962103
0.9164431310385586
0.9302569137089991
0.9246694920780262
0.934487415170028
0.9004236039181852
0.5689592573575697
0.7334335447431118
0.9026306491385848
0.7775117682459496
0.7907432326483872
0.58453542685123
0.6015316355037523
0.5764789916990274
0.8934539119658647
0.708653951082137
0.9070047970036671
0.5528480294370866
0.97440837375091
0.6668581216741751
0.6224018109899554
0.7894334484027752
0.893397427751573
0.7679729415559386
0.5593431164342484
0.9691049486374024
0.9094164034188983
0.6926598304968152
0.9391003507951033
0.7434075259120208
0.9811569323124958
0.6908717070338133
0.9859755451703707
0.8787141679970285
0.771387332486754
0.9533261274464864
0.9157029674216397
0.7208043794082666
0.9358324546543555
0.7163295769457587
0.9526262583949281
0.6762542280083004
0.8494453995854907
0.7461005582397002
0.6844987865163612
0.6497990742954787
0.657462420723135
0.574906048741965
0.9824191924774599
0.9506513387868583
0.67942622922068
0.5492862092632667
0.6720032335132813
0.6047815770519953
0.5736381021006519
0.5687496489339856
0.8703434912805008
0.8802515798645105
0.897003309345688
0.693315423740801
0.9900970487257816
0.5868555619537457
0.8611528657866192
0.7401268090664255
0.7843937152044043
0.9701847284438783
0.6363318538875679
0.8069133982044161
0.7616166302689023
0.6268821589454859
0.7017146477718246
0.6758465206619941
0.7737511880099793
0.7161097986466121
0.9284169150855911
0.845594395065274
0.5627294436745305
0.6929131338736114
0.5043026778711006
0.7018663432629495
0.7796378367260238
0.5308611539281183
0.6089863182563078
0.7017971210074372
0.7411468874261028
0.6758852556561816
0.978494890209697
0.5212937468337462
0.6247292986709483
0.8540831713427651
0.7185595508108307
0.8630003901395347
0.5916221640842501
0.8296431101611486
0.8574815501261048
0.8452425513982492
0.7900903325274071
0.6017846211536035
0.7576360045375725
0.5827981317310864
0.9809660649177805
0.5908200017498608
0.6629771396217208
0.5267262701250632
0.7728171111827182
0.8308763140740022
0.946353608896112
0.5874110102672938
0.8673228849661474
0.9190386108227987
0.5116979913246065
0.661195204824829
0.5863208993025806
0.7526892212698524
0.5469416198315894
0.6187524092607478
0.998138699712909
0.8192431130350903
0.9871203370320626
0.9506936639449526
0.9684524012192317
0.9466096186835253
0.855680643698582
0.708347248536063
0.7755852709509949
0.7970861564791786
0.8879729548733128
0.7722143781738333
0.6300412798958681
0.5808770340861478
0.5809685323735708
0.9467967717632693
0.7297719008563452
0.5851239742426202
0.9164248247545046
0.7712220101298246
0.5277035683701401
0.598968705106667
0.9251443326807207
0.6134218347648914
0.6573002789478971
0.5031126792782374
0.519402954711599
0.6251924845679202
0.6228607660810627
0.8420224182893569
0.9247470723301177
0.7261024838827494
0.5015518275920519
0.6766962541091087
0.9543400731116798
0.9541571839225674
0.8191442704039149
0.9560697674726253
0.5472390123961588
0.9389164280268113
0.9816380013071883
0.5768122638337031
0.9109881811150671
0.8635789123544095
0.5433006581575326
0.6882628520141724
0.9159515564630867
0.5905449023608399
0.8495082767444897
0.87136612614766
0.5023511937441543
0.7903183242981603
0.7503757290231023
0.6010421412844522
0.8201186576356264
0.9902840798506507
0.6132472821683078
0.8388449209913816
0.9254565060288313
0.571579656890165
0.8163949862167172
0.887360093396447
0.7104345449452529
0.8093167602477807
0.5269236375272672
0.6933814586926712
0.5229563869004832
0.5759633414088929
0.5741629563995083
0.7110094800046811
0.7824182923141023
0.9988822428833125
0.8591332508437519
0.7011889433912704
0.5384712217667813
0.8682961419464144
0.9985642626453443
0.7240185050464532
0.5736350318058905
0.8512537254737377
0.630967129920197
0.7424589588206838
0.8390762810496789
0.9474028687130392
0.6887668948993059
0.743735102405094
0.9571989730766144
0.8635153134338607
0.5413918398304569
0.764927139039079
0.5960336255300837
0.8185659520430631
0.5480663426528143
0.6449874310347619
0.5924474904374257
0.954065356235078
0.6068112587726244
0.60339242784611
0.9536161265999612
0.9553002709654529
0.6696793756360954
0.9779038752460083
0.6284088503265179
0.9786096952635538
0.9044624240761867
0.5149183389313499
0.7570620805473456
0.5991776277680136
0.5050857810811948
0.9520591020227083
0.6075791087261949
0.7706776406156588
0.6504339900683307
0.7704364831343187
0.9602332071978719
0.9850039956647452
0.670898839544783
0.5179608761250564
0.540449907579723
0.5624039653621788
0.6362839914585523
0.5089343795960539
0.7734320375807153
0.8314303059810829
0.6145913531959633
0.8181686424931296
0.7613758600488756
0.7216287922498786
0.9362876792307205
0.9810185093386525
0.7472025621249816
0.953307792733316
0.8796593224219904
0.5470232467977733
0.535250389684206
0.933124877757397
0.516440269464427
0.8417055600772678
0.6346192959818049
0.8632314233902025
0.5609644426018668
0.6208741712989978
0.9786160177281995
0.5139876626090206
0.921102820521386
0.9709611809458283
0.9773837365598843
0.5331559210462575
0.7325294487355045
0.6924114419790085
0.5021141260612629
0.8196942754156435
0.8334030150088356
0.8276675748680548
0.8059683530882069
0.9363535621108534
0.9842770073093556
0.5871907278813796
0.8766585082661325
0.6570814850450889
0.7989160346716044
0.9230168067994344
0.7402758534863813
0.5981126133837241
0.837109585976687
0.878762388466068
0.9237467577555313
0.7288162347701608
0.778934485023119
0.7715873327332643
0.8762134086043247
0.6826110137740247
0.563218450861139
0.542145639598514
0.9483142028235487
0.8844644953902496
0.6304425143636937
0.7802231065325413
0.7793650410497621
0.6278626979743415
0.7638115652641603
0.5529457178824153
0.9788891626961564
0.9793981068465991
0.9501664362286388
0.9840149273670722
0.9394119255189979
0.5832762682041694
0.6379270533014871
0.7661883710851423
0.543254922667631
0.6148072946313563
0.9208462956989927
0.9361109798226299
0.5104499488295613
0.7713359106551902
0.617162239733924
0.8114491330885507
0.6809566528149471
0.9621751044919071
0.9477067087192506
0.7999641134839037
0.5908587529437767
0.5192328468949701
0.540124751148595
0.8434495860074276
0.5290100438671129
0.7310545782775253
0.5629372617151314
0.9359746733107049
0.6333590668133031
0.8973636548783378
0.5955877580546443
0.6034424514545254
0.6602962134825325
0.9502724793894863
0.8435357047129868
0.9992875140150504
0.8979555245301688
0.9649726560805847
0.7710950699677575
0.6453409966450834
0.6858627412597234
0.8699614035487258
0.5901432479137878
0.9105028867657226
0.6867169304602055
0.646949174681493
0.5769929392718127
0.7090028143822489
0.6474676670406463
0.7154248062460739
0.8100450934341386
0.5560240952108845
0.5665595150370057
0.6525640688448124
0.6372029692072876
0.7684265465463416
0.5781772156394126
0.6019284778742207
0.8223503118441104
0.6518936709909848
0.5362853220668807
0.5786184570322637
0.9645553500221764
0.7179075495700977
0.8146194164141565
0.7290713579903964
0.8486107495104317
0.5319860138768794
0.8287202307199004
0.8919720616547138
0.697792129266653
0.9611154251295233
0.655126370127987
0.8569763190182473
0.9339935031678981
0.6848443596522907
0.927195346046927
0.8137149538861864
0.9390626072873482
0.9341473170733636
0.6838423965063685
0.9095269985450265
0.7366043218070057
0.9951488252804153
0.9811164211433565
0.5737271132930697
0.7321374995753176
0.9808171746005117
0.7634336805539366
0.714122149015094
0.7091250455580449
0.8932170358189577
0.7543828233806749
0.7355491002740848
0.9316555982076152
0.5926225311489817
0.5868232389220116
0.6801538651629777
0.8850471721133304
0.840583182542655
0.543658369128919
0.7656063487348674
0.8092816812081134
0.901213301229262
0.6849259238043615
0.9003587938587994
0.833863416728289
0.7171562073496036
0.6495939411552175
0.8973669359980825
0.6667473200497156
0.7955781740140757
0.9446634287660325
0.6309991536894177
0.9304202680647984
0.656082178007848
0.6397670180359565
0.9977740436653152
0.6560722280855458
0.517665065776807
0.77319982002887
0.8290689803090372
0.677121003025174
0.7292768063714227
0.9043539116328496
0.5881045816115691
0.9748686744178374
0.9930728639708155
0.6606118967957278
0.8947987353862805
0.6242967872642864
0.9106180597764256
0.9243515788717626
0.9235129939209079
0.856367042569827
0.6989081878187414
0.9819586310708792
0.9173915636339106
0.9478380293289406
0.7858747788684965
0.5176400260642742
0.8312908897217717
0.5859493783903245
0.7189012378094488
0.6361921196731737
0.5611143269416632
0.9069582816896783
0.7495536241340502
0.645173358792855
0.5460515003652199
0.6726756066537374
0.6553528497400647
0.6357173994668834
0.9292328756378723
0.7879652918533928
0.5342266824463042
0.822800358468099
0.8109026589295152
0.9743566748746959
0.5843656244868136
0.9082769933029664
0.7912268356421659
0.6573976662567573
0.724125629028159
0.6187878949304341
0.8751969551531309
0.6455338265627867
0.6922157901063684
0.8174518182502502
0.9573388110766439
0.5665966722580068
0.7187148365297551
0.9545995892482918
0.6890216052072804
0.8610155015678038
0.5364713761527193
0.5376664824508322
0.556091430766001
0.888088174947268
0.50768859370993
0.7243244024800617
0.5338318431278233
0.5300279052438034
0.5516304670870152
0.9228590549199878
0.673645494627719
0.6555353681301033
0.9560795088479177
0.8854962559492189
0.9207878229526528
0.6360130853535798
0.9914364078941031
0.7819349949079207
0.925193346352375
0.8919984595002153
0.5148532148144482
0.5339916158271754
0.939036305669878
0.7030194819113138
0.9273901206486664
0.5019868119007125
0.6352503535007037
0.5478374407635561
0.9026174233156372
0.8096136146659253
0.915679453460037
0.8578519686914737
0.676237398877236
0.5432521473927905
0.9128733720011334
0.7297208753075397
0.5840405353697636
0.6896477676546022
0.8253598311045434
0.7415279633218268
0.8312907138375484
0.7821519625213602
0.6946855508006815
0.6968465277572187
0.8513239506906449
0.5092494129126504
0.8173431394382986
0.5602791711282038
0.6939763217023556
0.5682817019947456
0.900899832355031
0.6505526555084138
0.941366263483959
0.6411370952414999
0.7740913039278136
0.9440630539236741
0.9001847396040719
0.6309101943193633
0.6733181813223414
0.525463261671771
0.6382578258219638
0.7791533752323712
0.7094082428863998
0.6518905596825828
0.9496487124967267
0.5314656886884017
0.7259639238590966
0.8822833500222894
0.9949381292514807
0.7892752797507133
0.5804546415999203
0.6120400288272816
0.8051299452515865
0.9048861845432257
0.6829664505036122
0.9544681728060913
0.6291829128956345
0.8779796213555715
0.9442334884139031
0.8436310097573323
0.8694375165141945
0.8230834529964266
0.5285087586988382
0.9118618636383617
0.5744970683532371
0.8606960273431925
0.8183054254636033
0.666181550227773
0.9414509070845098
0.9637823040693423
0.6079115039477259
0.5752003375272674
0.5082578680472882
0.8479268578221524
0.6544568407268379
0.7487078642338544
0.5236107857776311
0.7486838891684275
0.9322018814590819
0.9801257974580316
0.7823905894408166
0.9622722463478395
0.9854596389463368
0.7199707697976729
0.5077520591636902
0.62894993457058
0.685964638849889
0.6849713398834998
0.5200922809118759
0.8956546408102486
0.8264713977654785
0.7529523593383547
0.9385001773729709
0.6269504342770473
0.8657125137545754
0.5929495492112411
0.5680912770684301
0.5736798476169338
0.7729554853621553
0.6970061466032598
0.6080265535501825
0.9412844924893504
0.7980345377799294
0.7507211659057236
0.7897981656090788
0.8157500087255783
0.7937427001696529
0.5159767481896976
0.6724434671324707
0.6305865753114467
0.6318746864352283
0.9244834482730849
0.7080351057228199
0.6654409721289546
0.6092202656443761
0.8226952745211551
0.7368593173362836
0.7611257256884405
0.5497440218619192
0.8791334012486711
0.9644968285730239
0.5081319343618131
0.5383998375515173
0.5350510871822147
0.9530846924526428
0.9173891210788485
0.9502721982529938
0.6786774014509731
0.9857708802631162
0.9410251502552559
0.5730388184807723
0.8711487659081788
0.6632183579256731
0.5544946432036122
0.9487430140216407
0.6204490246793082
0.5428405935131445
0.5256386497484494
0.7979877423703559
0.7218520815064677
0.8887227181001522
0.8211858609464867
0.9296294426516007
0.9207505387182702
0.5074001277047822
0.7852732594736409
0.5769008492269054
0.6000645977548508
0.6181811224411127
0.6326510247972043
0.6132713333097107
0.7454205073270892
0.6226706040982697
0.7464789189222524
0.6778431321338212
0.8047583742316147
0.8223948406667565
0.5148429882251502
0.5990077571645536
0.823417448402572
0.6246561284635612
0.8991638146938392
0.8140094424592046
0.8873575461930908
0.592811270178876
0.9757591750774897
0.5103959149591242
0.938486052994782
0.9434036994816757
0.6351136085447361
0.516872872606194
0.9740033076936325
0.6821154238244216
0.6235748879011342
0.8156723961368061
0.8488191387988179
0.724535480975715
0.6324302847876035
0.6193837511329661
0.8656329966206304
0.7192563541981952
0.947951472765663
0.5956021223300356
0.9645535782154182
0.9635145505349431
0.5434801431873271
0.5007724401714547
0.9927987018722988
0.999216487102324
0.8230983269104176
0.879474131026128
0.5831143774424665
0.7044152615547918
0.7505728978556714
0.6278986264330608
0.7059233269210403
0.8243132747147907
0.9069784644223857
0.8153170373759121
0.8410193175043247
0.6031567731267446
0.5591280371185936
0.5891187418710964
0.717773920721098
0.8699016656844132
0.5512700695512894
0.6853895477558734
0.6996029595135649
0.72977996908914
0.8311472561359667
0.8227432863503716
0.5718081111379234
0.5020538700445464
0.6493859518920078
0.5842893259774427
0.9843639736378356
0.7702038416346846
0.6061941443200625
0.7389097970979176
0.6791243651201793
0.6181484931131543
0.8043389988594879
0.5188770657701813
0.5871779884537549
0.7917647041732638
0.6784724704900919
0.8084771509288298
0.9116510150316606
0.7054555750484505
0.761390219769825
0.5528789427393423
0.8446832823002196
0.5439741592808616
0.5305425046139183
0.7642514813509904
0.9578947577864618
0.6906916009243356
0.6973249109880422
0.7261471814682683
0.9653064056621575
0.9734715182889437
0.6105601902958782
0.7418415424606949
0.6088088904635103
0.6130499553494761
0.756914433168028
0.7677948313457827
0.8687134679930002
0.7741246697788078
0.6206498176960165
0.9743505371134658
0.9726196002734044
0.6852624855654074
0.8796718222941484
0.7077562407239739
0.6916159966363082
0.9258756944865834
0.9605014631015878
0.7011795651163241
0.7421649633449969
0.5355201382016644
0.6455908303095004
0.7322460101715402
0.9152932662252382
0.6016488442006254
0.7559337571381253
0.7216703813074603
0.6904232447309495
0.6669154246020754
0.8846583980162985
0.946911084507577
0.9265498906534063
0.803090538481305
0.5446209517802943
0.6508150148040714
0.5607300117142702
0.8143360445465322
0.6679109626633015
0.9008460908530526
0.5698698264777611
0.5186795812818137
0.5360034600395778
0.6952174602435673
0.5104856585719382
0.6077011596694164
0.9180883927554002
0.7399966844376304
0.915817388746001
0.7635019167634448
0.5413886741468915
0.6428662798852341
0.5978708098042431
0.8488105840430087
0.7622796442243372
0.5064263337609292
0.7279880907306047
0.9437167480625752
0.7542035092685035
0.7094283849640299
0.9893869898340717
0.6113909368208987
0.7221247962558597
0.6167684661111505
0.8337640295813932
0.5548229108230305
0.6311645305655915
0.9122197197586344
0.710022436812856
0.8445484627934579
0.8172841815711119
0.7486895274184235
0.5195017636562899
0.6068099765502606
0.8453664563365484
0.7159339119321992
0.9054005705027487
0.8477090999444866
0.8906979902848369
0.8578616923031779
0.5818510780752084
0.9437451856177319
0.5853258538241847
0.7636702148674179
0.5381136981707231
0.7045385680569528
0.5197455713356331
0.8113238221378496
0.5102134951606199
0.6500907537884024
0.9113084052484222
0.5214418512644261
0.6886839429065146
0.8827477018442632
0.677746831987029
0.9326946801917387
0.575895164764147
0.8934651996061111
0.7648582038996536
0.5086276614687348
0.9673318661964849
0.9527208595105537
0.5818499026529055
0.8203694397079742
0.733156202914965
0.7024554418621551
0.8246001066086286
0.7021056730312174
0.9682801595374957
0.7133768824041975
0.5111805448524716
0.8852186255049916
0.8409403726367429
0.5707496942173151
0.9139756400629102
0.5311900574353676
0.8306382056615931
0.5719017357685798
0.5494465258698322
0.6101644828449493
0.6560489442402289
0.533314679521073
0.711052404657708
0.7291748676838693
0.8708251157845013
0.7626197255317315
0.6263212604606155
0.8413638963538032
0.7475457876494414
0.6819085740938655
0.6366295120855101
0.9730755376843321
0.5003945379959249
0.7717158257498956
0.664403931444154
0.5099596876062744
0.613005907862624
0.7921198736022577
0.6509362838786346
0.6553201852670865
0.8091947045200008
0.8782945049760902
0.749133406333268
0.9489702145564959
0.8448236122693464
0.6593337991294648
0.5123168617841397
0.8185615574033123
0.50581918585814
0.7934489036009524
0.7619859896303718
0.5311041914502375
0.9589080071320026
0.6296703226886382
0.7198935151510395
0.7364089803213711
0.5017001585092549
0.9443546076202045
0.5318138523551392
0.7512912621469778
0.5002185539271053
0.5174486802460219
0.8448630626745244
0.5947935883806809
0.732508379095554
0.981565754816448
0.8336245212184715
0.5339545552297486
0.8510865690973369
0.5938366495354719
0.5243315371335684
0.8608596630822424
0.9807589948402666
0.5748008096083499
0.7604053218752644
0.6619324763658554
0.6129642661335026
0.5258411657781166
0.6375397995294687
0.6937044380652644
0.6121280985312743
0.6930328320122525
0.8391491717160445
0.7056637876768005
0.5677400151489767
0.8338226510124725
0.8134725632398844
0.6904982355467504
0.9304387654951101
0.7360605957705653
0.9800757529590602
0.5322822756384611
0.7731872753244571
0.5940010913854388
0.657006853523898
0.615261383853825
0.9810676297808748
0.6989055815788039
0.8824413153434841
0.868883101182452
0.9550758142504048
0.6112477279204068
0.7871070958850888
0.8221110057845034
0.8395020208127768
0.5746084981337509
0.7808423138096774
0.7508887587157294
0.5897465417916478
0.5082849422494539
0.8423298719799345
0.9856715002324664
0.9172216053261865
0.9528105966450143
0.7713342371314045
0.736891209356618
0.8562682603683287
0.5082434882690592
0.9112473071925491
0.8033857354792002
0.6108424369550788
0.708566680828749
0.8692546289517749
0.6972026692515506
0.95784278021173
0.8415512378222176
0.7666457894491634
0.6095561891589585
0.6428004470383981
0.874243883998248
0.6647187369337452
0.5955049743571292
0.5843022173236356
0.8505920722214365
0.8775104245948794
0.9095241004496091
0.9816156386819999
0.5646629240462533
0.9013598073172289
0.7766642794946591
0.5953194192934135
0.6007722625267837
0.8235043820813139
0.657933804748983
0.6022741466849808
0.5399058084216221
0.9164017529843053
0.6957286809021144
0.7920460580964178
0.5921559592035776
0.7656109582210687
0.7889468204386447
0.5208161827275704
0.6763336364867248
0.6644114367703418
0.89881200049191
0.6657234993075261
0.6483447638599292
0.7676501426250102
0.9820339813497418
0.6430079482344815
0.9078909976837082
0.9107791882820959
0.8699966554854377
0.8131339532092211
0.920635341117761
0.6106969373840188
0.9828354251295983
0.848895047871419
0.9247443817026831
0.6560398454548714
0.825249464541676
0.7803184085693127
0.7114576283113518
0.6468534703877746
0.8246377138948723
0.9333574455091374
0.5134014020750034
0.8243196866894211
0.8270147535057605
0.8863753155543399
0.8176616688486837
0.8108353501165869
0.9423793557908587
0.681441713321125
0.7262749622346009
0.566922808037343
0.9368976183461202
0.5695826666728258
0.9976040710730785
0.6086022192616745
0.7725815169625507
0.9436750500248783
0.980714012339954
0.5151956234127149
0.5681516160279136
0.9256262946558125
0.8714062999585737
0.8688314768263994
0.779958622958204
0.8816713397720854
0.5802905558619194
0.52108189716669
0.5687109031432016
0.9736399584935647
0.8571579444251167
0.6137513787779036
0.8801205174717999
0.9589884248282794
0.6901757934272006
0.565443631570147
0.57258475377288
0.8929424812276419
0.8171823198378034
0.5817085847078509
0.5258588453632497
0.5286399071509953
0.6561210404337638
0.7585850355448964
0.732218711455394
0.5334022602354862
0.9174380326131286
0.8810184945079431
0.847226205107104
0.5423961144996676
0.5630876874469115
0.554423213942948
0.943384694128141
0.6737855019634724
0.5030795119243341
0.5840412655714662
0.8325415993921237
0.6860987411673956
0.7303765476093957
0.7625963742145467
0.735427279576957
0.5256782450810665
0.8294395070387195
0.5438408420006219
0.5506166548229898
0.831837774269546
0.5377544893272339
0.7382330885411181
0.642605765069796
0.5476820737903494
0.5026825681802783
0.6012485336862896
0.5667383170464886
0.894352603688858
0.9486525165684053
0.8199969929016128
0.845821446853328
0.7607889222461417
0.9770005654789533
0.8215321575054084
0.5149595115149849
0.5675036829889692
0.6166464816440675
0.6774581053813766
0.9084716996050028
0.5781740438949148
0.8800715039783837
0.5865611407739895
0.5891532828914203
0.7053650110793839
0.6751068175738535
0.7732909489674167
0.9917222167445312
0.8125162763885072
0.6941627567694659
0.7095324145043884
0.741599418337265
0.8129332982703361
0.8117248751174065
0.6455567890369602
0.5935493922125394
0.7777835040451597
0.7467390274037089
0.5680525838034431
0.9638275266832015
0.779359654586017
0.6312682306887654
0.7648735697848124
0.5072161358390064
0.6431901041436465
0.713540483390414
0.8883620270014643
0.5322790856918074
0.6598065041749672
0.7717666302417422
0.6592627608987617
0.7603470803279695
0.760076258131976
0.949315400003516
0.6198239264488221
0.9953807505831567
0.7413551856393235
0.5614466279953658
0.619244761974292
0.9563652566023118
0.938851792329467
0.7414531984749455
0.8163288309229669
0.7661758944808554
0.6819508340093565
0.6880000415370641
0.6743989985734111
0.6822956348252923
0.7861665456741548
0.8895910303024024
0.9354308999230126
0.9330833386492562
0.5967548435375453
0.7312651523228771
0.8094988368134739
0.9167397093287506
0.8982639142932911
0.8215419538686008
0.6198264208231687
0.7874956506249262
0.8290678660183775
0.9116318634644083
0.6655142613943984
0.8230632043875217
0.8284238093300829
0.9537815695309035
0.9699578324878615
0.642732079737168
0.9091472906214579
0.9920365227194112
0.8249463645514497
0.7499591687473293
0.6617100362758153
0.9676451293122597
0.9705482762760788
0.7698816340065917
0.5125929458761627
0.6567144766447903
0.6560570779360329
0.8577253835053347
0.5911745959372499
0.5773776848180714
0.9015817069796319
0.8546832998761342
0.9686922722609197
0.8633234243179357
0.5814320735637322
0.7376205725988931
0.7736390356762857
0.8806244823237108
0.900056135231627
0.5599043193831055
0.7185346519874547
0.6277284502532727
0.6677068764412546
0.9670614197033776
0.9192233895018421
0.5960372972974748
0.5223781027674482
0.8705746518961649
0.8223737372135713
0.8161147103471574
0.6377387492836203
0.6897715234743547
0.9794104122273494
0.7831323161030246
0.7362959090764716
0.7016597367903078
0.7018044467808355
0.8467362650174923
0.7107297441553562
0.6383432708386142
0.6628930786243772
0.5925957154669457
0.9090269223766396
0.8700366790448748
0.925448715347577
0.7476190829850844
0.8651287474846298
0.5652385415246377
0.5302472174423043
0.6557977004169946
0.8552683581437884
0.735962439102088
0.5198937340110551
0.6524779253491988
0.5200109841667998
0.8397546929608217
0.6972364170222727
0.9378000005982337
0.9855477738116782
0.7165544839251498
0.5310849065133914
0.9277893792832599
0.864077724312805
0.9705176060732377
0.9736054573048099
0.7220978164809726
0.701374288875988
0.5475733196030308
0.7238775371628088
0.7376990229490716
0.6560407261259271
0.9649423532463715
0.5272976741352965
0.8261875349619265
0.5246016724850832
0.5961399388888015
0.7732403740570328
0.6276011175584179
0.9658040848718579
0.840905411853933
0.9841768125591668
0.869219353054425
0.8327885694813641
0.9676091013585402
0.7468324446607878
0.693262824629845
0.762973129334747
0.9910580380518936
0.9857977901055358
0.9387789088855105
0.9217347400237378
0.9722809748362338
0.8699139912692396
0.6792228010615509
0.5157728045236214
0.5774725744742505
0.799937217084056
0.7983687995317711
0.9821437254857612
0.8986838450603227
0.6939433538032043
0.5440482315253241
0.9550762281815186
0.6173860317707882
0.5728461321986211
0.501164306701857
0.7176631612868736
0.9350817085316105
0.6453696886126232
0.6636224155650423
0.5963520674681442
0.8266845159600932
0.9606230989453847
0.5686351539664167
0.9826476699318263
0.8166224594064341
0.6508209128743935
0.8265053438669541
0.9724777491897005
0.9928536632143824
0.8520147663815107
0.8540040126245287
0.7544108990953242
0.6061880426935314
0.7986571765743382
0.8149414708326221
0.941706534520186
0.5465000326483838
0.5374238893663033
0.7604025536148842
0.7135907880197283
0.8445874205558913
0.7438886148724877
0.9603770501098217
0.893194197545401
0.9879405723063241
0.6067273920126872
0.7839626861329538
0.9120836644103661
0.8400400831376262
0.5885031404235033
0.7706962852894206
0.6331433357227668
0.6001039835108759
0.581277335324015
0.866288621488644
0.8794604452460348
0.6123747776999535
0.9859896091045871
0.7277636361404498
0.5731492247711008
0.8381667057849034
0.5636765878009732
0.5859306181181836
0.5065088378275198
0.9291346802483014
0.8850734711205348
0.533801101513544
0.7734670048245254
0.9122085151448708
0.6525564250893812
0.5226000820221812
0.5895602925213204
0.9457504935134946
0.8176682792103143
0.5410103619274025
0.5460556037538722
0.9030506236183087
0.6242221748601909
0.9787910914532456
0.9889566036001606
0.6801591582826746
0.6374128054109751
0.7119296752810659
0.7729322109562056
0.6614131811186033
0.9626556444082437
0.6145156020931885
0.514365773447538
0.7468166966518304
0.8214265124313506
0.7979451049526957
0.6875477828850758
0.9769137363997316
0.5855578650039046
0.5720632890415267
0.8642445650539972
0.9570865224397184
0.909598425911432
0.8465679277888212
0.8729567273394081
0.7163472879401172
0.6642061102358563
0.8237616118411486
0.9202557015086952
0.7404077100182688
0.9120890052081714
0.9370866821408027
0.609476578600291
0.8572871767768321
0.6151132012659333
0.5822039117184443
0.8864401088958698
0.7718382044606555
0.8566555492151335
0.6569986787797559
0.893095830936039
0.938660729030122
0.5767589815263854
0.5823850955111536
0.6043571245420769
0.8125207045260702
0.7431099342862213
0.6161997008946727
0.5179761447663136
0.9468423618515421
0.8117879983795617
0.7905168513451367
0.7604112870063289
0.817677677160235
0.5994328189139813
0.8025415050331327
0.6070622417058867
0.700819410830494
0.9110586671995415
0.5549891061664786
0.5856115793012715
0.5645685579583761
0.9848368971358982
0.6924196853704674
0.9544430757642652
0.7812293148766174
0.7046735644013822
0.6073143510532724
0.6868248837146527
0.9580464637136529
0.5257810615941644
0.7027074466090665
0.5853298780779006
0.829740488441072
0.6288343182403731
0.8731761443572286
0.5792107828599904
0.9973540935633778
0.7585315626552354
0.8395793540485255
0.5062582496484274
0.7678095312628833
0.7929155983337459
0.9646296417824691
0.5364922267060432
0.8684220509650953
0.5763169598851945
0.9038489327211362
0.6213534328353439
0.8146663549241814
0.7545405554308517
0.8128032296567423
0.8462507722443628
0.646435757402062
0.5684423861342276
0.9217679685618143
0.7952654302625449
0.7340277834102718
0.9985811147117496
0.5482654316853824
0.5134531472145537
0.9305625351768274
0.5275120652845422
0.9867690965888141
0.7570504280082998
0.7919041384988376
0.5037487455012158
0.8426228525848264
0.9751129117397299
0.7043168057760718
0.5366491282797529
0.5383442540488026
0.7496847269499075
0.7242595778429817
0.7386928064770313
0.7558925726521475
0.9214847803994031
0.8065837689517414
0.9780478284637246
0.7799341052389701
0.8630812349229287
0.5526571525619739
0.9534335975404402
0.6097128565871851
0.9945317175900334
0.7770511228918915
0.993781866956816
0.694155651106053
0.6088759670976516
0.9433401874969436
0.9305102264812414
0.8577026380092367
0.646431601034484
0.6988903606454205
0.5082932096240229
0.8243215711245901
0.7693685353436528
0.529430245513679
0.5665149403552169
0.7957228479510837
0.6925553864594733
0.6236070314310425
0.8060426020682214
0.869223205959748
0.5533562190988326
0.6356673271497258
0.5498177447156791
0.7786398368865014
0.601567124189875
0.544904002981585
0.7224854737288151
0.5447664349863184
0.5040985972395526
0.9625340403550111
0.8970729811552688
0.6026309090388119
0.6507269340583393
0.7730841092976604
0.5931183649023517
0.9173937741437376
0.9432831778966262
0.8512677579595732
0.8833116480644208
0.7974981850859487
0.967669646939471
0.8341567266213092
0.6984034025455144
0.635884242343969
0.5032664873226358
0.6298905446470486
0.5081202938028453
0.5197836617424971
0.6035071724246143
0.754756488396843
0.6806624530786639
0.5522876784122706
0.6361357900106844
0.5466105045461956
0.831529113761014
0.593540747479455
0.7628800574568828
0.6182240505395329
0.5276558598723926
0.7565938924122175
0.8735902626629083
0.6792491788637622
0.849207143176232
0.9629245348655021
0.6538161993931354
0.9265392095123411
0.9027946161207423
0.5429000149078255
0.9411703273853447
0.7781270288444787
0.8913707765880307
0.5742252840366322
0.8962794004238666
0.8874307697711186
0.7535770082088044
0.5308219746160049
0.8666347747859857
0.7598895367175507
0.8600804069033432
0.7317580356836662
0.7576995163590213
0.5259458878507812
0.6769529173317557
0.9398259177869877
0.6193720153131892
0.8746190583107718
0.583637240975114
0.8031171353354531
0.8516450815303265
0.9177042446883561
0.7904824310450198
0.754505455462795
0.8717365990454924
0.8513931570690234
0.869208674398605
0.5370558732579935
0.687890538217441
0.9215094737476566
0.6524609203370444
0.6737755759236481
0.6522352550436741
0.7750019641701136
0.804101139025989
0.8393729380948637
0.8618472666952162
0.8972639109258476
0.9991234692226246
0.858922444521594
0.6527679018847721
0.8164789749684542
0.8610842835344847
0.696724009354424
0.5574742228681293
0.82708693949298
0.5821590023008165
0.7922006267306738
0.5641870588378186
0.86932742023874
0.9636997009479353
0.7913394079511962
0.9714985976474895
0.8479786866158083
0.7003470783306228
0.5596300194003998
0.7099474327143125
0.8954200547655085
0.7792586069160339
0.5477846909568493
0.7714261641174511
0.9235908219363912
0.7570779568312047
0.6345758737062441
0.9909821519040476
0.8469879480103472
0.7999892168007984
0.8603648995305
0.8220447462506897
0.5548004540070364
0.7972128710638565
0.6002969265363212
0.7301650413312151
0.6852653703741318
0.6947359533528131
0.5059755851046516
0.7218453998004741
0.7446819044934889
0.6566358616360788
0.9326120608118954
0.5363208526039509
0.750248443656446
0.6967685209319796
0.5701780806224032
0.7352355236780432
0.7844003447975052
0.5869558090496954
0.5407557418435673
0.7345988588578074
0.7505933505296001
0.5821056112359394
0.6811851105748774
0.5708319845733054
0.941635513157659
0.760240096277462
0.5190022826555071
0.7039217280902285
0.8679485394329636
0.600898551727346
0.5624250834209219
0.6083329373767958
0.9754356323839879
0.5857422013704483
0.6701552443774708
0.6229835504362073
0.6866515747779146
0.7749208150494007
0.9911361698921688
0.7722971117953896
0.6085720572082072
0.9726950164971089
0.9777849259495304
0.5774653075072609
0.5229544055436861
0.8751597972002003
0.6593848647577918
0.6130467046664916
0.7358513128147258
0.5652760313747739
0.9222301197679788
0.7180308722723159
0.9453367532869998
0.5154020124103957
0.9576761123823578
0.7771555858490576
0.9764150258368398
0.7567874523289848
0.9214763527430718
0.8413900038807599
0.8450412436530934
0.6850126297267887
0.5610423878060753
0.9400649287782741
0.8238604787455067
0.5121315312375874
0.8833955317778391
0.7873188001936303
0.8815120211898999
0.7223793162002465
0.6244075006440727
0.7461076877077951
0.689672232601346
0.885775845651211
0.6174787438039047
0.6845959126876047
0.5255876964640248
0.611573956764931
0.7839352414187051
0.5348242867003837
0.5470184017248556
0.7448081495570664
0.6006250539620479
0.6438002972583852
0.6468564507151047
0.9860384552553976
0.7568294145111716
0.7495194012293578
0.575885757682155
0.6783608206585363
0.5160115430015684
0.8635577282639813
0.848206615030445
0.5969808762806603
0.7440605326026707
0.7445119100591568
0.8610957194475228
0.8403655066719633
0.9527108872258279
0.8576766824900474
0.7783953509235979
0.5085185400159762
0.9193282711642521
0.6839616964780703
0.6879028101413227
0.6330998385431437
0.6556719457272908
0.5892263867463123
0.8552926761459576
0.8878894406228621
0.6757904231950509
0.5224212621153439
0.7400483126503663
0.9998935723858031
0.7833539978035038
0.6585110585359235
0.9049815184534915
0.9132809899694316
0.9803311744363561
0.6495971920277569
0.7871770674056713
0.7592237930448584
0.8223903291137177
0.6803344879705662
0.6127505380618599
0.5626483867019938
0.9377699085139377
0.5025323850061184
0.8433498320474069
0.6717242465742304
0.9281453717846138
0.5773312679000479
0.8998132444032557
0.8937314150130078
0.8095849750244787
0.5748398009360018
0.6462985424107712
0.8507817973096137
0.6468079056637102
0.8327644491287023
0.5432965134913041
0.9380166735316613
0.9016060881998926
0.8387606325699677
0.8652226163277048
0.774755514051258
0.9425528130119551
0.6724642862080528
0.7518851594320419
0.9988388774049473
0.8167964959136644
0.822169195991051
0.6950696195994857
0.7526819903151941
0.5208476231668278
0.6293211229777167
0.940707315873135
0.6570704093138762
0.9861749555031748
0.9499555515034768
0.6835423449647597
0.6570983676352169
0.9989037649301837
0.7726415739130452
0.8821436374182037
0.7743224208029041
0.6199765683172573
0.511843523393199
0.675509886185915
0.7596790946548371
0.5076993738771599
0.965148972858493
0.8128314728636251
0.5601017770062551
0.9665301527203478
0.7475960943932125
0.874042864821446
0.628837992890348
0.8302074978085792
0.9653832265771005
0.5143087298497537
0.7744359425010661
0.9583601757488259
0.7457303405994475
0.9441823517840569
0.9255988526189923
0.5781015852022531
0.5239075926264413
0.9410394021640447
0.739595809081721
0.7459496602969299
0.9294682385114297
0.6752448239467692
0.5122144550961196
0.9712110517802428
0.509137991283328
0.6460255924251899
0.7732766336732815
0.9341127849287667
0.6534961813457917
0.9159670906545058
0.9536517046647149
0.7235408210974827
0.6822793830291962
0.832861449947798
0.6422877710339912
0.6576494274064024
0.5721569263859768
0.7973252875226569
0.6509351922368893
0.8101370919408305
0.7960206089817939
0.5865166843897515
0.6363893543409107
0.7760680341211554
0.8213867888500308
0.5631801211808193
0.8385441722118614
0.7040677932520196
0.567003133089476
0.5798764019164514
0.8347655658865911
0.6091306722173413
0.7206507153290941
0.6801767096851109
0.5665014255234649
0.8051197727297101
0.7229972127149492
0.7467762886370097
0.6809511654320357
0.8964538239770627
0.7175386063566811
0.9980306754134226
0.94040583894952
0.7989785780141956
0.951607965066855
0.736182762426375
0.510143419907727
0.7407881807910744
0.8900586234232211
0.9789078041470227
0.5210159950608372
0.7973702240377156
0.5541285740406422
0.6618618134128259
0.5698226154589265
0.7083070545753412
0.5043710272117561
0.6923492091525667
0.6981391198263873
0.767524867549936
0.5004932215572147
0.5206784849067666
0.7293965690171454
0.9023016692539084
0.5859369539094733
0.7911328142049698
0.9256944191615184
0.785673349799966
0.7941203738552265
0.5428027475415083
0.5381851112013861
0.5825566705049765
0.7508359727354383
0.9667567076082701
0.5605480217402627
0.9658292366878568
0.9627858307131337
0.9820111777486888
0.6034947571188729
0.7575921924278691
0.8976524242730423
0.7843547199215595
0.8446766276126125
0.9054341933961692
0.972240117672337
0.5511326910528825
0.8211468819176865
0.7721314692777985
0.9544406819858449
0.9249115610628171
0.6228651248202701
0.6327741577729864
0.7461811818646866
0.5556573203941786
0.687314867157022
0.8392280922725655
0.9958807008477829
0.9803664120433606
0.5373343620862785
0.7900038166534752
0.8840339097752041
0.8778506222538491
0.6428164486215893
0.9682147427779078
0.5547495591864908
0.9635499010996814
0.8901495314594297
0.8526328455595398
0.8647156004912662
0.672193788886267
0.5570036305251496
0.6771620771875911
0.6740120331629104
0.644791440592455
0.7508943736693682
0.8036698750886627
0.8955971886490577
0.5660442317764482
0.7226480901449914
0.9293682088672904
0.8240995663128925
0.7970683556087352
0.5464545793426683
0.8813848374685459
0.9722806579842962
0.9253710754923252
0.801628692397181
0.5949137983944832
0.8000536720016018
0.6737309559687659
0.6290991662628136
0.9589871053380723
0.6419563614723549
0.6489410850848868
0.948554418557552
0.8222625852804066
0.5403997017086586
0.8614980687009849
0.6188560194224246
0.9707576322449233
0.6072184226194896
0.933634928591776
0.7490083526692721
0.6591661761565724
0.5978601659604652
0.6855088809467922
0.9541776021440949
0.9269116785519487
0.8681225550346336
0.5908902412418577
0.8404756604399395
0.6510314477703038
0.9181327016705076
0.5888051364968294
0.6896782107048091
0.631291797559636
0.7733027568609019
0.6727816677324604
0.5977361152464261
0.8864876427024266
0.8235910367317874
0.6113638701958575
0.7586069271609223
0.5747745639102441
0.9069058749691701
0.9702292693098449
0.708438122706875
0.510606886109384
0.5409252144530583
0.845685895975136
0.8738784054760518
0.9455426452611223
0.9004112681993407
0.8220377695700898
0.9763184582822924
0.5430343992924012
0.8688268837285382
0.7414130511693731
0.9585381788968821
0.9693366619341075
0.6987735883519288
0.5339713399027894
0.5499352692521594
0.592352785810756
0.5563069648049511
0.7801842108441299
0.5488287117041929
0.9192741987097852
0.5448110702841059
0.8632414025791592
0.5066684609807279
0.5536629879655006
0.988534915475823
0.971457305464122
0.6173404667372699
0.9992756093993023
0.9949009077464759
0.6562374998713156
0.7333736191543286
0.6290224643430586
0.6125514202593154
0.8700522854852959
0.5219917279365942
0.7326852994081257
0.7277448681937435
0.8808949891059843
0.7916257084829752
0.968311501794629
0.8060491547425074
0.7957398300514322
0.7450615343421411
0.8660635929799056
0.7236721568076554
0.7883799362633301
0.6978879090500569
0.8865583552495839
0.8376132039059792
0.5014725079975678
0.6781664848131873
0.7959815084847106
0.5082132158890662
0.8291243461039217
0.8284720126101683
0.5280360978614573
0.6964908427705001
0.5967074894575773
0.739763034756889
0.6633626220037099
0.5502975921519337
0.8404949119805005
0.7246251798362422
0.8633715120006036
0.6518352591168708
0.7830283563358216
0.6987975890353026
0.8731448779180317
0.7887641399364773
0.8412378063754797
0.8496603128719566
0.5659393304488629
0.6166756299183105
0.5405611890689594
0.8701019453169032
0.6684839078666329
0.7226322131911811
0.7129117730390511
0.6754616144567382
0.9405389296242762
0.5080925236057983
0.9332133711662638
0.839600496210706
0.9056653089096933
0.7332945703348385
0.5278075612056534
0.536037305521156
0.7999733260314474
0.6887735489559603
0.9234762845002868
0.5766271529605962
0.9377828390863118
0.6567623327316827
0.5582806022220728
0.545144846569875
0.5729546654702243
0.8072868914910778
0.5122535528097525
0.814549188697312
0.7906502008439306
0.648291395207121
0.853632564076144
0.8680678799186421
0.6664628871219345
0.666914750908025
0.9373771981743995
0.8782907057145164
0.5166046011967753
0.5865385719399965
0.547165777931578
0.6058312570221389
0.769609056662688
0.9980444019249626
0.9098019643297177
0.5092113020214184
0.9471087987363627
0.6247126984757866
0.5742423601735354
0.5136866338517094
0.9294203734850323
0.7141111365360424
0.9476160075816866
0.9655611823367299
0.6245621613860884
0.9426648616298772
0.7835734844775346
0.9023634269388254
0.7140028454626853
0.734794800987208
0.7341009911834564
0.938969893808328
0.7001197162907513
0.6169438066277486
0.5653117404670882
0.6812873252137293
0.511979742263261
0.6149918160612431
0.6245136568524351
0.5246981973405587
0.6358528400430183
0.5552355532752886
0.6248843001778309
0.7697347675656443
0.7105649461191277
0.6917045638563241
0.6423116471827428
0.7335671821451614
0.8723245807329997
0.6426248773961352
0.619210104799909
0.5867372173553704
0.6183993774060201
0.7276571677038756
0.9213960650814953
0.8256295580108299
0.7264816052334407
0.710658076832593
0.6879570392383365
0.6769353365939934
0.5220977225793512
0.6233456959959722
0.5806044395840408
0.5556475555311473
0.6754926360825704
0.6007710310554135
0.9220268750643685
0.5628360796485016
0.7376418946495136
0.5117389386577742
0.836424896974317
0.5834643066588994
0.9250102811035851
0.6602867049938808
0.6622855333013318
0.70451656062998
0.986698881642372
0.5303842433878593
0.7089960683026131
0.691984975014406
0.6409754580802567
0.9578954437325828
0.8118123892460956
0.8328070342609746
0.522945319611869
0.9780716546577921
0.8165545689233233
0.654605963768826
0.5243935513010508
0.5957463126219422
0.840007311812338
0.7559510880499547
0.8007930737435813
0.7228149555175546
0.7396875851979796
0.5700456461522451
0.7033827351776851
0.6869363682026854
0.7745890341458543
0.8835343187628495
0.9080136416361745
0.9002588889590507
0.7828045851746753
0.9897608817236877
0.9085463611599891
0.95968163003164
0.6653866386158325
0.5303001248935698
0.7374607887876039
0.6209661442891625
0.5037238017467786
0.9176708494781058
0.6571015260684971
0.6886374134164241
0.9197891245095893
0.7525790649110684
0.845488857675619
0.6456797561386107
0.9494896870793583
0.9567019065437197
0.7346786443686929
0.7952569079658073
0.877808230671368
0.5435210628001068
0.5932541280863262
0.5848466101085833
0.6385131294681993
0.6771871494488251
0.8215190373765546
0.8561779290880394
0.8330603759371199
0.8276931044786975
0.8316662460488686
0.5514417754140388
0.8928785018377439
0.547656752155198
0.6134697665926041
0.728918139933564
0.8269827707622359
0.8433279051980187
0.8927081774126913
0.5520669719013092
0.9471632555080394
0.7673905033755488
0.541146131610596
0.5418733303551668
0.871798940921241
0.5759976227388608
0.7517723396467291
0.7146811724583271
0.626872842922928
0.6644234899355188
0.6449554764867568
0.8343626060431356
0.6529858324243206
0.9203801471603293
0.6162308517469646
0.8104308366570723
0.9668060402887809
0.5418124189881974
0.516491719124142
0.6104228342894772
0.5763508828221431
0.9372979976697519
0.9306572068076893
0.6953633247815549
0.9869631066197821
0.8724753871883175
0.9990361415790343
0.6302383538052667
0.5634207977030119
0.6131197803877877
0.8377089349927342
0.6231064733700409
0.9818293526842619
0.9099845274048595
0.7418574649639207
0.5914607924170111
0.9731156618086868
0.7880011152281702
0.5083325244511541
0.5833296411820015
0.8422565186010952
0.9192504109160264
0.8370519552914037
0.5974751808578106
0.5147503986434709
0.6820453872138539
0.8884308016093224
0.9772721485895335
0.6628992660360014
0.7120191959268451
0.7459050876789982
0.6625031701814761
0.7540444989064173
0.8040313950656197
0.5244065366860102
0.8748217711188743
0.6216229168614387
0.8290394019559963
0.8984715668538967
0.5604271076810532
0.5312358407252351
0.7497791931979476
0.8415776646207342
0.7539297860739422
0.6245252468196654
0.6856227409528669
0.7277529957244396
0.7468864156613833
0.7056029402507986
0.6478828653617099
0.7017622384081423
0.9154117958718986
0.6207910407570604
0.5151580476744102
0.8903631171312553
0.894071419768209
0.8340930267230082
0.9714258314830508
0.9350365042518154
0.8001167979279422
0.5300965999276009
0.9951250250297239
0.9467229552246113
0.8316030859297967
0.8964384651320081
0.8140975407881554
0.5922248351153172
0.5862839585233577
0.9722720803438154
0.7253002860220479
0.6668746830303436
0.6057089650135857
0.9789694438400578
0.8698522870851335
0.8693452866802602
0.5260753093995963
0.5272376536568435
0.7024294198829222
0.9116774258081917
0.81737487326954
0.8164569416906229
0.7460514824828697
0.53273392758203
0.7193008469861795
0.8267888211287833
0.8243764338426547
0.7389123358475884
0.8713283878211904
0.7092506868792622
0.8568435077508146
0.874135365247332
0.9049626008980938
0.6238474884065982
0.8682907681862044
0.5951756636028447
0.846973024602984
0.7449057486773509
0.6586983546457905
0.8794850458489871
0.8014569112945981
0.5870258931529573
0.7563012998567221
0.9565191084466316
0.9448167419798912
0.6020421863954343
0.9242720755100009
0.5948967357961903
0.5290773761497178
0.7102022901364137
0.5938852552212952
0.5646938974701187
0.6966660850117097
0.9594917098357111
0.9499454846405966
0.9164327540400016
0.9787732792024728
0.6132668126665793
0.7823088717166189
0.8569530258675699
0.6554355434773409
0.7696134284943958
0.7842702879508512
0.8499338694479895
0.6610649023822868
0.5046936097222995
0.542415510880266
0.9539450945008889
0.6032726763705918
0.5756170554757192
0.6640466241787886
0.6208776962230922
0.9710740716668995
0.7665364218868367
0.5133171219897734
0.8190421852638314
0.9234885557181665
0.9638074923846873
0.8857904062969986
0.7351041606427204
0.9888402910128506
0.7238274608851949
0.5715541010795802
0.9475777558427647
0.6787870648041296
0.967095245136486
0.63833151274801
0.7131948832792729
0.5352454764942638
0.6484998491773366
0.5247305100150339
0.7496940126252272
0.7340185302879874
0.5090729108232848
0.8415717220769574
0.7673992931922882
0.7427560252777833
0.9704833200254324
0.7194675463906259
0.940067009908031
0.6460444913275887
0.9576056726152189
0.93478995411727
0.9179084717959944
0.5732598421178867
0.9876411543866668
0.8172922444372803
0.9098290218090589
0.6668026843142603
0.888063749134896
0.9085737776453277
0.7435517580715658
0.5306990716125937
0.7575485840926115
0.5330403490547686
0.632094040366671
0.8493326351251762
0.7102294965992018
0.8317925855148042
0.6449163336995365
0.7968969679799826
0.7742622275502333
0.8798507952971266
0.5433822385250626
0.940922643315494
0.7489077177818535
0.5401468103996555
0.9418422261152177
0.8231195481500398
0.5652998364673171
0.9685640311463461
0.6067103101778317
0.8136668746635713
0.517680102650145
0.8875610346378033
0.9249186743208657
0.5452995153643068
0.7876458989868269
0.6123618617350892
0.6481146919643563
0.9241916449910863
0.864604601488917
0.9453624831316263
0.6994404153629847
0.8274191591543194
0.7888575387798513
0.7943610171684474
0.6718112420750274
0.5814652328615743
0.8159008331814481
0.8216755342549207
0.791791618257369
0.5851726817931215
0.6796149902298168
0.9282215073655055
0.9752205907314582
0.933560886756268
0.5285336331730209
0.757673572429902
0.5765424387860565
0.6810226305776854
0.9230663508054928
0.6689605332578562
0.8586280295625343
0.7004978611563057
0.9278189906315149
0.8524598815648705
0.7898494707379391
0.672645169102195
0.6313533356139966
0.6569825050540573
0.8281378828598878
0.6032587101107854
0.886542657342692
0.8081175241380758
0.734077955161616
0.5383817684801173
0.5487512299827932
0.7361747030282975
0.9724265305572423
0.8123796168045094
0.8235156500346912
0.9878882864221398
0.5470638833849677
0.5892853377581948
0.7747746256112948
0.5872811091044428
0.9363422192850179
0.5795775473341718
0.7720343173436579
0.9503348435161021
0.5084144327955663
0.9760023741924916
0.5760520494290942
0.8499274622754864
0.7919249815182939
0.8082368523996338
0.5861645791105414
0.8645683470610057
0.9930820819788727
0.6489631354708516
0.8672424669752934
0.6454994342869815
0.8856776596395791
0.7841656917780524
0.9419935587535485
0.5464150557813376
0.8528978524875206
0.5668701655072678
0.5613503766231429
0.9200082866836496
0.6576664524892601
0.9133317553695739
0.9269568355253349
0.8248747738931099
0.8609526892896089
0.8633692999056646
0.7752280712251298
0.6234225057904373
0.7382021407870647
0.7695080869191957
0.5673265141535766
0.5705279902544834
0.5939980050189564
0.901164329956964
0.6040138354223639
0.9504507707807491
0.7632175923145793
0.6668705279110363
0.879285686940799
0.598887953206831
0.6599255324887511
0.5254800453896498
0.941378716640171
0.6856903016880381
0.5094826699890391
0.5204250134844779
0.8960528412030117
0.5820102433130869
0.9288235569792972
0.9812372790855908
0.7407197771652382
0.7030559369129099
0.9079254037376447
0.8602791919367923
0.5003540538081659
0.5499297605422281
0.8153982227744729
0.8437169244549843
0.786926839558604
0.5655432074864057
0.9237419958666567
0.8290576248556782
0.843415100820573
0.9390075427505802
0.7181295042127115
0.773468431840358
0.5438726822659664
0.6719257239915648
0.8960952204555743
0.8064441838841403
0.7818415620579955
0.9104603736392423
0.7605577257896433
0.7306540209919945
0.999504484033883
0.5978428687688699
0.826476437733467
0.7498179015089304
0.5140016906428029
0.6846284351225382
0.9210225281304334
0.7381712750692071
0.9135020421158058
0.5528797022037827
0.6622305625371471
0.9234848907467718
0.8228500097074032
0.5389924359837104
0.7324760107143762
0.7199099445473827
0.9841452070020982
0.7153440160368563
0.7461472174954061
0.8241117677913931
0.9840143697261237
0.9778225528720172
0.7176624253597786
0.9749102178131268
0.6632933465441426
0.7583516103536673
0.7243525994146089
0.8279984362529613
0.9197930352471393
0.6657307459431698
0.8190472883762545
0.7760564982746091
0.9871697153395165
0.6650848933295557
0.79985215226583
0.7006315817278593
0.7164601560934657
0.6135409013598765
0.7872154389773764
0.7751836316979652
0.5446019348549922
0.6514575396644177
0.810653307901609
0.7888498312743357
0.5574798165801369
0.6887967003656144
0.8823332088500241
0.9214426454133599
0.5470093337529409
0.6109619445145213
0.676314115366692
0.9488864494152713
0.6150130281586995
0.8146487723972077
0.9262789567624139
0.5201872252782971
0.5278722393633803
0.7747346994072424
0.9995718722090848
0.9844763796371151
0.7720825151055639
0.6879835254074127
0.621492597519954
0.9591174601669676
0.534835559680706
0.9613709410641684
0.6787999773296143
0.7418032927565597
0.5783553714784491
0.5401965601031872
0.6928665715232409
0.7947333119158158
0.7173224946785978
0.9506285058852344
0.6731719075197103
0.8110928657799452
0.5994537345878295
0.7146354805312773
0.9715683512317047
0.7509277175382225
0.5313335080868348
0.767146396430388
0.7011739173272606
0.7041648429902119
0.5287879583976209
0.7504821807632467
0.8232037192592006
0.6054860704629115
0.7740806884696954
0.7173936122790499
0.7522493214213379
0.9169502241323872
0.6835853813397316
0.8166958072899124
0.7042927577411127
0.6055635942490243
0.5985860332305333
0.726003736557856
0.7144403077601174
0.812668268928851
0.9017627249547056
0.5850342056557332
0.7289685625941802
0.6332000368294135
0.748840898806643
0.9468692367700922
0.5184419644168672
0.9064205593214143
0.5819758677733066
0.6277054738071047
0.640962293025087
0.5336832241033992
0.5049482538457665
0.7017095659346655
0.8366969416790966
0.5577317214901645
0.8033869995969873
0.5750038647077158
0.7455611155249432
0.9334763328687901
0.9239392981949697
0.7818939967506056
0.50816136492734
0.7441100906803337
0.6777186078745582
0.5308394176992443
0.5424199141366601
0.611446822186871
0.9974796411506579
0.5101743761959273
0.8460714259499222
0.6621667265696047
0.607538854011481
0.8045800912536046
0.8997140587566315
0.9354667296776205
0.8424280688264925
0.9305051927368209
0.5056717297548229
0.8818268201073711
0.6771595482417014
0.8758533117102081
0.922849736339999
0.6014234223884678
0.501459905911334
0.5452785526317456
0.9416412371781202
0.6307961717323235
0.7286408482410374
0.569090153613109
0.5212409529039816
0.9071879756734438
0.9467496014359262
0.7759081653086124
0.7636956124733489
0.7874499093751794
0.8334204326290661
0.9816097246325015
0.6433711025910497
0.8676800976480983
0.7437801491623808
0.5203217072463953
0.6959046585346875
0.7613973452741398
0.656175730173474
0.5312335501202666
0.5158140674086145
0.6349909837802034
0.5867315167287022
0.7272451750611149
0.9567615742033851
0.8513646073757026
0.915290554004301
0.9244184184540739
0.5754148169224764
0.9396196229362845
0.5569402035155419
0.770534184985856
0.982098680596728
0.5885863135501048
0.7839899495281901
0.7454462181162698
0.9268239989475036
0.5845758704687984
0.892992307776738
0.5821419617889649
0.9747787703332891
0.6868443965593828
0.9403215866425887
0.8896108742400668
0.9886871089061198
0.6468437775560563
0.5384739870013389
0.9438317224019335
0.7467741209846316
0.7879182816722157
0.6771527133102617
0.586444677733875
0.8340418394853342
0.870037396454505
0.5112770663701445
0.7098005211616696
0.6615699691030741
0.8848119678963865
0.7627968861207532
0.8574891427262643
0.5529141119578593
0.516624528406316
0.9762450797627469
0.943583188129252
0.7580576446209256
0.8223675580617755
0.5141104390257776
0.5746705104663642
0.5374332409661957
0.7314004338910985
0.9348522065511715
0.7545900657002511
0.525296563114813
0.9656004181627251
0.9562319898964091
0.825814307185087
0.6042942649099128
0.6787735976111842
0.9853282323776384
0.5625412512510584
0.5607450526476888
0.71045410896797
0.843592458821372
0.8420035420641837
0.5437889226834125
0.6579164208811917
0.5485426286744415
0.6178881962494833
0.9330645847805907
0.857634637857424
0.9896281413080105
0.8624444910940563
0.9141248854474482
0.9330997016133307
0.7752744643185636
0.7426547560418999
0.6599754565642917
0.9466213840235347
0.8946186113519508
0.7911335360904448
0.7352796792796825
0.8972716581845217
0.5115046539413554
0.7990072000633289
0.5390193844850171
0.6477528037492127
0.8126003697931046
0.599474919259292
0.9162847748430363
0.5261595558096408
0.5330532215132464
0.809279407714
0.5664659322835159
0.976797428625791
0.9835185406368555
0.5388781431150709
0.7229664831839313
0.9034900281521718
0.7041996885062696
0.604166449921478
0.5698376563083067
0.6423298240193112
0.5044956960775185
0.6650452483333412
0.8147050222430023
0.8195098373399026
0.9896608933015039
0.9088958048225618
0.5357694182341335
0.7168182072444345
0.8541743682490547
0.9755260967201764
0.6610748530917065
0.9129190809832266
0.6901536605798608
0.8797773013264186
0.7241642505320376
0.7692640186011913
0.7286236674191364
0.6153185670643614
0.7329426014913494
0.6135415763601773
0.5990119825774458
0.7525586409050851
0.6046160496552178
0.7981594472555866
0.901337498462852
0.5149120509869372
0.9072129753518157
0.5983595717886039
0.7194129236547435
0.8116317719120886
0.5765646803490738
0.7293484027127535
0.7557536779177667
0.6015310349287382
0.6502782121755155
0.7449094603084454
0.8567410775621387
0.6636650492332765
0.8162989930334215
0.7093322580909868
0.5882871341359552
0.79074005947958
0.7055315818049155
0.7650882723419972
0.9678453707015846
0.8671535908729782
0.5072132971558379
0.7172960396853082
0.8026060300481533
0.776546516624117
0.717009347255811
0.8259015218291212
0.5652996382917965
0.8498049576813701
0.6121647946970904
0.5225362440918453
0.5274132422592058
0.6464945290768144
0.8093001210795934
0.8496700804866634
0.6948387935020475
0.8105026299902638
0.9558264583683949
0.7015995943330149
0.9804715969431634
0.6958018176314553
0.8370449738484513
0.7267450014711709
0.7200943868872629
0.5631518715452537
0.7478936180897855
0.7799356373788477
0.5837896667295025
0.9092319696878439
0.7232896073592635
0.9418271257139851
0.5536313761181381
0.817372231932416
0.6088505660526377
0.9308979889937823
0.8211818646980302
0.9863899251909483
0.5797128104111071
0.9203785604402509
0.5057592365686283
0.6132868723315106
0.7188923591742808
0.9902855210537458
0.736517916587239
0.6135531368477474
0.930408947539355
0.7265847105741852
0.5867543419956112
0.9729652059090598
0.838430997948796
0.7012816604282673
0.8272398149998974
0.5843232570994323
0.5800377337470968
0.8723177490014187
0.6775304059820894
0.6617076933336028
0.8667103528918132
0.8395840160666141
0.831173984665062
0.8121847363978223
0.7205868620067015
0.8740792531917749
0.8250294374461491
0.9588505229837972
0.9109486985540011
0.8870001687498994
0.6789051416326171
0.9797874882883046
0.8396962461575361
0.6536333040489186
0.7372593843891595
0.7443335543195627
0.7944981910864756
0.6395832282305015
0.5684395874086279
0.5223323777742577
0.6783057126803902
0.9487174897264347
0.6470253230756278
0.587228592777784
0.8341972975704626
0.5521262236193204
0.8311092904770647
0.8676687131669727
0.8288570992397176
0.6659233620573333
0.7080410401090926
0.7198333071494951
0.5861101159716993
0.7825128609441452
0.7657041715404456
0.8589032941921526
0.6120580061520327
0.7509520084427033
0.7625172682571646
0.8935149514001677
0.5693423496094818
0.6388853301803437
0.7190211208642789
0.5377874971302357
0.7310058123312342
0.7140801604935271
0.749872440062524
0.6099711696513828
0.931454691152543
0.549393881408262
0.5680442741479459
0.6578625317382328
0.5322932606019792
0.7915569022273796
0.5857058930534721
0.9465833001330494
0.5107323527327029
0.6071569314529264
0.768351757847116
0.8646932094540685
0.6395874864873297
0.6479374265398801
0.6772031320292247
0.9988112019078709
0.8874296963662517
0.5100844564576382
0.9146923331795149
0.7122755146610653
0.6779879563476625
0.8240274599083812
0.8417578756734693
0.7581822493205117
0.5981035665208212
0.9350181892878202
0.5720202337680935
0.8168689034250904
0.6676760208303671
0.8974435646581894
0.6873366359632984
0.5404520524723477
0.6013864588522331
0.9322640068957477
0.5729537109848107
0.5522107217670073
0.707447766212421
0.6924358109792275
0.7826921809929108
0.7671464849847875
0.5970643902127704
0.9243790954978092
0.8562497224974965
0.830011364584597
0.8031474834545557
0.7306875083719456
0.826061889646962
0.6872350769994456
0.554335318048957
0.6772188604513705
0.8452677944971916
0.7192132188933824
0.8713351897390231
0.6799668109419653
0.5691100997965786
0.6967963014005365
0.6862257998504564
0.5363463314598085
0.6373780458841984
0.9348519483920867
0.6713636577436367
0.7837176720954186
0.9751119847807327
0.6555056071577734
0.9766301030494311
0.7439189132240542
0.6028510792530402
0.8606620758662908
0.7975607688910265
0.8330560950483906
0.6354709058370442
0.6777462788523605
0.8073923274797116
0.8507861982768611
0.728712592868808
0.8882791317215504
0.8528252402360923
0.5229188970419082
0.5927815248232758
0.7096067355330056
0.9430954981838391
0.6497492518851447
0.878980394683378
0.9552058456528716
0.8501561666109154
0.7936576008793561
0.7186169361408405
0.6916394263367116
0.7994334321977696
0.9473649558709603
0.5538495551787254
0.751055902179934
0.5591714448180853
0.8904460561508799
0.5045509230630453
0.9900065783960951
0.8891182535082188
0.7870799405012878
0.7480094220579168
0.8312545857513454
0.8623885163707787
0.7433216924841177
0.6401702316025653
0.8442476379397224
0.58321011124531
0.8854357701831309
0.8493728861044578
0.5626273421624466
0.5461866826276195
0.6538306841780193
0.8195273980336075
0.7311052400344545
0.9576642368473658
0.7172249585369409
0.6960909308112349
0.8919917526046623
0.7427786318706653
0.7448527786583276
0.5566268120356554
0.8731267879383868
0.852719365910892
0.9035557011016516
0.9241017837921657
0.6669644985853505
0.5624817177367305
0.6307414981772432
0.9360868768694279
0.6124423978987044
0.6018191023815558
0.8382651261242906
0.742876700473363
0.9825948730366623
0.7942113097841129
0.8420176421560117
0.7174929319639864
0.9805096619564722
0.5888520172146565
0.7948886873134221
0.8237217018597842
0.8247742054982148
0.851442821041126
0.7735139726212322
0.516058809118185
0.5599513402038384
0.6266188702156634
0.9803210724579153
0.6921101765125046
0.5027022376825947
0.8185870221672109
0.7878138194296542
0.9211699097918685
0.6269014099100818
0.6596396693475706
0.5368920534726468
0.8715589575831573
0.6677912041104435
0.9694273171362107
0.9944270985743777
0.8941658512047967
0.6135549608613051
0.6695846775029887
0.8420171342182092
0.6087353007385906
0.9669581635937294
0.8652571811817485
0.9445483762509308
0.9199585951752602
0.6467030697834483
0.9237388065918277
0.5011326339886644
0.5380135528739547
0.5961349184875051
0.7463311892191584
0.9888187913553605
0.6911285193737629
0.6473888912583343
0.6933484500555465
0.818788393488364
0.7306157745408155
0.8573082858216434
0.7950786820448423
0.737296561819624
0.5581470956401743
0.6238451226504995
0.5790407999877758
0.6321402320458935
0.526434055956696
0.6346688659890645
0.8144098692969186
0.8100152611764794
0.6440637115571275
0.8505714101141808
0.5999471565687732
0.5491187731977453
0.9902559629744491
0.9137594188576552
0.9127927664300737
0.5480254740625464
0.724747473979571
0.6422009120965402
0.7023253089902709
0.5198214038614996
0.8919554361292497
0.5563463040429563
0.7154414646440741
0.8481499588355188
0.8793128704681012
0.9925504812084037
0.6082164827517041
0.8204436892902807
0.8208591058110646
0.8447462657879271
0.7025668047535417
0.9757292890248843
0.5602483178831451
0.8408042693249538
0.5101634986885297
0.9171773217539619
0.8092055553207922
0.8168902348114901
0.8875241524212163
0.7238212048368222
0.8380159379994522
0.66624195694753
0.6213534837011514
0.5080671713117109
0.7411319586531515
0.6781031935755132
0.6260928661014917
0.7978709440906502
0.8716341685674602
0.8032786253595577
0.5368335154873471
0.9115908251539131
0.8729816274091458
0.557063282060129
0.5571995748106787
0.7928424210421249
0.7959928288031044
0.8800655415414018
0.5823282119294759
0.8455887442275578
0.7433210653483396
0.6435600380599196
0.7401593802810833
0.9394171965233278
0.785783417453653
0.8089233665611661
0.667028948352869
0.7962362540905938
0.9441319273494275
0.9074080821023739
0.8005249693555054
0.690646237605073
0.7647148516850373
0.8534805477138814
0.8669660610752223
0.5742999008988553
0.7634372645463078
0.6157197999008233
0.5113345624185557
0.5571337170721469
0.9802851543377868
0.9471652745322265
0.6148371049351711
0.8486203557753393
0.7040605498866581
0.5919720664691979
0.5412926299707836
0.785943193871695
0.706569058086445
0.994119908590728
0.973745099836943
0.8565320808765631
0.5017404848125591
0.566641407218594
0.9829911619291938
0.6998758619053971
0.7896339573872942
0.9977691951452903
0.5617761943200386
0.7689067245800263
0.8016179426095417
0.7747468410194087
0.7436697864827625
0.7890412926092855
0.7550085707838987
0.7470683727335962
0.8456488820032826
0.5144564275643232
0.6938797522033797
0.7028088158738905
0.6994758339603533
0.8951554055717288
0.9225802333840787
0.5100603871643775
0.7022810463269764
0.943011525779019
0.5429890688026475
0.6268133546573695
0.7992533326427078
0.9658050648416229
0.6981964536951772
0.8350774095020324
0.7413148442712014
0.7914985496513026
0.5993497018616536
0.8570192545154567
0.9245903954494681
0.6741870327525034
0.7657294491978
0.7027535948890458
0.9588439600427061
0.7952870684365356
0.7644026360100658
0.6433486707080689
0.8061253940515676
0.5345440490938997
0.5416954586802178
0.8452661315656027
0.7733578660456154
0.8386776508374683
0.9748823548388896
0.7544926607611153
0.7493397523311116
0.6379901179722733
0.5965522162510131
0.9885508825765024
0.5896767552374937
0.5526683055405572
0.5692107423355601
0.912866226500761
0.7062631248179623
0.8655242163702062
0.6058908669539964
0.9307266577176487
0.8893850017708206
0.9448567823054287
0.95739151162927
0.8891709170205471
0.9822917556126507
0.5133682742548002
0.8312582381578442
0.9605448398064568
0.9405182322962757
0.749262353343146
0.5784507087301576
0.8975528650131361
0.5355710725742056
0.521350836671462
0.8253309429453564
0.7080208171836663
0.5634127900957708
0.7067810536383308
0.6445597346828298
0.620271222291718
0.8932450450374962
0.5242273483805784
0.8738104471787217
0.5943256669286341
0.8360641514749506
0.7814644774835939
0.6724510715401564
0.7583186770274493
0.5749925099764805
0.8103021787662974
0.9975333250542985
0.6990016419267853
0.5549951180995709
0.9468512894850152
0.5209071675865478
0.7170870191039188
0.6900477574324986
0.549932589642783
0.5219912727537173
0.8882363959687469
0.6608960409011034
0.6282278907801444
0.6685840489674505
0.9759143312958583
0.8965175264816092
0.6602772921947158
0.6185904162295686
0.8537730181766192
0.8177098699079645
0.9662445901323444
0.7527683012205524
0.5739740483682858
0.8840056990708252
0.6355259891814742
0.5842360360632464
0.5218794204255877
0.751913070714036
0.6097207895401915
0.8400695118453427
0.8585282958930514
0.5547820925694034
0.5305595295601624
0.7649612838378936
0.8614096281908019
0.8096191107873875
0.523240920873453
0.880065137821636
0.7099128979371203
0.5903296873621532
0.6293453230767294
0.7038561058654301
0.7223749759127143
0.6434414945532758
0.5845387785416138
0.6658139576250709
0.8169640555731792
0.6195754038344646
0.8936896832760239
0.6658028181433789
0.7134494534463205
0.7020430607448109
0.5852107154238382
0.600855857426952
0.5965411610339859
0.9812754207834078
0.8055144554860867
0.5923828287983073
0.8483781996665967
0.5960869791884951
0.726847158151353
0.6801271285741153
0.752220178193662
0.6502249106518072
0.8813706767213014
0.8967520770254536
0.7493699842169705
0.8919203028532694
0.9175666411255958
0.565507483889209
0.9562416020923643
0.9113708288731035
0.9131837746139098
0.7516724157620374
0.9452882344381194
0.9271289927443296
0.6655117533807665
0.5576255517203379
0.7158715197066996
0.7604448947911624
0.6833032378654025
0.8258036507755204
0.8494213419787121
0.9754275614672183
0.9304158544342017
0.758472753565751
0.6798907719730886
0.9484888941645071
0.5573088634638284
0.5864129840168733
0.817199965523018
0.9221478456484913
0.5832000569312081
0.7987507494796254
0.7013763936993496
0.8997402003046364
0.9941079675143257
0.8412847792964182
0.6166470186948473
0.9442676208245722
0.5295544504382288
0.9511706301986971
0.5260763071447525
0.8153478221237669
0.5400308032726462
0.6851932607168976
0.5009542682009961
0.8372555024391486
0.9912692655408613
0.8900684133375604
0.5050182372916303
0.5016784956439815
0.6206932744934929
0.5601560718321534
0.7305891467547989
0.645218755650917
0.5874824597271606
0.6537656090201378
0.8886200352515738
0.6311587649335068
0.571429425231889
0.9161042101846142
0.9515589720646334
0.8109014839131579
0.7948965463407531
0.7332344022694873
0.9489810471078395
0.8125753333290591
0.8271217569059959
0.8026704360867185
0.8852262697197049
0.7238869336857514
0.9858514421132214
0.9797778566502232
0.7040503845874347
0.8857329328746062
0.986690277413391
0.9453083176486825
0.6896030259459158
0.8367923297348545
0.6699625348296301
0.970651472116823
0.9445117110850259
0.6105209341195174
0.582939143187559
0.6838654257337691
0.5405686082906285
0.998203695152476
0.6190235450273298
0.764475997197107
0.6185826556087977
0.9222534868542891
0.9821019275205873
0.6554998677416604
0.5760148662034573
0.7715324844200164
0.5098825914680667
0.5108514125019876
0.8264456746508544
0.9240305615036668
0.8791361990264033
0.6276596649488781
0.7943216151790259
0.6619514228236604
0.9511355885556851
0.9231761218821215
0.8171235429641146
0.7147454478617856
0.5630780309851322
0.8882463476960591
0.7772806868371801
0.56939536387467
0.6578301192847247
0.7778739259705838
0.7834685692178656
0.6458519615382826
0.5381310982282297
0.8109156157882893
0.9689225773061262
0.5705581839395819
0.8048337550832746
0.9993917591209143
0.900392543090595
0.6265449982663653
0.5762431188376862
0.8332974365488488
0.9722063144015709
0.9020287138775119
0.8609584420375131
0.9225394130363569
0.5482525569263677
0.9327477360381563
0.862952220439651
0.7132468722466108
0.7802812304138482
0.7980445921130247
0.7409087662607892
0.7419354290009064
0.8066794353693816
0.9726463175512365
0.968796844345817
0.9961010441762277
0.9759548582212954
0.8664017983373484
0.6128817805412505
0.7482557868544976
0.8571695911160592
0.5963712112716948
0.7320647875471695
0.8581054582757414
0.9712863614179426
0.6699628410989349
0.8240184254148497
0.6405228545464763
0.9973079292549021
0.6395693601531249
0.9135903929430698
0.9353778591268922
0.580512331768573
0.6743309035922265
0.6087813240465703
0.8549075125692367
0.6710836332903864
0.5959319238366996
0.659988546041119
0.6533656650146461
0.7580745705081602
0.7512488786432099
0.5542500207672421
0.7576380781993745
0.9191477223370383
0.8863749617794698
0.82479745592607
0.9436263519689423
0.7839061275104964
0.7377228886113671
0.7086963385411594
0.9563647065797198
0.5864568531932265
0.9688096159132804
0.8904515560804656
0.519076153900395
0.9244401921015941
0.8649067334770444
0.9003590009828065
0.8791097878654661
0.5545159159108934
0.7157789188624983
0.8061312934807522
0.8745623227885039
0.833716277682437
0.6222883562950706
0.6011297691460362
0.9426999701731411
0.8043464966624706
0.5209363918611626
0.6068413543633722
0.9030153428365859
0.9309138928150863
0.5070123839429
0.6164592653212712
0.9781847271037454
0.8773559166299546
0.6182391515899516
0.5609185303779753
0.8549575381611874
0.5504572765607834
0.9681482881753369
0.9065587724613812
0.8332468757741438
0.98746941287196
0.9959684264719026
0.7435556000605807
0.6243356349863165
0.7290648836400286
0.5466936615506108
0.7939748208637667
0.8985673197143432
0.5429668409422194
0.7784969019240717
0.8222616414915778
0.528778707968755
0.5964041583607707
0.7304114913174324
0.9492246286422595
0.6762386899005302
0.6405726559278881
0.9397014114091864
0.7585610846624339
0.634139662478821
0.917277179510745
0.6670575112236448
0.8198820860841036
0.7880141782407469
0.9709621069023313
0.5656191128037493
0.6568482010266251
0.8722246764242815
0.9741968814626003
0.8419304227435547
0.7032666487417041
0.7076489267267234
0.5412738940161321
0.9935416003982538
0.6985924001748887
0.9191309984186339
0.9184181387082175
0.530723211853626
0.5920880470351959
0.587942738601037
0.7376495107607033
0.7205422224793555
0.5361890821434595
0.5451525230312158
0.7450204230937088
0.9485691732656121
0.6021222203007078
0.9106725837127385
0.6638013091528372
0.9623211573128383
0.5139035286220186
0.5085095290603658
0.9141655632944572
0.5358572784837812
0.8967941847802046
0.8216565500307238
0.9627454274568852
0.6801344002408523
0.8691520742400025
0.76599949714167
0.7434737271671209
0.622941156258123
0.6466015708162249
0.754374049999972
0.930337551914344
0.9680433340164066
0.8465219348307965
0.7546883275104093
0.9194505745085308
0.9654352844711321
0.9607200780222058
0.6821833631220169
0.5062577024664747
0.6756003778613202
0.5230025233635955
0.696885314093622
0.9483473678681649
0.5587554968028334
0.8080624625983822
0.5176258845811481
0.9228619712329476
0.7843786514263889
0.78614852200186
0.5840696438358446
0.9237604867682672
0.7165621934117676
0.5458583804809132
0.6086582888348364
0.7208917614017621
0.8634926834738469
0.7047201277786529
0.5341116162528188
0.8845954381592385
0.548689931751937
0.5250515333597934
0.5454279896095999
0.7687486257934564
0.8132521256579899
0.6115706924877993
0.8261836617522589
0.7883216215235443
0.9670855862788006
0.639988752663438
0.5499872068003943
0.5239825890827422
0.9455547409734062
0.568457453912993
0.9387031104139225
0.7398227050378181
0.6792545458139965
0.8320211804193096
0.8777053458193207
0.7264868375979081
0.886307182527903
0.9451012479002574
0.9759554373589314
0.7302116004188058
0.7407215601203085
0.9242187965983937
0.7032836493501002
0.6766847332412338
0.7420952670349803
0.9104676062073787
0.8528983069160144
0.8438904806838671
0.5270625801329872
0.6989742740256386
0.9875821100767506
0.8246832532667163
0.8780299891282248
0.9464189282271529
0.8825756812810208
0.9891162884386867
0.7462012583855442
0.5576487336279479
0.6935491586589067
0.8044927212404711
0.8354108352055765
0.887285036739237
0.9583461728974004
0.7632026207457515
0.6338014620980408
0.7738064634864444
0.9593650483130578
0.8170991926815461
0.6817725760200867
0.8840428494387356
0.9651456148004596
0.6195115386080676
0.7156506602933903
0.8895215713395832
0.6424763158531761
0.92627863073467
0.6618366523425443
0.6917403566757178
0.527636116514794
0.5333658608469047
0.9672182523681032
0.9953696659212667
0.8139815605086009
0.771992320544956
0.539561618224914
0.750636938319821
0.7580438007450034
0.9342254337208218
0.877485297634809
0.8651149332420776
0.7338780728160631
0.9884208042879399
0.8345934365458509
0.6866402699254532
0.6719740844731129
0.5810200094634597
0.5970065062121667
0.8413382343445932
0.8174401377305646
0.681575277536246
0.8667586772227175
0.8447020810454707
0.8443236612358302
0.5405704062911041
0.6985996435024534
0.9565084124774469
0.6754523582227777
0.5943556021239108
0.5152653695937572
0.7342687760728683
0.9295117166089328
0.6263144516418139
0.7709237371143183
0.9906549989891207
0.8693997572004839
0.6550926019559706
0.6438608123176596
0.7148649173162299
0.7195813952124275
0.6976737674179985
0.7508948791661973
0.8872663376435248
0.6974771312984744
0.5143510967204521
0.8719435390246517
0.7059249134252066
0.6015905937650764
0.6924442841405337
0.7924932897029369
0.6383782186170782
0.6560533713761887
0.6370294649715804
0.9028360161048432
0.7739872687601701
0.7679613922942315
0.8999159028516281
0.545551107927129
0.5741910127959892
0.9154602401210838
0.7071262090006549
0.5552686940214427
0.6542046715598878
0.6295544085445117
0.6177668204326592
0.5909911304874174
0.6570303873027757
0.849862729900444
0.6227078689964136
0.9645250489912058
0.7128519372430873
0.9749061219326377
0.7162727292944729
0.9680975837585435
0.5792694434394169
0.8088373720216788
0.55646239810869
0.7788815729705023
0.966533916474573
0.9592363388881857
0.6895552639985887
0.9528438850232579
0.7402712344779157
0.9048128985937859
0.6886628393485896
0.7882826360189177
0.6939584901794096
0.8417253206180318
0.538718090525347
0.6436140473331534
0.9870015714334008
0.6843384640857318
0.7583354182620649
0.6727626977506512
0.9790323527962392
0.812967586556508
0.8295085998161504
0.6279220025288671
0.8190138149707537
0.5268774997645043
0.7118623089657281
0.6107625201324174
0.8168034546589955
0.8486071748212349
0.665763264720872
0.6555511500799103
0.6128629139966637
0.8388447026749766
0.9762565823407283
0.6663778295119275
0.8985482999035193
0.9433740337345278
0.7787770056979684
0.5732953419403776
0.5783792885299532
0.6670790683353252
0.694526133644729
0.557251186552365
0.6534636257388189
0.8627443184785404
0.8503238299418197
0.5168563834634079
0.7699506428727856
0.6426970296194994
0.8066283561357852
0.9272726650780536
0.6977335851053422
0.8845145473756666
0.7666299341736122
0.8393174531974634
0.6737254571138515
0.6853381936460827
0.5876029373568499
0.8249714636451602
0.6592386637207863
0.6445792689059162
0.8414582892156678
0.8823456375714378
0.8723652314392267
0.6891622303049073
0.8630480911973017
0.7215898582273943
0.6293850556598006
0.5764917624068622
0.7364895338821206
0.6256455739748406
0.5487465034724122
0.9972643567455706
0.5042582251427237
0.6978479209767778
0.5572037547956823
0.6021088228627445
0.5455995631331465
0.8660185637317247
0.5800694429738467
0.6345232544875161
0.82115815564447
0.5019303279065365
0.7580291384480362
0.8501306304554237
0.8398866720434889
0.581720752580247
0.8596040219531724
0.7694101584262727
0.7861349324705723
0.659848961995098
0.9222408257409489
0.5662636215522647
0.7275733286755499
0.5135883549233058
0.9179541853061343
0.9863426403296173
0.8712668977351405
0.9113876359113529
0.585548767894734
0.624960437413731
0.5270140227952064
0.8841906985043968
0.70668539648881
0.8082267644198178
0.8086178451123065
0.6643893833301439
0.5673568902329189
0.8735283002179497
0.6411860285980433
0.6032142136562049
0.739993608483491
0.5226654209418888
0.808551551178778
0.6232182960530647
0.51550888588241
0.7584502120256695
0.9600313438501515
0.5698829787755906
0.8257135929865304
0.5859473718193569
0.6979407317939289
0.5709807365951082
0.9511773307264071
0.7307315037130486
0.9798579976368931
0.7842596408116986
0.6146929141636738
0.5716324339055647
0.5437047310415006
0.5618161789706906
0.5247687285961162
0.5566747553042912
0.691268888850839
0.9227844171360033
0.9221831228174027
0.8371881384222348
0.9901623123871841
0.80832629150253
0.600289647688366
0.6102818881517014
0.804734126963854
0.9279985429812152
0.5540242367118817
0.6261975480952706
0.9534028826244683
0.7440725397947676
0.8091465890871186
0.9895730586270961
0.7028558875769173
0.5738548968317909
0.5114780187065966
0.556032666750409
0.6793441840347665
0.5300709694238632
0.9517096660911024
0.6825284812641057
0.9148072138503898
0.9041574063867903
0.6831597573523487
0.9730904789137169
0.5943969190084477
0.6185647935676641
0.8440935937380616
0.8062142586763936
0.7828808968816545
0.6628567785351654
0.6836951464760619
0.9806068499124374
0.6548109651496004
0.8702338059101378
0.8958880917729484
0.9602609400213697
0.9674137824566748
0.8172560571907458
0.5935066415811153
0.5040455691143786
0.8928264209901172
0.9752191662827705
0.5057533839935284
0.8613907881245741
0.7753082196450001
0.8177007343998295
0.9903439475744269
0.6065237641214245
0.6508004674832499
0.6469619329163638
0.8956232643193998
0.7644666571389286
0.52058745288065
0.6831989413633294
0.6681455243592943
0.780472561824437
0.8798607352262431
0.5381837721269771
0.919132774599134
0.7532140250510044
0.9794071433432121
0.7552959912023444
0.7607710878896963
0.9410516025703667
0.6115653524072662
0.9024182759033328
0.8393128314361586
0.9007421113001164
0.8969563950041581
0.8631139817909539
0.9335731610528477
0.9600042816044188
0.8436781918089205
0.6061416070244809
0.9972209581717149
0.7278666574279159
0.8415633611884215
0.7254994326648014
0.9210297010716385
0.8079921965199758
0.619583292780614
0.782860628122094
0.7203462925834033
0.7841338288151942
0.5203386813861175
0.5852037826131697
0.5695532732972783
0.6260387399320634
0.7990084511323192
0.5924197396215543
0.9133725616769156
0.6460870235956542
0.5764354712879695
0.8362121224348757
0.603721543745203
0.6469288305647237
0.909307096349002
0.7147441253250338
0.6643025084011814
0.66994180478201
0.8451484977171009
0.6527090945716403
0.8343893290883253
0.6696550604665996
0.517096518407676
0.6458049972038732
0.5323880677890265
0.9379359822591425
0.7709074657200476
0.945171540955595
0.5972074436443497
0.670290326794128
0.886595838782385
0.8139759367660706
0.926624038206769
0.7562122695598273
0.9066463662173675
0.6217427995378374
0.6262291516442857
0.6694962114094347
0.553032697501552
0.9279327749476256
0.6253884586330067
0.9985296681841311
0.5424223711016529
0.9365979787961098
0.7065737789868749
0.5404466996186479
0.8992240522773982
0.9552391394775115
0.9022326858427354
0.9248511692966255
0.9198688845117982
0.8452075423902141
0.9168514695242191
0.6488702958929641
0.7928536074007058
0.7718154847005423
0.5756067049596721
0.643597168240447
0.6469960969033723
0.5680684458869096
0.6082855187473992
0.7460172476891818
0.998195288205799
0.7585846631227324
0.856397200910807
0.969503118692906
0.8244667038544475
0.7073819005098976
0.682387464221337
0.9886135264900008
0.790239766324291
0.526833996457676
0.643146948689372
0.5153748530003842
0.9148913350246689
0.8425920395392839
0.5379236242149938
0.9463498637731291
0.5385439798561502
0.8157044143204628
0.5224079709654392
0.8219355236635908
0.884025254474184
0.7839256653520525
0.7745106759998486
0.645298384011344
0.5634488444506832
0.9164425177082978
0.7577323503220461
0.5796003972151619
0.6756338245887249
0.9638004396026311
0.8356019480902275
0.500420699884369
0.8276837931232391
0.8667216135626994
0.906088646592518
0.8293114670191404
0.7056097006522117
0.7113590700809772
0.6762935404510503
0.6372394003757699
0.6808412238357426
0.7825821081642056
0.8075684231548301
0.7708201749379844
0.8064091818628936
0.9734277192635001
0.7429796049044544
0.5631954658102368
0.6728015428759639
0.8366796339910991
0.8169335446181722
0.5278303074730881
0.658056548967263
0.7123270923197329
0.5938549541983502
0.7227694875675859
0.720688257943182
0.7887459692291235
0.8739303909577332
0.8868847318625779
0.790810648441124
0.6309664297651701
0.5270531308798714
0.8355153185825992
0.8583347309367428
0.9492560107874081
0.9993447844325651
0.7119818209468014
0.7279999005590899
0.6087550190392155
0.6510441869642332
0.5144765799677147
0.871274958381268
0.7961275863181114
0.8745772953985007
0.9153921273564679
0.8444960128938037
0.51968937469269
0.7802389721936067
0.8020887275808621
0.8422985771472561
0.7858122067879694
0.7180273668198093
0.9483270565274949
0.739113326299238
0.8561127481865491
0.9148258845755534
0.5788716130396836
0.7032957756746947
0.6185287156070661
0.5117978747069712
0.698266534610154
0.5793963545279328
0.8144962088535908
0.5851980989614467
0.7899459151402937
0.7199138160356691
0.5520464243691328
0.9798526664304851
0.522458821368416
0.9443154351197817
0.8740884810193792
0.9182034667250927
0.7557101220639455
0.7232012673798109
0.5697858649299314
0.6862580866779394
0.7114441358514421
0.6473181651995366
0.7147821869982832
0.9603674703673108
0.8063598699479971
0.8819899137752614
0.9372251198948036
0.6321418871007147
0.5510105996129405
0.6494570401782525
0.8503580470332741
0.5905814112146496
0.5898065288724477
0.8152463067770999
0.526337524999345
0.6986831094110773
0.8592431413483541
0.7320747949769001
0.5489764161837052
0.6881388195324856
0.675447687588006
0.6795168789924122
0.5050980401375385
0.983741803841033
0.59649584123515
0.8930325984877842
0.8152599967581957
0.534978117634875
0.5510007757618172
0.6608941448076546
0.8522441477998186
0.8985405555457308
0.7302517204130579
0.7562798938661115
0.7067530485858822
0.542153211189919
0.7914273619639649
0.7487624074345904
0.6191719523939875
0.5801542001444451
0.9165676028066204
0.583062003491595
0.8751921109110203
0.6592642797898038
0.8745576372607853
0.5580484580866207
0.8017164331367742
0.6792629513289461
0.6903436247948203
0.6755017833493289
0.6790143162418596
0.5598011027729171
0.741029129832601
0.6013556201111456
0.5775762151825519
0.5744867177297469
0.9184827783931868
0.646786420845713
0.9079548215567128
0.7144931657725654
0.7777674644132657
0.958464506662985
0.5800708659868763
0.8765779316018352
0.7402704452478996
0.7788734866737451
0.8398172094633598
0.9636277254859871
0.9660255477880824
0.8040789367578379
0.8887621147654798
0.8637568515636069
0.9851930836501389
0.5530167335913969
0.5068420223037033
0.6084654106728096
0.6317150496623243
0.7771730358718552
0.5622239993039787
0.7834965460147484
0.71909258089846
0.8793318036055765
0.7021457146097695
0.5196291934599271
0.632652432437453
0.8465444554576311
0.6813449314412976
0.5721291319873745
0.667980568178576
0.7909011279823601
0.8025617516799481
0.8931237591291606
0.870974046270982
0.6302865581303262
0.8630751584977636
0.6781691629671196
0.5040981080352991
0.6212753820206287
0.9398775479297209
0.8437525527091165
0.9799466481599552
0.5630939925885425
0.5727914171246291
0.5101307392484815
0.5670286048940039
0.7446349290448251
0.7159952668828584
0.9861316269481265
0.7968661055702875
0.5846446565684034
0.7946063784044939
0.9799154018821465
0.7950167046094432
0.794806559128189
0.6387888884959347
0.8131390239087737
0.6570190436963506
0.8108798981797085
0.5142057599895693
0.5532947837412125
0.6733634298322513
0.7087567980640153
0.7715453056917303
0.8310572893739236
0.664804955095511
0.6098389646254214
0.753837223625464
0.7682631964272619
0.5677200044797857
0.8613074846961223
0.6303801523023322
0.5600337683982055
0.6688512470576885
0.7061507972042758
0.5225429002571191
0.6503504386111046
0.5558396298988528
0.5443223915902851
0.9264258791601756
0.7382277347235047
0.5804047583281577
0.5309060458874233
0.933168369752527
0.7009356941465001
0.5734239397582618
0.9801660561283416
0.6484453631301096
0.8678488980816212
0.8493877621088037
0.6592043419876742
0.9254976204891036
0.9997093850794576
0.5865438194993069
0.9591503969248178
0.5009382969255646
0.7960145408754573
0.8443626270806784
0.6914317075283276
0.9180215258117594
0.9325889847467801
0.793556421623157
0.9883696677838485
0.5035684170388919
0.7067230261193199
0.5156953059837784
0.5445041513523331
0.5995602237626994
0.5697470858895157
0.9713095439587298
0.5813389545435403
0.6905765490223594
0.6528430406423642
0.6431486927930936
0.9993582791394766
0.7096547622989304
0.611080125750651
0.7193037130717063
0.8651236331172487
0.7666640961908385
0.7518133649488434
0.995313635943615
0.6324748091783674
0.8988032106780358
0.610593965776975
0.7645614731201129
0.6531497050482433
0.9729885596384937
0.6458244586553339
0.6919816988040441
0.9824520382951236
0.78503832289904
0.5454120934401532
0.5066023658124641
0.5517757208216296
0.7260984635268283
0.7844178018076139
0.5241672867199926
0.7091194612915153
0.5668595789234682
0.5897702298858895
0.5805101949424867
0.6713151758213652
0.504798649604739
0.7872994342682557
0.8116434453187851
0.6621653935626575
0.603000751542248
0.5255977050940338
0.8711366315796503
0.8022620304388044
0.8574818008117349
0.7037786717836666
0.6078136587912571
0.8949931269616538
0.5079275414159634
0.8430563325247308
0.5987605162973036
0.7732961831804568
0.8618311547233373
0.5061260809442667
0.5827252538805158
0.8005857059354066
0.5357844328852823
0.9192378082827346
0.5668720097969433
0.7384545000614804
0.9005662824696629
0.5485533673612445
0.7404165749982463
0.92438584017937
0.9619570023903108
0.901428565826522
0.8106706066802591
0.8017591646951254
0.5826386125999703
0.7468254493079121
0.8524676072554191
0.6435196966813405
0.9782961032359787
0.8914196136653045
0.9532137429978769
0.9844735532477842
0.8971694183281131
0.7674817202171357
0.929927321296668
0.9746394002265756
0.8853337434119177
0.529549874958525
0.9918208632866506
0.8569276876093808
0.8296861123323571
0.5049157378721468
0.8838880431376344
0.5051798445372431
0.5786233406260498
0.856904802928083
0.9821358705564106
0.5106277498483995
0.6830888323357893
0.9894396737458966
0.5257795246540078
0.597630852269464
0.6547109010111218
0.7334417402567639
0.7806760576310171
0.6099000709901709
0.6066907866953393
0.9528051264951534
0.6774061952273018
0.6318188166926832
0.7523155603170208
0.7345340151923334
0.5711321615402439
0.7506922748904798
0.7352621207302068
0.5526117687385839
0.9120243757184867
0.8918910923621135
0.5619673268256618
0.9710457577105085
0.5506080270015434
0.8468185843154495
0.5590679111016845
0.9827631108931774
0.6799647673898792
0.5392006536780065
0.7969510412699052
0.6784570243470183
0.5974985464631176
0.9363953768134425
0.7249057201176907
0.8834257689753819
0.5563059985786714
0.7316419664722602
0.8350175145150789
0.5612088154023369
0.5836180492599996
0.6284351454400938
0.7703053410580928
0.8154605194058571
0.955949110248443
0.6076241998271479
0.9947586364284379
0.5085984451676135
0.8574701418875867
0.5241446350440029
0.6174034491336988
0.7816584125304001
0.5334278940825958
0.9578956636223888
0.5488527246753505
0.8846954387102742
0.6173371114087609
0.9753320206383524
0.766691288051725
0.866151728907502
0.9906449085105034
0.6030038925830421
0.9714225900106563
0.84286191914184
0.8836377328873659
0.6307209748167736
0.7526134452461557
0.6501513683127594
0.7758346817820172
0.8416501036689445
0.7027021064128023
0.5725514200653035
0.6853870124014405
0.6766657432011959
0.9099686210931413
0.5560890382915462
0.5728605006579037
0.7374355911869235
0.6998253278181309
0.9035238281627034
0.5783399660387412
0.9515595447658726
0.9097234018949418
0.98322736566918
0.9731115743063714
0.5991487661405098
0.6894646181212294
0.9229555562581748
0.5140851580454577
0.9394438242057781
0.6282091312069502
0.8163261420091545
0.6932982209542167
0.8057991243795471
0.8793562654889001
0.5085754131118267
0.635706665900976
0.5328024129968807
0.6998905392836907
0.7958756607288595
0.7674489484707467
0.813887937599889
0.8736089744699038
0.6759124048557501
0.6065574102023359
0.5864576989317647
0.5510988761745084
0.9218081957720745
0.961708811994342
0.8276835515762172
0.7888859261796846
0.771086704879965
0.5365872377084846
0.7253158247731255
0.6938672634901453
0.6215716816403245
0.5836381670832915
0.5467658573524952
0.8372528877494652
0.8280906857435044
0.8547504812120708
0.5160240120555666
0.7227408936182087
0.7284668629698647
0.5845237708343309
0.9412824647283874
0.8115022144797326
0.9591740271285946
0.6085834470307363
0.5714654053686048
0.8947494358379792
0.5810237343882131
0.9966798846301224
0.6419333088666394
0.5900904226518591
0.8261451762454156
0.9579558446991066
0.5424365107129336
0.7464037965074477
0.8513114812772662
0.9121958524305218
0.7011779358222924
0.5163039539358809
0.9970718224860439
0.5438665894379093
0.9313775512716507
0.5786085802967025
0.8961102416842678
0.5560325049773587
0.8297249549924361
0.9428787491349278
0.5611390237791776
0.6294957621378413
0.9136174925465261
0.5881617421202983
0.7409926403020859
0.8685143391237748
0.9580089429666692
0.5026097031030531
0.6265994088115057
0.6082325711419811
0.6685661202802586
0.7870271021429542
0.8815639390089827
0.9769518129621453
0.6363227338154572
0.5685578696805715
0.9938050265227985
0.7842697876538434
0.8178637529516343
0.883166472733748
0.5756948227009713
0.595406253820919
0.8876203203405872
0.8001468746295719
0.9854196388392581
0.5014189376690781
0.546072497034682
0.6282470145616432
0.5994519735907993
0.581689369753292
0.5730770015107451
0.9590077503884484
0.5164364972427236
0.6119621613920316
0.5145568976594874
0.6388753082192107
0.9384931777965742
0.6171491854867679
0.8501272324914155
0.853984546526225
0.994670275344399
0.5639855378253028
0.5354055880709416
0.9761794458343286
0.8580413110655929
0.857903402738633
0.7726822092952694
0.8992332415733761
0.7303298920785541
0.9422617445630612
0.8639304191254527
0.5876360035920103
0.6857458345283078
0.5041404576133165
0.7403849732409917
0.8209225098992239
0.7124290003732086
0.6337476723350756
0.8495110526671978
0.6067001350023751
0.926623721693826
0.685162650800605
0.8018320822965254
0.6222737641362098
0.7750416575464881
0.9774643465958132
0.8302633449536434
0.7913230953344997
0.9305316580310576
0.573474455586525
0.7277280160584565
0.627743028252699
0.96707864050408
0.5740564463572775
0.8455029116465512
0.9057440013764935
0.5808676115027962
0.5328667488777075
0.7112849278121062
0.8056058756116053
0.5922309475687568
0.7223074293819509
0.9009355652113998
0.7644754390808894
0.8411988333539993
0.890939596297948
0.877735706544209
0.58742608537696
0.7001204212374645
0.766152958505542
0.6904891250130196
0.931899712262759
0.7382120565482531
0.9045904931553953
