1
152
55
18
27
38
513
42
94
13
86
61
814
109
56
87
219
355
59
66
77
45
154
96
412
111
151
160
107
714
49
224
424
413
46
213
548
343
695
29
335
473
694
391
591
735
114
189
342
403
404
35
39
74
658
331
728
381
340
241
168
203
441
344
23
395
451
261
501
158
211
78
689
215
244
268
332
71
405
387
88
130
514
576
250
76
73
380
262
36
128
137
530
253
276
796
51
369
53
32
205
320
118
296
62
220
415
409
290
9
172
214
139
314
308
300
662
378
303
434
127
16
325
333
103
283
216
479
299
50
766
81
571
115
293
599
270
173
496
383
235
52
315
188
57
28
10
41
150
231
489
79
289
60
186
351
43
21
542
242
206
317
34
312
323
532
641
217
480
138
106
113
396
0
89
120
374
787
389
155
85
487
164
529
482
443
247
180
30
40
12
210
360
266
810
512
440
535
370
156
256
294
165
25
319
438
171
419
202
377
273
240
414
159
181
502
233
398
457
309
444
295
198
218
292
226
2
5
22
72
691
84
119
341
161
612
373
486
69
98
232
349
379
364
248
394
82
492
93
252
397
204
170
176
125
450
722
511
433
635
291
135
515
187
191
208
437
531
493
384
348
4
20
24
33
47
498
286
527
353
356
357
485
298
281
68
129
288
544
67
80
330
264
508
518
90
271
91
346
182
516
99
105
108
762
237
145
536
540
209
110
665
117
251
121
318
307
436
458
316
427
541
538
467
468
358
472
488
528
345
636
167
773
777
245
661
174
175
503
504
201
392
393
483
310
456
534
297
500
372
452
