3109
1054
9134
407
1056
1655
261
410
453
5617
263
165
171
987
1536
345
1198
127
763
989
408
699
2416
6101
1164
988
1537
99
147
412
867
1971
1551
2265
131
348
495
566
1456
1534
2485
4097
1535
2096
3802
5598
344
4496
765
1943
794
889
1055
696
3556
568
2195
4673
3761
4057
5673
168
2364
1503
1529
3060
565
3076
2196
129
133
220
314
984
1058
1255
2197
2484
405
6323
132
695
698
1553
1116
260
693
945
2975
567
4609
812
1528
1890
3427
8308
130
346
347
781
1959
2927
5884
128
167
200
267
648
1579
2787
170
343
4870
761
1185
1506
1614
1904
1905
3075
4094
92
148
628
1091
714
1021
982
1186
1552
8458
10043
266
397
3578
766
819
961
1165
1176
1252
1299
2365
3743
3881
4054
5315
756
97
1050
1315
1282
1657
2710
3181
149
205
190
223
2952
296
265
329
411
669
1717
985
1057
1143
1356
2904
1697
1962
2091
2268
2389
2658
3065
3772
5026
6426
137
93
630
638
1151
1324
1354
1504
3530
1598
1764
1883
1884
1922
2018
2853
3101
3253
3643
4643
7483
8195
83
94
118
311
239
3297
390
443
753
786
1042
1053
1919
1963
1968
2283
2602
2785
3093
3158
6097
4077
4353
4664
4765
7428
9720
121
125
192
237
252
340
545
649
664
697
1141
2396
2181
2204
2212
3798
8342
75
58
185
124
2738
4166
275
6479
381
487
430
515
538
754
1031
1347
1382
1533
1824
1940
2169
2320
2331
2387
2412
2433
2543
2634
2674
2684
2810
2836
2863
2931
2976
3344
3484
3494
3565
4403
4987
5064
5403
6139
6822
7400
10231
106
161
262
742
315
356
505
582
633
642
650
923
1203
1711
2145
2415
2580
2584
2661
2813
2819
2840
2989
3384
3941
3763
3767
3780
4035
4611
4352
4555
4655
5149
5329
5903
6008
87
120
189
328
512
424
429
581
621
694
703
838
850
1026
856
932
1003
5152
1079
1072
1107
1194
1217
1229
1487
1670
1932
1927
1934
2144
2552
2564
2620
2854
2882
2915
2993
3047
3128
3212
3377
3765
5216
3908
3958
4139
4142
4159
4299
4729
4769
4794
5651
5589
5406
5519
5686
5973
6519
7724
0
65
234
238
467
570
577
605
4391
762
846
870
904
952
970
983
1101
1105
1306
1317
1323
1747
1327
1330
1367
1398
1626
1663
1699
1718
1809
2127
3574
2221
6453
2343
4226
2663
2672
2763
2811
2914
3222
3247
3263
3592
3639
3858
3925
4078
4224
6722
4525
4682
4996
5096
5206
5297
5580
9153
6428
6679
6841
7023
8773
7439
7894
9547
89
174
288
330
433
550
562
592
637
660
677
788
826
860
931
986
992
1166
1202
1258
1322
1334
1353
1391
1401
1421
1440
1472
4173
1550
1574
1625
1639
1652
1658
1746
1785
1787
1805
1846
1863
3173
2028
2034
2062
2285
2458
2467
2532
2533
3066
2662
3305
2747
2866
3135
3199
3264
4546
3355
3399
3453
4711
3890
4030
4465
7595
4249
4610
4617
4798
4947
5372
5488
5631
5728
5733
5861
5920
6088
6405
7002
7008
8984
7359
7453
7743
9002
9110
9696
39
141
71
107
90
91
176
750
292
610
631
661
789
796
840
925
5453
1061
1168
2898
1527
1408
1455
1549
1538
1592
1633
1665
1740
1744
1765
1774
1826
3300
5081
1933
1974
2112
2113
2146
2182
2244
2340
2383
2400
2513
2517
2486
2546
2560
2570
2624
2695
2790
5288
3070
3164
3167
5811
3210
3223
3299
3396
3468
3630
3651
3698
3826
7651
3885
3901
4407
3987
4086
4261
4342
4362
4462
4505
4560
4606
4631
4699
8564
4980
8559
6945
7318
5341
5416
5663
5694
5768
5821
6248
5844
9152
5976
5979
6077
6154
6250
6255
6469
6567
8232
6992
7112
7461
8743
7731
7858
7883
8097
8331
10022
9884
9
76
180
241
270
308
319
439
409
958
2518
4694
498
547
560
569
620
721
674
685
702
705
709
727
743
824
977
935
1015
993
1157
1231
1308
1294
1295
1340
1365
1433
1491
1584
1669
1795
1903
1958
2017
2137
2165
2236
2346
2403
2497
2483
2505
2579
2603
2605
2639
2789
2867
7529
2912
2944
3001
3078
3094
3134
2651
3215
3207
9702
3281
3413
6150
3727
3837
6294
5570
3903
4002
4006
4065
7601
4085
4190
4192
4268
4274
4313
4687
4731
4864
7326
5130
5143
5184
5209
5258
5284
5295
5330
5385
5478
5503
5539
8120
5820
5873
5886
5941
6098
9867
6184
6388
6440
6451
7551
6937
7007
7036
7343
7338
7349
7567
7597
7796
10159
9282
8401
8625
9003
9021
9094
9358
9960
3
81
109
254
277
327
317
382
1755
564
590
603
604
614
657
847
971
3216
1145
1201
1218
1248
1281
1332
1377
1400
1450
3502
1499
1525
1656
1867
1675
1685
1766
4957
1807
1856
1929
2011
2050
2026
2323
2351
2359
2414
2455
2565
2709
2751
2770
2797
7530
2909
3088
6647
3174
3318
3369
3368
3379
3470
3531
3534
3542
3697
3705
9974
3729
3742
3815
9635
10111
3887
3924
3934
4036
6327
8537
4128
4121
4147
4223
4294
4349
4355
4378
4417
4522
4575
4583
4592
4728
4819
4875
4959
5128
5172
5192
5231
6656
5285
5307
5442
9300
6201
5577
5769
5798
5824
8247
5908
5909
5947
6108
6112
6395
6122
6190
6452
6514
6577
6636
6696
7154
7118
8685
7335
7669
7830
7836
7940
7955
8042
8338
8545
8641
9634
9707
9714
9722
1
20
25
136
66
654
146
206
236
4657
273
290
871
352
358
421
423
428
474
3680
510
675
740
744
795
1269
1025
892
920
934
943
1117
1140
1375
1386
1428
1459
1489
1502
6736
1516
1712
1595
1630
1660
1706
1750
1799
1814
1845
1858
1909
2007
2022
2078
2111
2117
2124
2128
2179
2316
2326
6193
2395
2419
2430
2447
2492
2527
2520
2559
2828
8832
2906
2963
3054
3084
3376
3378
3418
3421
3481
3581
3568
3607
3627
3638
3676
3714
3810
9774
3856
3859
9421
3923
3995
4005
4020
4082
4102
4111
4199
4202
4286
4315
4326
4364
4394
4398
4420
4526
4681
4691
4727
4779
4955
5017
5079
5135
5132
5139
5189
6676
8307
8725
5292
5354
5456
5480
5546
5615
5642
5662
8875
6087
6126
6225
6240
6293
6335
6355
6512
6787
6886
6953
7038
7067
7173
7201
7315
7249
7255
7351
7374
7438
7485
7549
7565
7587
7661
7727
7843
7999
8204
8261
8437
8528
8744
8624
8700
8828
8897
9490
8977
9056
9302
9322
9370
9614
9670
9743
9848
10193
23
30
4524
73
77
150
184
820
248
264
286
378
438
3311
535
549
574
576
3004
5355
708
833
849
1278
865
922
1588
1092
1102
6493
1130
1192
1199
1219
1300
1328
1374
1396
1483
1546
1605
1581
1589
1698
1719
1763
1847
1900
1946
1953
2119
2162
2203
2206
2288
2319
2324
2413
2421
2418
2450
2526
2574
2587
2715
5668
2726
2734
2775
2795
2806
2855
2950
3546
2995
2996
3220
3221
3229
9018
3338
3386
3433
3441
3485
3572
3618
3690
3769
3839
8047
3850
3861
3867
4248
3905
3953
7190
3970
3966
3982
4095
4049
4125
4122
4277
4344
4385
4411
4412
4425
4437
4439
4488
5349
4491
4570
4719
4759
4804
4807
4780
4868
4937
4964
5088
5089
5109
5161
5185
5196
5201
5207
7507
5505
5568
5685
5791
9154
5871
5897
5954
5956
5960
7405
6042
6204
6230
6231
6300
6392
6802
6586
7475
6691
6748
6798
6825
6844
6869
6892
9946
7071
7117
7174
7178
7246
7342
7451
7528
7542
7602
7627
7650
7690
7888
7922
8098
8124
8196
8268
9214
8670
8707
8739
8829
8888
8972
8975
9024
9034
9080
10081
9309
9346
9401
9455
9564
9622
9636
9666
9746
9800
9843
9849
9894
9847
10070
10063
10083
10118
10230
10263
10280
10378
10379
10443
10479
10556
10594
10726
10771
10841
12
17
96
217
235
229
244
280
281
360
399
480
454
464
466
2002
2773
526
533
556
611
673
678
683
688
735
821
835
911
857
946
1008
1082
1135
1158
1159
1172
1285
1292
1314
1352
1380
3052
4838
4839
1488
5150
1512
1565
1622
1611
1643
1757
1794
1855
2227
1893
1937
1948
2006
2019
2977
2157
2207
2262
2290
2291
2363
6238
2370
2435
2452
2490
2496
2531
2548
2677
2691
2716
2727
2781
2851
2856
2876
7420
2966
2986
5863
3106
3734
3197
3193
3292
3351
3402
3385
3476
3455
3471
3537
3552
3575
3614
3637
3748
3782
3822
3841
3913
3920
7098
3947
3949
4024
4033
4039
4494
4099
4129
10327
4194
4201
4254
6771
4312
4328
4331
4401
4402
4423
4471
4479
4480
5747
4498
4675
4704
4700
4713
4744
4811
4826
4831
4931
4977
5029
5107
5168
5188
5191
5204
5222
9525
5413
5444
5556
5588
5682
5771
7742
5928
5946
6015
6104
6117
6142
6143
6145
6161
6180
6207
6212
6329
6356
6413
6382
6394
6430
6544
6562
6662
7005
6734
6740
6785
6821
6839
6849
6884
6891
8823
8764
6982
7029
7113
7121
7149
7192
7222
7228
7236
7254
7354
7401
7408
7429
7440
7457
8585
7505
10429
9181
7608
10511
7685
7699
7752
7805
8868
8869
7866
7880
7949
7974
8013
8061
8056
8070
8076
8138
8143
8190
8198
8293
10518
10434
9865
8375
8441
8489
8482
8511
9813
8566
8590
8618
8634
8642
8654
8663
8675
8695
8690
8693
8766
8791
8850
8854
8874
8901
8954
8973
8987
9053
9062
9112
9187
9292
9390
9405
9541
9542
9544
9682
9755
9824
9892
9916
9955
10025
10069
10705
10201
10281
10359
10559
10574
10597
10618
10632
10662
10671
10703
10715
10745
10752
10773
10812
10815
10855
10835
13
144
2537
153
154
240
268
305
8843
385
484
3312
3315
558
575
636
644
684
790
791
1274
811
829
886
906
927
928
990
1305
1311
1318
1369
1384
1414
1415
1387
1392
1410
1464
1500
1543
1688
1716
1727
1752
1776
1819
1837
1849
1859
2004
2005
2021
2024
2025
2052
2094
2082
2098
2138
2220
4585
2246
2264
2314
2345
2357
2390
6265
2504
2510
2626
2943
2948
2953
3006
2999
3115
3122
8834
3225
3278
3291
3360
3367
6885
3382
3445
3473
3487
3645
3773
5911
3832
5789
3857
3927
3926
5366
3997
6890
4048
4093
4138
4184
4270
4406
4416
4475
4506
4534
4692
4587
4620
4695
4708
4771
4778
5086
4878
4969
5003
5015
5166
5215
5310
5402
5482
9299
5534
5583
5593
5630
5696
5705
5742
5839
9478
5860
5962
5978
5981
6040
7126
8459
6165
6227
6299
6326
6344
6374
6386
6425
7412
6609
6633
6664
9417
6794
6814
6842
6854
7826
6941
6934
9061
8962
10066
6974
6984
6986
7021
7092
7106
7128
7172
7199
7202
7355
7369
7403
7435
7470
10655
7625
6017
7541
7556
7673
7679
7864
7898
9035
7956
8145
8158
8159
8168
8231
9667
9348
8484
8500
8520
10391
8527
9860
8572
8581
8649
8666
8657
8730
8735
8802
8837
8896
8900
8950
8953
9011
9026
10425
9083
9092
9130
9161
9191
9263
9264
9267
9286
10663
9379
9412
9475
9520
9567
9586
9590
9619
9624
9646
9683
9724
9753
9756
9803
9908
9910
9959
9952
10047
10078
10082
10141
10005
10008
10173
10183
10195
10270
10271
10312
10403
10471
10508
10460
10569
10635
10650
10674
10721
10724
10736
10739
10753
10780
8
21
7040
88
113
115
119
181
195
218
1014
2619
6338
256
287
289
300
316
318
445
426
427
476
458
468
531
583
561
597
716
723
640
5173
691
736
912
866
902
2871
1019
1052
1122
1177
1180
1195
1228
1370
1378
1513
1555
1604
1646
1696
1756
1758
1775
1772
3793
1786
1839
1844
1913
1920
1955
2877
2027
2077
2063
2067
2079
2083
5020
2254
2261
2367
2437
2438
2477
2655
2680
2752
2796
2815
2823
2873
7240
2917
2964
2994
3015
3028
3030
3087
3064
3130
3153
3161
3202
3217
3204
3208
3251
3257
3357
3363
3403
3517
3536
3611
3667
10045
3750
3775
3781
3823
9768
9771
9776
3878
3892
3918
7100
3983
4013
7926
5672
10805
4137
4239
4430
4451
4484
4489
6723
4504
4705
4709
4752
4755
4806
4817
6168
4920
4930
5006
5032
5060
6883
5091
5145
5148
5144
7692
9943
5205
5211
5225
7217
5270
5373
5432
5466
5497
5500
5515
5635
5569
5591
5637
7639
8632
9166
5712
5779
5782
8699
5850
5915
5922
6169
8154
6053
6075
6132
6175
6306
6252
6272
6297
6304
6458
6459
6575
6607
9131
6859
6875
6905
6907
6912
6926
6988
7017
7019
7045
7066
7102
7161
7216
7876
8701
8704
7244
7264
7365
7360
7375
10654
7524
7589
7599
7615
7643
7703
7706
7722
7729
7738
7781
7817
7849
7890
7909
7915
7934
7937
7959
8057
8053
10054
8144
8267
8275
8303
8327
8332
8349
8446
8474
8558
8656
8709
8717
8729
8742
8756
8774
8826
8833
8859
8892
8928
8951
8995
8994
9055
10177
9073
9149
9155
9158
9200
8782
9331
9335
9374
9378
9380
9396
9402
9440
9463
9503
9545
9639
9655
9661
9350
9366
9367
9700
10324
9415
9734
9802
9832
9912
9931
10381
10020
10021
9845
10073
10115
10135
10704
10170
10185
10189
10199
10334
10351
10377
10383
10397
10404
10474
10480
10410
10496
10498
10507
10521
10538
10555
10590
10598
10619
10714
10816
10830
10857
10858
122
162
198
207
242
335
355
489
446
463
4232
516
527
719
729
839
842
822
830
844
890
891
930
2071
2870
954
1018
1073
1065
1067
1112
1188
1214
1224
1289
1319
1339
1361
1372
1425
1453
1458
1522
1556
1586
1781
1715
1721
1745
1834
1931
1939
2045
2103
2118
2135
2210
2234
2277
2257
2327
2515
2536
2613
2681
2687
2721
2792
2891
2928
2942
2965
3055
3156
3143
3144
3146
3139
3140
2650
5046
3224
5900
5901
3230
3302
3293
3356
3411
3457
3465
3479
3469
3558
3615
3650
3678
3679
3752
3806
3820
3838
3863
3909
7099
3944
3988
4051
4064
4067
5198
4108
4132
4155
4170
4388
4205
4289
4291
4324
4356
4373
4374
4438
4499
4588
7283
4670
4696
4739
7510
4829
4830
4923
4936
5038
4949
4992
5058
7044
5112
8169
5187
5197
5224
5232
5242
7508
5272
5314
5469
5512
5520
5549
5612
5624
5698
5736
5808
5837
5858
5867
5805
6027
6039
6055
6058
9144
9146
6102
6105
8536
6162
6219
6257
6271
6276
6360
6411
6432
6444
6484
6516
6603
6625
6648
6694
6758
6767
9882
6826
6830
6852
6928
6961
10709
10710
7027
7089
7134
7148
7171
7195
7196
7203
8705
7361
10613
8813
8920
7522
7554
7558
7662
7698
7689
7705
7732
7803
7829
7900
7966
8004
8014
8021
8151
8164
8166
8192
8224
8257
8258
8260
8262
8296
8778
8333
8410
8448
8491
8574
8644
8708
8718
8835
8856
8125
8929
8952
8996
9004
9022
9052
10426
9114
9116
10273
10295
9209
9233
9381
9444
9445
10264
9511
9521
9528
9620
9628
9633
9352
9698
9732
9733
9783
9825
9837
9851
9895
9907
9922
9926
9936
9966
9987
10038
10085
10116
10706
10007
10174
10369
10446
10465
10487
10517
10453
10601
10628
10653
10730
10733
10735
10746
10774
10827
10843
10844
10
19
134
166
201
483
413
1454
5062
534
580
591
717
2793
706
793
825
827
832
916
858
864
938
956
967
968
1086
1193
1223
1235
1293
1368
1379
1381
1388
1422
1443
4034
4837
1494
6735
1561
1683
1691
1732
1791
1840
1938
1942
1949
2238
2239
5693
2023
2044
2048
2073
2057
2064
2080
2120
5055
2159
2178
2218
2232
2278
2282
6137
2296
2286
2356
2407
2409
2489
2506
2618
2631
2744
2756
2757
2791
2901
2807
2835
2978
3000
3013
3021
3067
3120
3121
3131
3226
9216
10330
3910
3282
3285
3322
5746
6340
3436
3410
3477
3464
3491
3529
3554
3606
3626
3636
3653
3659
6147
3740
3833
3897
3912
3916
3917
3937
7097
3957
3969
3968
3985
10156
4060
4114
4197
4222
4237
4363
4354
4382
4459
4467
4492
4495
4538
4576
4580
4717
4745
4822
4813
4848
4852
4862
4946
4984
4988
5014
5057
7611
5074
5147
5180
5425
5238
5276
5299
5408
5446
5499
5510
8023
5622
5627
5636
5690
5755
5763
6285
6950
8600
5800
5842
5865
5881
5894
8153
5940
5977
5980
6001
9877
8862
6200
6208
6305
6301
6363
6406
6450
6445
6535
6536
6543
6560
6579
6615
6681
6690
10449
6715
6774
6815
6823
6876
6949
8815
7256
6998
7000
7015
10244
10245
7042
7083
7182
7211
7225
7221
7251
7299
9844
7474
7502
7947
7514
7585
7682
7719
7733
7794
7837
7884
7929
7968
8083
7995
8167
8225
8264
8279
8320
9864
8369
8385
8443
8454
8492
8507
8516
8557
8567
8587
8604
8619
8647
9250
9288
8719
8728
8786
8863
8865
8905
8925
9020
9108
9129
9163
9215
9262
9304
9451
9500
9510
10057
10220
9212
9629
9642
9659
9674
9758
9797
9834
9833
9866
9874
9891
9909
9927
9950
9996
10000
9856
10065
10074
10110
10139
10125
10147
10176
10223
10208
10225
10236
10268
10276
10318
10376
10365
10385
10392
10396
10757
10445
10483
10454
10545
10553
10623
10627
10606
10680
10681
10700
10701
10748
10761
10766
10798
10842
10846
10848
10874
62
112
231
247
882
349
386
387
496
507
563
595
758
748
792
853
868
924
937
1030
963
972
1076
1080
1070
1071
1110
1113
1121
1128
1153
1234
1241
1263
1291
1348
1363
1364
1448
1444
1465
1518
1540
1590
1596
1601
1607
1682
1713
1768
1760
1851
1881
1925
1945
1997
2040
2066
2084
2085
2130
2209
2281
2293
2313
2336
4513
2381
2460
2448
2523
2541
2600
2630
2690
2660
2779
2769
2816
2804
2830
2833
2859
2883
2886
2902
2897
2899
2913
2922
3043
3245
3330
3373
3375
3387
3391
6206
3503
3504
3497
3629
3602
3604
3599
3689
3692
3702
3824
4101
9565
3875
3880
3943
3962
6041
4019
4066
4100
4126
4140
4143
4148
4150
4275
4276
4318
4448
4485
4493
6474
8127
4564
4593
4626
4632
4658
4660
4693
4746
4777
4834
4874
7206
4928
5008
5066
5075
5142
5175
5181
5255
6861
8673
5298
5293
5306
5352
5359
5472
5502
7496
7348
5639
5644
9077
9164
5702
5750
5754
5762
5785
8246
5832
5955
5998
6014
6020
6131
6125
6158
6177
6216
6234
6283
6286
6309
6415
6486
6508
6533
6581
6584
9113
6687
8179
7232
6801
6829
6836
6834
6909
10163
7062
7068
7075
7078
7127
5586
7395
8426
7433
7472
7489
7499
7739
7859
7878
7892
7951
7980
8007
8019
8020
8069
8085
8093
8106
8137
8197
8199
8212
8218
9279
8337
8362
7388
8388
8415
8456
8488
8490
8513
8530
8535
8745
8762
8880
9489
8906
8907
8959
8989
9025
9039
9057
9100
9151
9160
9202
9228
9235
9242
9323
9418
9425
9432
9442
9363
9543
9589
9594
9605
9684
9692
9723
9841
9869
9880
9905
9913
9940
10019
10026
10039
10041
10075
10133
10144
10178
10186
10238
10252
10294
10303
10340
10344
10361
10372
10431
10472
10489
10500
10503
10520
10561
10566
10577
10579
10587
10677
10717
10785
10860
14
78
123
172
175
194
331
504
511
536
617
668
713
728
831
896
948
1048
3038
1155
1236
1242
1245
1246
1283
1316
4338
1349
1373
1393
1446
1460
1493
1517
1585
1621
1642
1664
1677
1987
1739
6043
1793
1808
1842
1947
1978
1984
1988
2001
2612
2035
2102
2149
2170
2191
2297
2475
2307
2342
2348
2353
2393
2411
2417
2494
2528
2633
2692
2700
2659
2809
2865
2878
2893
3009
3048
3123
3126
6319
3256
3274
3523
3298
5744
3334
3426
3562
3612
3635
10458
3710
3805
5999
5807
3879
3986
4026
4144
4152
4156
4157
4189
4246
4329
7180
5111
4521
4569
4586
4627
4679
4716
4816
4855
4903
4913
4960
5011
8577
5043
5049
6202
5065
5122
5376
5240
5428
5429
5437
5450
5468
6114
9076
5683
5713
5423
5804
5831
5836
5888
5927
5966
6024
6070
6134
6540
6549
6590
6616
6661
6693
6714
6757
6847
6850
6914
7421
8345
6968
7033
7101
7131
10030
7212
7230
7259
7309
7410
8540
7606
8686
7620
7667
7672
7678
7687
7750
7775
7808
7819
7855
8790
7918
9519
7973
7989
8157
9548
8230
8299
8326
8351
8465
8466
8546
8586
8589
8611
8621
8676
8732
8734
8879
8927
8956
8784
9012
9047
9090
9097
9124
9139
9280
9306
9318
9387
9404
9468
9476
9486
9573
9599
9364
9721
9718
9896
9898
10272
9983
9998
9857
10068
10306
10321
10326
10336
10387
10626
10417
10418
10481
10484
10514
10526
10463
10539
10599
10607
10657
10661
10696
10711
10723
10742
10754
10776
10797
10864
4
46
80
84
54
102
155
295
251
253
3684
448
451
459
506
519
586
571
623
671
726
862
955
1094
1109
1161
1167
1204
1243
1357
1389
1463
1700
1511
1563
1597
1661
1720
1811
1868
1928
1993
5616
7050
2056
2061
2097
2177
2183
2215
2379
2337
2361
2406
2410
2425
2440
2461
2482
2550
2551
2557
4195
2597
2653
2683
2675
2736
2753
5983
2774
2980
3022
3179
3180
3191
3265
3520
3346
3406
7238
3555
3570
3605
3624
3656
3675
3694
10456
3738
3795
9224
9775
3899
3900
3936
3989
8821
6369
4107
4120
4149
4212
4250
4263
4384
4386
4395
4473
4516
4605
4619
4628
4666
4751
4753
4865
4861
4869
4909
4956
5092
5127
7493
5236
5320
5331
5335
5386
5388
5516
5517
5540
5581
5854
5806
5874
5879
5880
5945
6089
6120
9474
6178
7604
6222
6253
6256
6284
6542
6640
7693
6657
6663
6707
6778
6853
6863
6942
7039
6716
7085
7095
7188
7243
7266
7282
7409
7423
7452
7553
7637
7676
7784
7850
8660
7903
7932
7942
7953
8038
8030
8033
8064
8978
8178
8243
8256
8348
9168
8363
8373
8372
7383
8422
8517
7605
9861
8568
8669
8677
8787
8861
8885
8908
8988
9054
9150
9167
9319
9344
9382
9391
9531
9534
9356
9583
9603
9699
9780
9785
9839
9881
9901
9902
10036
10059
10137
10145
10203
10292
10310
10416
10441
10466
10536
10593
10649
10673
10756
10788
10790
10796
10839
10845
38
114
101
95
157
169
173
183
187
193
213
250
255
304
874
354
369
481
485
2799
520
524
528
543
624
639
641
647
704
734
738
757
768
798
823
1020
894
893
908
1049
996
1006
4303
1084
1111
1123
1197
1424
1435
1495
1501
1542
1591
1782
1640
1648
1736
1741
1743
5080
1820
1835
2010
2014
2039
2088
2092
2133
5869
2180
2245
2301
2321
2347
2516
2509
2542
2824
5357
2637
2641
2646
2741
2745
2812
2843
2864
2940
2956
2991
3114
3133
9986
3236
3341
3342
3392
3398
3408
3486
3492
3496
3500
3548
3550
3665
3764
3744
4046
4478
3978
4038
4040
7863
4080
4084
4160
4215
4245
4285
4330
4426
4557
4530
4536
4552
4654
4589
4788
4676
4790
4740
4784
5885
4854
4910
4888
4919
4966
5129
8749
5048
5067
5121
5968
5233
9206
5264
5282
5407
5409
5458
5459
5890
6482
7548
5587
5629
5732
5772
5891
5926
5972
5984
9875
6194
6267
6345
6362
6372
6378
6515
6556
6620
6643
6813
6845
6873
8713
6983
6978
6989
7111
7137
7160
7200
7394
9180
7537
7573
7607
8623
7624
7707
7783
7791
7827
7908
7970
8089
8265
8277
8310
8390
8392
8434
8457
8616
8668
8724
8752
8911
8942
8944
8948
8965
9058
9071
9105
9138
9207
9293
9314
9400
9459
9554
9608
9653
9671
9701
9716
9786
9806
9924
9965
10029
10072
10103
10160
10234
10298
10305
10529
10554
10563
10578
10638
10679
10719
10749
10829
33
140
199
6016
79
69
74
50
108
126
145
151
177
202
191
221
309
232
249
306
333
336
323
326
393
351
396
422
436
437
447
456
465
469
4191
499
500
521
537
593
722
646
670
680
687
760
747
764
774
804
815
837
834
910
855
897
976
978
942
947
1093
949
1027
1034
1017
959
1051
998
1005
1009
1037
1041
3324
1078
1085
1090
1099
1103
1114
3325
3328
1126
1152
1154
1171
1190
1200
1244
1261
1262
1320
1325
1335
1385
1411
1461
1480
1507
1530
1570
1580
1599
1624
1613
1616
1659
1666
1679
1708
1725
1734
1749
1751
1769
1778
1798
1789
1818
1862
1872
4204
1902
1924
1936
1966
1969
1952
1960
2016
2074
2058
2099
2115
2116
5711
2148
2171
2190
2200
2230
2247
2255
2279
2280
6496
2269
2273
2292
2302
2315
2306
2309
2328
2339
7186
2374
2394
2385
2399
2453
2457
2469
2553
2554
2556
2581
2664
2636
2704
2714
2718
2730
2732
2780
2755
2776
2788
2826
2844
2849
2850
2881
6439
2894
2895
2949
2979
2967
2983
2997
3010
3025
3019
3069
3083
3111
3145
10332
3439
3277
3237
8087
3287
3289
3521
5387
3336
3349
3352
3364
3365
6036
7718
3374
3380
3404
3428
3460
3462
3483
3511
3584
3597
3652
5169
3668
3741
3787
3797
3844
4282
6352
7041
7219
9403
9770
3877
10346
3888
3894
3919
3931
3964
3998
4000
4027
4089
4106
4116
4130
10192
4172
4206
4208
4210
4238
4244
4327
4341
4348
4365
7060
4434
4429
4548
4550
4486
6719
6806
4520
4544
4561
4590
4591
4680
4720
4758
4760
4782
4800
6402
4926
4965
4983
5013
5050
5087
5117
5119
5153
5160
7341
6049
5237
9252
5699
7875
5347
5389
5405
5412
5435
5440
5452
5528
5554
5594
5610
5621
5647
5649
5674
5725
5726
5709
5734
5735
5756
5765
5784
7659
5794
5797
5830
8417
5895
5916
5936
6002
6032
6084
6100
6107
6167
6181
6215
6220
6313
6314
6235
6247
6254
6263
6269
6308
6325
6328
6336
6357
6380
6441
6447
6532
6538
6557
6618
9744
10146
6705
6732
6755
9539
6782
9673
6882
6910
10033
8344
7476
7064
7105
7120
7129
7156
7164
8703
7263
7376
7482
10428
7600
7670
7665
7713
7741
7754
7755
7798
7809
7814
7834
7994
7902
8018
8031
10207
8063
8109
8121
9093
8175
8242
8252
8272
8316
8381
8387
8404
8408
8419
8531
10437
10439
8877
9859
8665
8765
8943
8963
8986
9013
9687
9226
9239
9287
9395
9424
9560
9561
9580
9652
9681
9705
9808
9791
9893
9906
9935
9981
9953
10016
10024
10131
10200
10247
10313
10337
10354
10433
10504
10519
10543
10686
10690
10743
10760
10784
10849
10863
