1309
1321
125
47
5337
5315
45
448
451
454
1310
787
103
36
109
163
68
5332
806
55
158
78
1336
50
492
791
1077
5342
995
86
772
84
7052
4753
7426
106
541
1014
1334
7006
71
85
62
98
5532
1206
7051
190
6773
7056
3700
137
7200
1385
780
8425
64
3717
70
191
1313
453
57
452
6921
8506
108
919
789
1226
5351
5534
3714
998
1626
1660
568
1399
1499
4313
7002
130
429
4185
4241
5355
8662
2771
4244
56
788
1215
6668
122
7876
60
110
546
6717
3662
7659
7948
1195
1485
7169
7757
487
1079
6947
7360
101
1515
3660
8543
8838
9244
1492
9142
195
1847
4199
192
1177
3798
476
655
1372
8596
77
794
1506
5191
6380
6771
6941
7054
131
762
1039
1327
3950
5437
1
91
116
260
610
1524
3684
6782
7161
458
1317
1365
9372
151
829
3721
4398
4897
792
981
1411
1716
3948
5212
6445
6783
9309
15
83
146
783
1329
1342
1839
432
435
886
1320
1630
3518
4895
6557
6733
7412
7427
8757
629
1216
2080
5816
8616
35
145
509
611
1212
1350
1526
1550
4170
4279
6098
6423
6461
6828
9413
9865
72
144
658
793
1512
1677
1848
1851
3307
3872
4749
5409
6395
6703
7879
7886
7890
7944
8405
8885
69
90
628
862
911
960
1214
1219
1331
1360
1559
5395
6011
6366
6792
7022
7312
7451
7959
8523
30
491
774
804
850
875
1225
3460
5343
5365
5554
6245
6442
7265
7385
7455
7895
8149
8179
8761
94
612
1228
1375
1422
1549
1608
3374
3716
4282
5334
5563
6777
7425
7470
7490
7506
7877
7891
7893
8775
9165
9555
9730
9823
9907
2
53
107
481
1008
1095
1564
1583
2591
3323
4382
4772
4778
5242
5338
6015
7012
7378
7439
7672
7707
7758
7771
7883
7949
8130
8763
9090
9223
9294
10026
79
102
462
485
630
656
766
777
778
1009
1010
1081
1094
1249
1274
1504
1561
1774
2633
3724
3873
4245
4263
4787
5389
6512
6702
6833
7154
7651
7927
7953
8191
9139
9366
9401
9425
10189
10229
127
225
239
266
406
589
768
799
899
1210
1275
1558
1815
2116
2309
2710
3682
3719
3969
4229
4242
5192
5195
5345
5357
5393
6785
6926
6991
7882
8285
8583
8861
9591
10131
49
128
478
488
539
689
830
834
859
885
996
1179
1184
1186
1191
1208
1374
1390
1535
1642
1661
1802
1860
2611
3459
3490
3657
3715
3828
4203
4208
4769
4804
5216
5397
5408
5531
5624
5944
5956
6763
6772
6791
6799
7536
7658
7701
8420
8626
8772
8804
8953
10036
59
93
97
472
524
544
616
637
790
819
832
844
924
1004
1058
1076
1133
1155
1182
1245
1338
1440
1455
1498
1563
1598
1728
1842
1973
2085
2566
3563
3568
3650
3995
4189
4251
4255
4286
4305
4306
4720
4781
5813
6001
6364
6670
6781
6807
6848
7070
7686
7761
7873
7885
7968
8122
8127
8182
8208
8371
8383
8489
8649
8766
9125
9132
9148
9288
9327
9351
9390
9610
9708
9879
10518
434
499
540
769
894
900
982
1194
1221
1265
1289
1373
1510
1555
1841
1899
2093
2285
2598
3661
4218
4764
4871
5194
5213
5372
5544
5682
5724
6019
6046
6705
6764
6775
6864
7018
7112
7182
7383
7434
7453
7569
7747
7774
7779
7808
7887
7928
7929
7965
8128
8152
8322
8346
8404
8625
8699
8758
8759
8767
8948
9036
9181
9518
9628
9918
10009
10021
10048
10209
10261
10381
28
38
54
58
81
87
113
132
149
159
329
449
510
525
631
638
657
786
801
920
933
941
959
986
1002
1017
1181
1241
1261
1271
1410
1415
1424
1449
1520
1546
1552
1596
1680
1737
1833
1844
1896
2120
2324
2696
2745
3308
3319
3538
3573
3576
4068
4193
4195
4205
4247
4248
4258
4296
4330
4338
4343
4349
4385
4396
4777
4905
4943
5317
5358
5377
5402
5417
5447
5542
5568
5602
5709
5762
5771
5957
5958
6006
6014
6016
6041
6087
6089
6248
6287
6410
6424
6476
6511
6590
6631
6651
6745
6780
6786
6787
6829
6835
7005
7068
7102
7171
7444
7463
7488
7499
7684
7727
7773
7795
7802
7854
7859
7940
7945
8088
8101
8222
8324
8367
8408
8418
8697
8711
8768
8769
8778
8788
8878
8976
9116
9140
9256
9331
9357
9407
9530
9651
9691
9904
10332
10396
10437
63
76
100
105
118
129
162
216
243
289
301
400
402
477
505
508
522
528
548
554
620
623
675
701
702
764
776
815
821
835
853
946
984
1055
1082
1099
1108
1109
1141
1158
1174
1185
1188
1230
1236
1242
1264
1316
1322
1339
1341
1345
1393
1394
1417
1444
1478
1481
1513
1562
1565
1572
1590
1595
1607
1703
1713
1730
1785
1806
1840
1857
1858
1859
1906
1959
1963
1975
1976
2000
2068
2069
2158
2248
2311
2343
2425
2434
2538
2610
2735
2799
2809
2966
2982
3172
3304
3452
3454
3603
3735
3746
3747
3792
3854
3856
3857
3916
3930
3952
4011
4049
4157
4428
4565
4794
4824
5058
5175
5179
5203
5214
5225
5246
5280
5320
5404
5446
5467
5504
5521
5549
5577
5663
5814
5817
5829
5850
5908
6003
6005
6028
6250
6372
6374
6448
6454
6458
6467
6592
6634
6662
6666
6669
6675
6718
6730
6737
6739
6747
6755
6789
6851
6853
6855
6861
6870
6903
6993
7055
7059
7124
7166
7187
7189
7275
7400
7429
7443
7492
7539
7558
7564
7669
7680
7733
7753
7759
7763
7781
7894
7898
7935
7950
7999
8007
8014
8041
8044
8060
8074
8078
8084
8124
8129
8139
8178
8231
8292
8312
8373
8378
8421
8461
8499
8502
8572
8590
8619
8646
8676
8709
8866
8896
9143
9145
9265
9272
9308
9339
9375
9389
9454
9464
9486
9554
9566
9579
9586
9616
9619
9640
9641
9652
9667
9688
9690
9721
9779
9833
9862
9906
9925
9959
9964
9989
10058
10169
10172
10212
10256
10257
10373
10379
10400
10524
10529
10554
8
12
17
43
46
48
66
88
92
95
112
117
121
143
150
152
153
164
165
167
168
175
182
183
208
211
228
235
246
259
276
285
291
296
304
305
308
309
310
315
335
340
347
356
384
392
407
408
440
444
461
467
474
484
504
513
530
545
563
593
599
600
609
613
641
650
676
732
738
744
747
781
795
800
803
814
818
843
857
873
881
914
929
937
953
956
957
962
975
983
1003
1005
1031
1060
1091
1106
1112
1114
1124
1125
1130
1138
1166
1183
1187
1197
1239
1248
1279
1284
1292
1294
1308
1315
1349
1353
1363
1377
1388
1395
1412
1413
1419
1420
1439
1445
1466
1482
1487
1490
1502
1516
1528
1541
1548
1560
1566
1571
1582
1586
1593
1594
1597
1600
1602
1606
1613
1627
1632
1645
1648
1653
1659
1687
1705
1707
1708
1729
1739
1740
1749
1767
1772
1776
1783
1784
1791
1810
1811
1830
1846
1855
1861
1878
1931
1956
1972
1979
1980
1982
1990
2011
2023
2046
2058
2059
2067
2098
2105
2122
2185
2200
2213
2222
2249
2294
2310
2336
2368
2405
2459
2469
2474
2508
2516
2531
2582
2592
2609
2709
2716
2796
2906
3005
3113
3167
3232
3284
3539
3571
3614
3619
3627
3640
3695
3697
3701
3704
3709
3730
3731
3739
3765
3781
3846
3861
3904
3920
3943
3951
3994
4005
4056
4150
4179
4180
4184
4188
4202
4206
4209
4222
4228
4237
4243
4256
4265
4287
4295
4317
4377
4564
4584
4617
4631
4641
4694
4702
4723
4739
4766
4770
4776
4779
4795
4797
4798
4800
4806
4807
4818
4836
4881
4891
4915
4939
4942
4969
4991
5021
5035
5052
5094
5200
5206
5208
5217
5218
5221
5227
5249
5271
5284
5288
5289
5299
5319
5322
5340
5360
5413
5418
5432
5442
5458
5469
5470
5527
5538
5541
5548
5550
5553
5586
5589
5655
5718
5751
5811
5838
5867
5912
5929
5935
5953
5994
6000
6007
6010
6012
6018
6022
6085
6086
6107
6113
6129
6136
6181
6282
6288
6289
6292
6295
6310
6312
6334
6368
6378
6384
6397
6430
6443
6444
6463
6465
6468
6493
6565
6587
6599
6616
6649
6663
6664
6665
6720
6735
6754
6776
6784
6793
6795
6796
6800
6808
6813
6832
6837
6838
6854
6862
6872
6873
6879
6885
6901
6916
6924
6930
6936
6946
6967
6995
6997
7020
7057
7063
7069
7074
7078
7084
7086
7108
7128
7167
7168
7255
7256
7384
7388
7391
7396
7428
7436
7440
7456
7473
7475
7482
7484
7505
7521
7545
7546
7557
7641
7646
7656
7657
7666
7676
7677
7689
7713
7734
7738
7762
7765
7769
7777
7792
7809
7814
7823
7889
7915
7918
7938
7946
7952
7962
7966
7975
8029
8049
8057
8067
8079
8094
8111
8113
8132
8147
8175
8187
8217
8226
8229
8232
8237
8261
8286
8295
8298
8303
8305
8347
8356
8361
8362
8402
8443
8464
8528
8584
8586
8587
8597
8617
8621
8664
8669
8670
8671
8673
8675
8696
8706
8708
8712
8716
8764
8785
8858
8868
8874
8892
8907
8920
8973
9027
9038
9040
9085
9091
9113
9114
9115
9117
9164
9180
9230
9233
9258
9267
9342
9388
9423
9469
9497
9571
9575
9584
9655
9785
9789
9824
9913
9915
9938
9944
9947
9949
9951
9965
9967
9970
10005
10032
10068
10072
10088
10117
10124
10137
10141
10145
10183
10258
10263
10265
10324
10402
10424
10444
10560
