1309
1321
47
125
5315
5337
448
787
45
454
109
5332
103
791
36
68
5342
55
451
106
108
789
1313
995
1334
98
788
86
4753
57
64
1310
806
1506
492
78
1336
772
158
163
84
780
7052
3700
1077
71
260
6442
5437
60
127
5343
85
190
509
1014
7056
919
541
191
7002
122
5532
93
6773
145
3717
794
655
4244
4398
7427
5754
50
3721
116
3714
1385
137
7051
192
487
70
3724
434
7161
7360
5534
91
5409
131
7426
3307
1630
90
151
16
1492
62
3319
453
1848
6717
1847
429
2
539
996
435
195
239
616
6947
7199
7876
452
6771
4199
1839
1226
6921
7200
7490
4895
1372
432
10048
7948
6782
1338
8759
6445
6941
6670
7890
6777
5195
7169
3948
7054
83
1660
8215
1215
4805
7006
762
568
804
3660
9090
790
8768
6785
8596
130
8425
2771
7879
1206
792
793
1626
1275
3950
9244
8757
97
5351
144
2080
1499
1
546
5213
3684
5191
766
998
1039
1399
6792
8405
1515
9865
7893
1177
850
1320
1195
885
1365
1317
8506
56
9309
1485
6828
8583
9907
9372
9165
4185
3662
7877
7959
1094
1331
8662
783
8543
4772
7953
476
8130
6557
5857
110
1342
101
7659
6380
1608
1219
3518
5355
5816
6395
1512
7757
5212
6668
1716
544
4313
829
886
458
981
7425
1327
862
960
3798
15
4229
6833
4279
1212
1559
8625
774
9413
3323
7651
768
9294
4241
6733
9142
1677
4216
545
1329
1004
7412
146
5242
6011
8523
7672
7470
6783
5554
589
1079
7265
4263
8616
3872
8179
986
8838
6366
875
656
9823
1524
7927
3459
6461
77
4897
6703
8128
7312
8885
610
8127
7154
9555
5395
10026
1216
72
7455
6245
8761
1249
4296
1225
7944
1526
7883
35
7022
658
1360
10036
1009
3661
1155
8766
1411
9730
8149
7771
1095
629
1208
7895
5944
3716
4749
4282
6423
6015
107
1008
1455
911
1390
7506
491
777
9223
1081
69
3828
488
7891
8861
1274
6764
7536
9366
8285
8763
30
53
7758
2116
611
4382
4170
1583
1851
7886
7707
49
1350
266
1550
1422
1058
6702
6006
1440
5563
1010
1842
4778
7882
5192
8626
5338
1973
844
612
873
1228
3873
5357
6512
6098
1564
128
485
8775
630
10021
4305
2309
7451
5194
5365
7378
94
406
3969
3568
628
1549
10229
899
5334
9879
1214
5393
10189
10381
2591
3715
6772
6791
9139
10209
799
819
5345
6926
3682
1186
6364
1375
1815
2633
3460
7385
8420
9407
9125
7779
7885
8324
9148
59
102
859
2710
462
481
3650
1504
1191
1210
1561
8122
8191
4787
1774
3374
5956
7439
8489
7012
7949
10131
778
2085
79
1899
5389
7873
6991
894
3576
2598
8769
1245
2696
8208
1535
1661
4245
4306
9904
5813
5544
7018
9401
7968
8758
1374
4242
225
8711
4203
1563
2285
689
1184
1055
924
6014
1265
3995
1558
1860
7795
4781
4871
7887
9181
8767
8772
9425
38
830
631
1728
478
472
5397
2611
637
834
5408
900
984
1179
1221
7945
5531
1555
1410
6001
1510
4208
1642
4255
1802
3490
4286
5624
4720
4769
4804
6807
7701
6781
6799
7965
8953
7453
9288
9327
7658
8346
7929
8804
9591
58
4764
941
6454
510
524
1552
1424
7434
769
832
1857
982
3573
1076
1100
1181
7747
4251
1289
1373
1596
1546
1498
4195
4343
1598
6424
4338
6763
1840
10396
2324
2566
3719
8139
9708
8182
7761
5216
9036
5709
5957
7774
7444
6787
6848
7070
9616
7499
9610
8152
7686
8649
8371
8383
8699
8976
9132
9351
9390
499
87
6592
6041
5724
7940
6046
449
540
8185
1449
8216
920
4068
10294
10518
3308
1833
1182
4807
1194
6019
7108
1271
2093
7854
7697
4205
5377
1841
1844
6287
6651
5682
7866
5372
3563
5358
4218
4330
7182
7112
8088
8404
8778
7859
7171
8222
5317
7727
9651
6248
6631
8418
6705
8101
6775
9628
9126
6835
6851
6864
7802
7168
9518
7383
7569
7808
7928
9918
8646
8948
9357
28
54
63
81
113
132
149
159
216
289
329
4247
408
5568
5542
5402
2059
4943
2120
638
657
6087
786
801
10009
959
1133
1017
1082
10261
1241
4189
1261
8408
1394
1415
1502
1520
1597
1602
5417
1680
1713
1737
9256
1896
1972
4396
4777
2745
4258
3857
5762
6089
2982
5447
4248
4349
10258
9719
3538
4385
6745
6590
6511
9691
7102
5179
5340
6666
5602
5771
5817
5958
6016
6374
6410
6662
6755
6780
6786
6829
8788
7005
10141
7059
7068
7539
7463
9116
7488
7684
7773
9331
8231
8878
8322
8619
8697
8868
9140
10437
9267
9530
10332
76
10379
100
105
118
129
9779
623
162
10524
5404
1322
243
2343
301
5175
402
7275
477
6993
5577
505
2248
508
525
528
1703
548
554
7733
1590
620
7187
701
702
764
815
835
853
5225
5280
933
1141
1158
1002
3603
1316
1099
1108
1109
3304
3657
1174
4797
1188
1236
2799
7107
3172
1264
10256
6737
1341
1345
2966
1393
1417
6739
1444
4565
1478
1481
1513
8060
1572
9989
1595
10400
8074
1730
1785
1806
1858
1859
2069
1906
1959
1963
1975
1976
2000
5521
2158
8124
3952
2311
2425
2434
2538
5467
2809
2610
2735
5850
5549
5504
3454
3735
7999
3746
3747
6718
9554
3792
3854
3856
3916
3930
4011
4049
4157
4193
4428
6467
4794
4824
8709
4905
5058
5908
7189
5203
8007
5214
8590
5246
5320
10172
7124
5446
8084
9690
5663
6634
5814
9721
6250
6003
6005
6028
9688
8041
6372
6448
6458
7063
6669
6675
8014
6730
6747
6853
6855
6861
6870
9486
6903
7759
9619
8312
9640
7167
7400
9862
7898
7429
7443
9454
9925
7492
10554
7564
7680
7669
7753
7763
7781
7894
7935
7950
8044
8078
8129
8178
8292
9339
9464
8367
8373
8378
8421
8461
8499
8572
9272
9906
9586
8676
9964
8896
9389
9579
9143
9145
9652
9308
9375
9959
9566
9667
9641
10212
9833
10058
10373
10529
8
12
17
43
46
48
66
88
92
95
112
117
121
143
150
152
153
164
165
167
168
175
182
183
208
211
228
235
246
259
276
285
291
296
304
305
308
309
310
315
335
340
347
356
384
392
400
407
440
444
461
467
474
484
504
513
522
530
563
593
599
600
609
613
619
641
650
676
732
738
744
747
776
781
795
800
803
814
818
821
843
857
881
914
929
937
946
953
956
957
962
975
983
1003
1005
1031
1060
1091
1106
1112
1114
1124
1125
1130
1138
1156
1166
1183
1187
1197
1230
1239
1248
1279
1284
1292
1294
1308
1315
1339
1349
1353
1363
1377
1388
1395
1412
1413
1419
1420
1439
1445
1466
1482
1490
1516
1528
1541
1548
1560
1562
1565
1566
1571
1582
1586
1593
1594
1600
1606
1607
1613
1627
1632
1645
1648
1653
1659
1687
1705
1707
1708
1729
1739
1740
1749
1767
1772
1776
1783
1784
1791
1810
1811
1830
1846
1855
1861
1878
1931
1956
1979
1980
1982
1990
2011
2023
2046
2058
2067
2068
2098
2105
2122
2185
2200
2213
2222
2249
2294
2310
2336
2368
2405
2459
2469
2474
2508
2516
2531
2582
2592
2609
2709
2716
2796
2906
3005
3113
3167
3232
3284
3407
3452
3571
3614
3619
3627
3640
3695
3697
3701
3704
3709
3730
3731
3739
3765
3781
3846
3904
3920
3943
3951
3994
4005
4056
4150
4179
4180
4184
4188
4202
4206
4209
4222
4228
4237
4243
4256
4265
4287
4295
4317
4377
4564
4584
4617
4631
4641
4694
4702
4723
4739
4766
4770
4776
4779
4795
4798
4800
4806
4818
4836
4881
4891
4915
4939
4942
4969
4991
5021
5035
5052
5094
5200
5208
5217
5218
5221
5227
5249
5271
5284
5288
5289
5299
5319
5322
5360
5413
5418
5432
5442
5458
5469
5470
5527
5538
5541
5548
5550
5553
5586
5589
5655
5718
5751
5811
5829
5838
5867
5912
5929
5935
5953
5994
6000
6007
6010
6012
6018
6022
6085
6086
6107
6113
6129
6136
6181
6282
6288
6289
6292
6295
6310
6312
6334
6368
6378
6384
6397
6430
6443
6444
6463
6465
6468
6493
6565
6587
6599
6616
6649
6663
6664
6665
6720
6735
6754
6776
6784
6789
6793
6795
6796
6800
6808
6813
6832
6837
6838
6854
6862
6872
6873
6879
6885
6901
6916
6924
6930
6936
6946
6967
6995
6997
7020
7055
7057
7069
7074
7078
7084
7086
7128
7255
7256
7384
7388
7391
7396
7428
7436
7440
7456
7473
7475
7482
7484
7505
7521
7545
7546
7557
7558
7641
7646
7656
7657
7666
7676
7677
7689
7713
7734
7738
7762
7765
7769
7777
7792
7809
7814
7823
7889
7915
7918
7938
7946
7952
7962
7966
7975
8029
8049
8057
8067
8079
8094
8111
8113
8132
8147
8175
8187
8217
8226
8229
8232
8237
8261
8286
8295
8298
8303
8305
8347
8356
8361
8362
8402
8443
8464
8502
8528
8584
8586
8587
8597
8617
8621
8664
8669
8670
8671
8673
8675
8696
8706
8708
8712
8716
8764
8785
8858
8866
8874
8892
8907
8920
8973
9027
9038
9040
9085
9091
9113
9114
9115
9117
9164
9180
9230
9233
9258
9265
9342
9388
9423
9469
9497
9571
9575
9584
9655
9785
9789
9824
9913
9915
9938
9944
9947
9949
9951
9965
9967
9970
10005
10032
10068
10072
10088
10117
10124
10137
10145
10183
10263
10265
10324
10402
10424
10444
10560
