2553
4458
831
3468
4345
2382
2542
2575
2585
3895
1224
2434
2439
2617
1005
1309
1334
2282
2662
4332
4352
490
725
1030
1050
1091
1106
1326
1460
2608
2800
2851
2936
3312
3355
3838
4359
4373
4384
98
597
846
854
1166
1170
1530
1554
2221
2249
2321
2533
2538
2545
2561
2586
2717
2918
3128
3329
4199
4346
4395
4878
88
129
284
313
396
532
680
780
1098
1140
1419
1489
1506
2235
2458
2493
2548
2595
2647
2740
2846
2959
3310
3343
3351
3783
3796
3904
3979
4172
4187
4342
4392
4402
4520
94
140
153
184
274
316
402
413
539
658
803
1026
1069
1090
1313
1361
1371
1416
1442
1547
1584
1953
2327
2388
2409
2474
2502
2519
2522
2530
2562
2604
2606
2697
2724
2760
2781
2798
2810
2852
2880
2932
3017
3186
3307
3317
3411
3431
3497
3722
3762
3781
3863
4029
4128
4151
4164
4224
4361
4391
4485
4867
9
36
68
154
252
257
298
353
383
386
426
485
511
546
548
587
594
632
681
692
743
757
848
902
1072
1085
1095
1119
1173
1206
1243
1244
1257
1272
1298
1311
1323
1356
1451
1461
1528
1685
1776
1930
1999
2332
2485
2489
2544
2554
2559
2574
2576
2593
2611
2671
2813
2825
2837
2878
3005
3331
3347
3352
3775
3797
3802
3918
4041
4106
4111
4154
4181
4317
4357
4381
4446
4476
4602
4651
4727
13
41
56
69
116
138
242
249
260
391
395
405
416
504
520
582
604
609
614
653
702
720
744
748
762
771
833
878
948
951
952
1006
1010
1021
1060
1063
1100
1102
1104
1116
1148
1158
1219
1242
1289
1342
1348
1378
1403
1435
1439
1447
1459
1466
1467
1478
1524
1622
1687
1795
1933
1945
2020
2151
2157
2238
2262
2267
2363
2392
2397
2414
2443
2444
2447
2490
2500
2527
2528
2550
2577
2596
2645
2687
2693
2694
2736
2787
2838
2842
2881
2883
2914
2952
2978
3197
3296
3299
3308
3316
3320
3337
3342
3350
3358
3410
3467
3486
3511
3564
3576
3675
3779
3786
3792
3903
3957
4034
4036
4084
4097
4110
4157
4158
4193
4203
4209
4218
4279
4367
4371
4435
4448
4473
4491
4500
4534
4538
4570
4574
4655
4660
4686
4708
4751
4836
4848
4850
4885
1
14
47
76
111
123
163
170
174
187
198
199
205
210
251
279
308
311
334
336
342
351
362
378
408
430
431
484
501
555
561
575
584
624
637
722
758
763
772
793
795
827
837
843
849
852
859
885
895
939
941
944
992
1031
1034
1059
1087
1097
1105
1117
1124
1156
1162
1177
1191
1210
1231
1235
1239
1252
1268
1284
1296
1306
1307
1321
1333
1353
1360
1365
1400
1406
1455
1468
1471
1491
1492
1499
1523
1589
1600
1605
1609
1623
1644
1653
1689
1709
1734
1747
1782
1786
1793
1807
1842
1897
1993
2096
2101
2107
2145
2222
2290
2298
2325
2336
2355
2357
2407
2457
2459
2464
2465
2505
2509
2534
2549
2563
2565
2607
2622
2629
2643
2648
2655
2670
2674
2692
2711
2796
2799
2814
2819
2864
2893
2908
2938
2942
3071
3117
3129
3266
3294
3319
3321
3322
3345
3356
3360
3371
3401
3426
3445
3456
3514
3545
3656
3763
3785
3809
3823
3834
3916
3954
3959
3962
3969
3985
3992
4000
4009
4038
4060
4073
4086
4092
4098
4100
4114
4120
4121
4152
4155
4160
4166
4195
4204
4210
4344
4368
4374
4439
4442
4461
4462
4469
4512
4522
4542
4562
4564
4579
4588
4643
4649
4652
4654
4689
4728
4733
4832
4859
4872
4876
4887
4893
4901
19
26
34
48
51
58
72
119
124
137
143
145
177
221
236
239
247
255
262
280
295
306
314
319
321
327
335
340
350
355
392
393
421
422
424
435
438
442
449
478
480
481
482
496
509
521
528
535
550
557
564
565
566
569
612
630
639
644
655
668
672
704
726
736
740
749
759
764
776
783
819
829
835
875
882
917
918
921
928
934
940
953
958
965
970
981
987
991
997
1012
1028
1041
1066
1067
1071
1075
1081
1082
1083
1115
1122
1131
1136
1142
1147
1150
1164
1165
1186
1195
1204
1205
1216
1218
1251
1255
1276
1286
1299
1304
1319
1337
1339
1345
1359
1368
1382
1408
1415
1422
1425
1430
1444
1472
1476
1495
1511
1513
1516
1541
1574
1583
1604
1612
1633
1649
1654
1661
1690
1702
1703
1716
1732
1738
1749
1754
1755
1757
1760
1794
1816
1817
1831
1871
1893
1895
1899
1928
1940
1951
1961
1962
1965
1977
1978
1985
2001
2010
2031
2032
2038
2066
2082
2084
2102
2106
2119
2133
2159
2162
2192
2212
2241
2248
2285
2303
2317
2335
2346
2354
2368
2378
2383
2405
2450
2455
2463
2475
2479
2488
2495
2497
2498
2515
2531
2543
2590
2594
2640
2656
2686
2703
2715
2722
2728
2737
2780
2783
2792
2801
2815
2828
2839
2857
2874
2884
2896
2939
2944
2976
2977
2979
2984
3008
3009
3044
3046
3069
3072
3074
3090
3091
3122
3174
3188
3189
3301
3302
3309
3314
3327
3330
3344
3353
3368
3378
3462
3480
3485
3493
3494
3495
3498
3538
3541
3562
3572
3605
3609
3625
3651
3679
3706
3709
3719
3726
3737
3752
3753
3757
3761
3770
3771
3778
3793
3798
3807
3811
3812
3815
3817
3827
3829
3853
3859
3872
3873
3875
3888
3897
3908
3938
3948
3973
3975
3982
4002
4007
4015
4030
4045
4052
4078
4102
4105
4117
4124
4129
4137
4143
4167
4175
4179
4180
4206
4221
4264
4284
4291
4299
4327
4331
4333
4335
4353
4363
4364
4399
4401
4404
4415
4416
4470
4482
4486
4493
4497
4503
4509
4513
4516
4518
4528
4537
4539
4549
4553
4585
4608
4619
4628
4640
4659
4661
4674
4677
4683
4695
4700
4703
4719
4726
4739
4754
4755
4767
4792
4820
4828
4834
4838
4840
4854
4880
4888
4898
4930
4934
8
27
29
31
35
40
50
53
54
61
70
71
73
78
80
96
99
107
112
125
136
150
176
190
192
206
214
216
218
222
226
227
238
253
267
269
292
300
302
309
329
352
357
361
412
428
429
443
451
454
456
457
463
488
492
523
526
530
538
545
562
570
576
578
581
589
636
662
664
666
689
696
698
706
713
770
774
779
787
790
800
804
809
811
814
825
838
840
845
855
874
883
893
899
926
927
929
933
937
942
949
956
968
969
973
974
979
993
994
1001
1003
1016
1018
1046
1052
1055
1074
1088
1089
1093
1096
1101
1107
1108
1112
1114
1120
1126
1129
1130
1132
1134
1143
1151
1152
1153
1155
1160
1161
1174
1176
1178
1181
1182
1189
1192
1197
1198
1199
1203
1212
1222
1237
1245
1256
1263
1269
1271
1278
1282
1291
1314
1320
1325
1329
1346
1355
1358
1367
1372
1391
1393
1409
1410
1412
1428
1433
1437
1462
1474
1480
1488
1494
1510
1515
1520
1532
1540
1545
1546
1555
1557
1559
1563
1564
1566
1571
1582
1585
1587
1592
1598
1601
1607
1608
1616
1617
1618
1628
1639
1640
1643
1645
1650
1652
1659
1660
1662
1664
1665
1667
1668
1671
1676
1681
1682
1693
1696
1704
1706
1707
1711
1713
1729
1739
1741
1772
1778
1779
1801
1811
1819
1824
1828
1839
1844
1847
1849
1854
1876
1883
1885
1900
1913
1936
1938
1946
1952
1955
1968
1982
1990
2004
2017
2023
2039
2046
2049
2053
2057
2071
2073
2077
2080
2089
2090
2110
2111
2112
2128
2130
2136
2137
2178
2180
2190
2193
2199
2201
2205
2207
2208
2209
2214
2216
2217
2219
2225
2227
2228
2229
2233
2245
2246
2247
2254
2263
2268
2272
2274
2276
2278
2283
2287
2293
2310
2312
2329
2347
2349
2356
2360
2366
2394
2415
2418
2427
2431
2433
2445
2454
2469
2471
2472
2473
2480
2504
2506
2508
2516
2521
2532
2536
2537
2556
2564
2567
2569
2572
2579
2583
2597
2601
2603
2605
2627
2628
2631
2632
2638
2644
2646
2649
2650
2657
2660
2672
2691
2700
2710
2716
2725
2741
2743
2759
2765
2766
2774
2795
2806
2840
2843
2915
2923
2924
2926
2955
2963
2967
2970
2971
2974
2980
2983
2986
2993
2997
3001
3007
3012
3018
3027
3041
3063
3065
3070
3082
3087
3088
3133
3136
3156
3187
3217
3219
3234
3276
3281
3284
3286
3293
3297
3318
3328
3332
3334
3341
3359
3403
3414
3416
3418
3422
3427
3429
3432
3438
3442
3453
3455
3491
3504
3506
3510
3517
3522
3523
3525
3530
3532
3536
3544
3568
3579
3590
3591
3597
3601
3611
3612
3634
3641
3649
3654
3658
3661
3662
3665
3683
3684
3690
3692
3694
3705
3708
3710
3711
3717
3728
3740
3745
3758
3790
3795
3824
3831
3832
3843
3848
3866
3870
3880
3881
3885
3890
3901
3902
3910
3915
3923
3943
3949
3955
3958
3963
3966
3970
3983
3988
3990
3996
4005
4026
4040
4047
4050
4061
4065
4068
4089
4103
4119
4131
4132
4134
4146
4148
4149
4161
4165
4171
4182
4184
4202
4207
4211
4216
4246
4265
4301
4305
4340
4347
4403
4413
4421
4422
4426
4427
4441
4454
4455
4471
4484
4492
4494
4505
4508
4526
4531
4532
4547
4551
4554
4556
4561
4563
4566
4583
4589
4591
4592
4610
4621
4624
4626
4630
4637
4645
4657
4664
4667
4675
4681
4697
4704
4705
4707
4710
4718
4720
4722
4734
4735
4741
4761
4780
4784
4791
4794
4816
4823
4827
4829
4830
4839
4851
4852
4862
4879
4896
4899
4906
4910
4913
4923
4928
4935
4938
4939
2
5
22
32
42
52
59
77
81
85
86
87
95
106
108
114
121
131
141
156
157
161
162
168
195
197
219
233
240
246
248
256
258
264
272
276
288
296
303
304
310
315
317
324
326
331
332
338
341
360
367
384
389
410
414
427
432
440
450
455
458
464
471
474
475
476
483
486
487
505
515
536
556
567
592
607
615
617
619
621
627
633
640
645
647
649
675
678
684
686
690
694
709
711
715
717
728
731
733
737
750
752
765
777
785
788
798
806
812
813
815
817
830
841
844
847
850
873
876
880
881
892
945
946
955
963
964
971
975
976
977
980
984
986
1033
1035
1078
1110
1118
1127
1128
1135
1157
1159
1175
1187
1190
1194
1200
1208
1209
1214
1221
1229
1230
1232
1233
1247
1250
1259
1264
1266
1274
1277
1279
1280
1283
1285
1293
1300
1302
1331
1335
1341
1350
1352
1357
1363
1366
1369
1375
1380
1381
1386
1388
1389
1392
1395
1417
1424
1427
1453
1454
1473
1484
1487
1517
1519
1526
1536
1543
1544
1550
1560
1562
1565
1572
1576
1577
1579
1580
1596
1599
1603
1614
1619
1620
1621
1626
1642
1646
1647
1651
1658
1669
1674
1680
1691
1692
1694
1695
1705
1710
1712
1721
1723
1733
1742
1744
1753
1756
1763
1765
1766
1768
1769
1775
1780
1785
1787
1788
1812
1813
1814
1820
1821
1823
1829
1838
1843
1850
1855
1859
1861
1868
1872
1898
1906
1908
1932
1943
1969
1971
1973
2014
2024
2028
2044
2055
2063
2064
2065
2079
2083
2085
2093
2104
2123
2146
2149
2160
2174
2182
2185
2202
2215
2224
2239
2253
2255
2264
2265
2273
2279
2280
2288
2289
2291
2299
2301
2307
2314
2333
2337
2339
2340
2342
2343
2351
2358
2374
2376
2386
2390
2396
2421
2424
2446
2452
2456
2460
2468
2477
2499
2512
2529
2552
2557
2560
2568
2571
2573
2578
2587
2589
2598
2600
2615
2619
2620
2630
2636
2641
2651
2653
2654
2658
2663
2666
2676
2678
2679
2698
2702
2704
2721
2726
2727
2729
2730
2733
2734
2735
2746
2748
2749
2750
2751
2754
2757
2758
2767
2769
2771
2773
2784
2794
2797
2803
2804
2807
2817
2820
2821
2823
2829
2830
2831
2832
2841
2858
2860
2862
2868
2870
2871
2872
2879
2885
2886
2897
2900
2909
2919
2922
2927
2928
2931
2941
2949
2953
2956
2957
2960
2964
2969
2973
2981
2988
2991
2996
2998
3004
3010
3013
3015
3031
3032
3033
3039
3050
3079
3092
3109
3118
3121
3126
3134
3144
3145
3152
3159
3173
3205
3209
3214
3232
3244
3288
3289
3295
3300
3313
3315
3335
3339
3348
3349
3361
3363
3365
3369
3389
3399
3400
3404
3412
3415
3419
3421
3423
3433
3434
3436
3451
3454
3459
3463
3471
3483
3492
3503
3508
3512
3515
3518
3521
3537
3540
3569
3575
3584
3595
3599
3600
3603
3607
3621
3629
3630
3635
3636
3644
3670
3685
3689
3696
3747
3749
3750
3754
3766
3787
3788
3804
3805
3808
3810
3820
3833
3836
3846
3850
3855
3861
3876
3882
3899
3913
3930
3951
3960
3964
3971
3991
3993
4011
4012
4018
4019
4048
4051
4054
4057
4079
4087
4090
4093
4101
4108
4112
4118
4127
4136
4138
4153
4156
4186
4189
4237
4329
4337
4341
4348
4350
4354
4360
4365
4379
4382
4394
4431
4468
4472
4475
4478
4480
4483
4488
4490
4498
4506
4507
4511
4515
4519
4523
4525
4530
4536
4540
4543
4548
4552
4560
4568
4572
4581
4593
4604
4609
4620
4629
4632
4672
4680
4685
4691
4692
4698
4706
4709
4713
4730
4731
4740
4762
4769
4785
4798
4841
4856
4858
4863
4873
4874
4895
4903
4908
4911
4917
4918
