4458
2553
3468
831
2382
1224
3895
2575
2439
2434
2542
2617
2585
2282
1334
4345
490
1309
1005
3355
2662
3838
1326
1460
725
2608
1030
2717
1106
2800
3128
1050
3312
2586
4373
2851
1166
4346
4878
2936
1091
4332
1554
2533
3351
1170
98
2545
3329
4384
597
846
4359
4352
2321
854
2249
2221
4392
4199
2846
2538
1530
3343
2561
2918
1098
4520
88
803
3904
4402
1419
4395
2883
2493
2647
2548
1361
780
1140
3979
532
2595
1506
3783
129
2932
2485
3796
2959
3310
396
2458
4361
1356
284
4187
4342
4172
680
2235
3307
313
4485
3352
1547
2519
1442
1069
2502
2798
2388
1026
2522
3762
2327
3497
3431
2562
274
1416
413
3411
3317
1090
94
3722
154
1953
2604
2852
658
3863
4128
1371
4151
184
539
2810
4867
2697
3017
402
2781
1489
153
2474
2559
2606
4224
316
2409
3781
2880
4391
140
3186
1584
4029
2760
1313
2530
2724
4164
2554
1528
2596
1119
3918
1685
1930
9
1999
548
692
2607
4106
546
3347
3802
2576
4357
2544
257
594
1461
2593
3797
4727
4317
702
1272
485
2813
1257
2489
1095
386
1298
1206
632
4602
252
426
2574
4651
1072
4111
3331
587
4154
4446
2837
2671
383
1478
2952
3792
1446
1776
1311
1451
639
1323
353
69
4381
4041
298
1085
1243
511
4476
2332
1173
36
2825
744
902
2655
3775
1244
757
743
848
4181
3005
2527
4655
1104
614
4570
2363
2577
2687
3337
4686
1459
3316
2878
2414
249
4218
948
3296
205
1060
2490
1158
2648
41
4162
3675
3903
4473
3786
2543
1622
3358
1348
1219
3779
2392
3308
2611
3564
1689
3511
4121
4166
1010
1378
4534
3486
1102
1795
1467
1933
395
4660
1353
952
1524
3117
4034
2368
1063
4491
4876
2151
2157
4893
584
3957
4374
4371
4036
1006
4751
56
2736
1242
1945
1342
4848
582
4728
1116
431
2693
2839
1289
833
4435
4885
1435
198
3410
430
4733
2298
4097
1276
4448
1100
928
260
2020
2447
762
3360
520
1439
1687
2914
4836
1148
878
2457
4404
4368
951
2787
2267
4850
1021
2443
14
1403
3576
3467
504
4500
771
2978
604
2814
2977
609
2444
3320
13
772
4084
4538
748
1466
1897
116
4279
2500
4574
3197
3299
2397
242
2842
3350
2549
391
4157
2550
720
2694
4203
4209
4196
2622
2534
2565
336
1455
4522
3266
4872
668
174
681
2459
1268
143
2740
1523
392
939
362
1156
111
2222
340
2455
139
941
2096
4588
852
1589
3071
4542
3823
3916
1786
4206
311
637
4110
1842
1034
199
295
1307
827
170
1117
1333
2942
859
4689
4000
4442
763
1807
1321
334
1231
1406
2465
1468
4120
2670
1329
1954
484
1252
4887
76
4643
4009
944
837
1993
187
1600
895
1760
1605
2355
1400
355
1235
2357
993
3345
1734
3322
4739
1360
2325
1782
2505
1492
4413
4344
1059
1031
1623
3954
2038
3966
1662
1653
4152
1046
2629
4114
1306
570
3321
3356
2674
1709
408
280
4901
4038
653
4469
3737
2908
1191
1124
2643
4512
1474
3962
3129
4518
4652
3959
3785
1296
2563
4832
3401
4439
793
2336
251
319
1177
1365
3294
3371
795
2819
2944
378
1162
1105
2407
1087
4562
4579
416
2881
655
351
2509
4859
722
163
3426
4204
2857
3834
758
1793
2938
1210
123
4462
561
3992
3969
2864
3122
3456
3763
4060
1
2238
2107
4654
3514
2711
405
3342
1097
1471
1644
1609
2893
3545
2692
1747
849
2101
3656
4155
4158
3319
3809
2645
68
2262
4100
47
4564
210
575
4098
2145
4073
4461
1499
4092
1447
4606
72
1308
2082
479
4749
3073
2083
4703
2726
2725
4866
4828
285
1732
1691
4383
4537
1964
194
776
4897
2498
557
989
1969
4662
2130
2019
137
2531
2128
1015
3831
1044
4090
3925
4364
1583
4661
997
4928
1012
764
965
969
4333
1928
2133
2129
145
1339
2223
3075
1844
2386
1283
1415
893
2792
240
1512
4581
3327
4676
3708
1195
921
1885
1749
4007
4898
4616
2486
545
3890
3003
1716
4590
35
2966
1838
1755
3609
2917
953
4193
843
4210
555
2799
1204
3309
2528
239
4052
1408
4899
875
4049
4509
330
3330
4015
3778
2916
1895
1612
496
835
443
4002
759
1081
2241
2212
4719
1071
2317
3485
2557
438
2346
1359
1703
2605
2722
1165
4677
3975
3770
3498
1286
740
314
150
2102
1368
3069
2780
1893
2175
2335
3847
4118
2715
2703
1847
3812
3090
3843
4335
4347
3012
3091
2971
713
528
1850
800
530
550
783
2372
551
2354
2990
4648
4589
1345
2480
644
648
4549
4585
704
2984
2119
4211
1082
4102
4619
2290
630
640
2801
3495
3985
3493
3494
3853
321
3973
1319
1940
1425
1075
4880
1985
4934
819
3008
2032
1382
1337
1066
302
3541
1817
1816
3757
3368
19
177
1794
1961
4486
992
221
421
449
1654
2488
1430
1122
2783
3948
3875
3938
2010
940
3538
2303
4553
2737
3314
2590
4708
119
3829
970
442
2162
4353
2828
1205
3188
3793
3761
58
4649
1239
3752
1491
492
3982
1899
3462
1147
1951
2896
2497
2463
3625
1754
736
4416
1164
2248
1218
4399
3651
4674
4767
3572
991
2285
4554
3923
4503
885
4561
883
3897
882
4516
4923
4834
874
565
566
918
3873
3872
917
3815
4137
4539
1871
4838
2066
3726
4129
1574
4820
1136
1028
4299
308
1738
4608
1255
4792
3562
4640
350
4363
4284
236
1604
1977
4700
262
829
335
4930
1186
2939
3009
4331
48
1284
422
3353
2159
3807
2796
4840
535
3378
1304
3605
4221
2405
4264
3189
749
3753
1055
3719
1516
3709
1251
4327
482
4182
3302
1702
4695
1495
726
4179
4415
2192
1422
2106
435
2427
1161
4852
3825
2650
1213
1640
3619
71
3341
2113
1783
3334
4707
215
3811
3046
1182
3703
3695
1418
1881
2328
4723
4145
3691
231
2163
97
1690
4497
3074
3669
2234
4633
2569
2572
3623
453
104
2685
1151
1155
3137
2609
1373
2245
1557
1741
2937
822
954
2943
1585
4636
2955
1561
2034
2965
2621
521
3798
2475
342
3827
2495
4143
501
2728
3174
4105
2815
4078
2979
4045
4030
2976
4755
2515
3706
672
3888
2884
2001
4195
4291
2450
1541
3480
1444
4888
3679
3445
4175
2656
3344
1996
3504
1910
1152
2244
1149
3522
1562
4600
1575
1891
192
1581
3571
1413
3473
4567
2233
3049
459
109
2208
108
4532
2225
4510
4505
1463
1470
4494
980
1588
144
3454
1929
1440
1114
470
4879
1245
1115
1120
942
2039
1126
3333
1505
2092
481
3882
2141
2199
1401
2227
2265
1181
2308
839
2334
1358
4711
4714
958
1101
4173
4163
1730
1711
255
306
1787
1686
3970
1808
1815
3998
3999
4731
4005
1827
1839
4050
1848
1633
1858
3883
2364
2378
4924
51
4918
27
2379
3010
3202
176
3270
2983
3217
3218
3109
2993
3213
3173
3018
3748
3747
3159
3148
3134
166
3133
3063
3065
3119
3118
1617
1620
3232
3238
3403
3235
3279
447
21
2716
393
384
1700
2477
2476
3244
2473
2806
2349
3991
3996
3087
238
4016
1713
3082
4026
229
3081
4033
226
1701
4047
3072
3990
4055
1736
247
1788
2278
817
269
1772
2283
2284
3914
2288
1763
1757
3102
3955
3101
804
246
790
4080
1676
3002
3001
562
563
1592
1074
770
2376
2387
1564
2841
477
3219
3234
3251
3272
3301
480
3328
424
3418
412
411
3438
3446
425
488
2941
578
2567
691
2578
689
2588
2641
2658
662
2700
2709
2723
626
610
1187
581
3455
3491
3506
3510
3682
3683
3685
3693
309
3727
3742
292
3832
3833
4132
709
1052
4484
4483
4482
2416
1476
698
1518
1531
706
1540
4376
4367
728
4213
2454
4207
4528
1058
1330
1340
4670
1364
4628
1367
4622
4611
2560
1388
4583
1393
1397
4545
4540
4531
4681
1607
1634
2057
899
3517
3525
3532
825
1892
3670
3584
3591
1096
2201
4839
789
4697
4699
1222
1826
1291
4784
1659
2084
4780
1234
1830
1834
4726
1254
2209
4747
2203
4743
4741
4779
2085
1267
4862
2109
1130
1132
1135
2134
4908
4906
4903
1616
779
1189
2090
1107
1803
3635
3634
4863
2149
2150
2160
2198
2127
0
2255
2254
2253
2247
2246
2239
2229
2228
2226
2224
2220
2219
2217
2216
2215
2204
2202
2197
2191
2189
2182
2176
2164
2147
2146
2142
2139
2131
2125
2256
2264
2266
2268
2350
2345
2344
2343
2342
2341
2340
2339
2337
2333
2330
2329
2326
2315
2124
2470
1036
1035
2868
1033
2869
2870
2871
2872
1037
2873
1025
2877
2879
2885
2886
2887
2888
2889
2876
2865
2863
2862
2823
2824
2827
2829
2830
1054
2831
2832
2833
2834
1049
1048
1047
2835
2836
2858
2859
2860
2861
1017
1016
2892
1013
2957
985
984
1555
4355
3772
957
956
955
4360
3771
4354
3769
2081
4365
947
946
3767
3766
2087
2079
2065
2062
2060
2044
2045
2046
2047
3784
983
982
981
2049
2052
2054
4348
2055
973
972
4350
4351
2088
2089
2095
938
3736
911
3732
4386
3724
3716
900
3079
3746
4377
3743
4379
4380
3741
4382
3739
3738
898
896
2098
894
4394
892
3749
3758
3759
2042
1992
2000
2003
2006
2009
2011
2012
891
2015
2024
930
2025
2030
2031
2033
2040
2022
1991
4396
2110
3660
3659
3657
844
4428
842
841
840
838
3045
3689
3671
3666
3663
2111
3650
3690
3649
3645
4431
3644
4433
830
3643
3646
3637
3692
3696
1960
1965
1966
1967
1972
1975
3694
1978
1981
1987
3705
3704
3698
3697
1979
1956
3636
3630
799
798
3611
3610
3608
3604
3615
3601
785
3599
781
3598
3027
3627
4445
806
807
808
809
810
811
812
813
815
816
1950
1948
1947
1944
1941
1938
1935
1932
1931
1926
1924
1923
1921
1920
1919
1917
1916
3626
777
4468
3616
3567
3569
3575
731
732
733
734
4499
4498
737
738
3580
4493
4489
1913
2991
4508
4507
4506
3560
3565
3583
3596
3597
4488
4481
4480
750
4479
752
753
4478
4472
765
766
1911
1907
1904
1901
1900
1890
1883
1882
718
1876
717
715
675
676
678
679
4533
3529
3530
684
685
686
687
4529
3531
3534
4525
694
695
2390
1292
1290
1288
2573
2571
4578
4577
1658
2568
3842
4573
4572
3205
3206
4072
3209
615
616
617
618
1281
4568
621
1293
622
593
1294
4604
4057
567
568
2612
2610
4058
3175
2603
3180
576
3851
4597
3850
1302
2600
2599
2598
2597
4591
1301
2767
4629
534
1194
536
537
538
4627
1572
1571
1192
4624
2758
1565
4620
1563
1560
1558
2753
3876
2751
1198
4631
1576
3055
2768
1594
1593
4113
3252
3425
1184
3862
515
1587
3864
4638
519
4109
3423
1582
4108
1190
526
527
1577
2750
2749
2748
4250
3818
645
646
3820
649
650
3821
3077
3078
3822
2639
2636
1598
1597
4515
4511
3836
3432
2624
2620
3429
1610
1611
2651
636
2676
1642
1202
1632
3064
2668
2666
3804
3067
2663
2616
1627
3808
3810
2657
627
628
2654
2653
633
634
635
2661
446
2731
4685
4153
1490
2730
4680
450
2729
452
4678
454
455
3884
3885
458
441
440
1497
2732
4156
1502
2738
1501
2981
4694
427
1485
428
4692
432
4691
2734
1498
436
437
429
1484
461
2727
487
2718
1462
1118
491
1457
1456
486
494
2375
4713
3297
3295
4716
3292
4718
3291
3290
3289
3288
1175
4729
4730
1159
4732
4087
2279
367
368
2309
370
1150
372
4709
1153
4737
377
2300
2299
380
381
3250
1199
3318
4706
1226
3363
1230
1232
3369
3370
4037
4028
1246
1247
4023
1249
4020
1822
1355
3913
3912
3910
1369
1372
3900
1374
1375
1376
3899
1386
2678
2679
4704
4705
2680
1387
2931
1390
2929
1391
2928
2686
2927
2926
2925
1392
1395
3917
1396
3922
2949
471
3965
469
3964
467
3963
464
463
3956
3952
2963
3951
3950
2962
2961
356
299
4251
296
3033
3034
4252
3459
290
4782
288
3463
286
3464
3465
282
281
2512
279
276
4790
4791
1450
3789
1449
303
329
2521
325
324
1438
4762
4763
2704
318
317
1441
315
4243
4768
4769
4770
4773
307
2708
305
304
1448
332
3550
711
219
2996
2312
4214
4215
214
2998
1863
4216
3216
1110
1111
3503
2402
712
222
1864
224
2901
1829
1694
4101
1078
1079
234
204
233
2314
1865
1086
3482
1088
4822
1089
4099
1070
202
1832
4053
4844
3556
1833
172
171
4051
3508
3156
2504
157
478
2699
2956
161
162
2698
165
1068
2804
2805
1067
2954
2807
1744
2953
1412
3127
3126
3125
4222
181
1705
3121
186
156
155
1411
3521
4870
120
121
122
498
1869
2794
3138
259
3557
1812
4860
1819
138
141
142
4326
4856
2897
338
2769
2770
4873
3336
2771
2772
110
2551
1840
113
114
115
197
1770
2425
191
112
1774
201
1259
81
82
341
85
86
2460
339
1768
89
91
4883
1679
1766
1767
96
1260
3335
1264
2358
2784
1799
3016
1797
3015
3014
3013
4144
2371
2422
2922
2919
4290
1761
70
4300
67
4895
1743
1779
62
60
59
248
3039
54
53
250
1215
50
1742
3105
3104
3098
3051
3052
4664
4854
4853
4180
1271
4186
4663
1270
2360
2362
1346
2973
2969
3788
1800
4131
4130
2421
4017
2822
2821
1216
34
4910
4911
3246
4914
2817
33
1722
1721
4917
2818
4921
4922
3931
2744
2743
3930
1670
3144
1669
3871
3927
3814
3816
3920
1295
3826
1279
1261
1258
3860
3869
1196
3906
3893
3891
3889
3865
3868
1238
1240
3858
1236
3782
3937
1042
1043
1045
1053
1056
1083
1532
3780
933
1197
1237
1488
1041
1432
943
1092
949
1278
1108
962
1810
1503
2158
3790
1014
1496
2120
1003
1263
1154
3953
4940
1163
1172
1315
3794
1320
1327
3942
1145
3994
3981
4067
4066
4062
1019
4059
1022
1023
1024
4048
1057
1064
1805
3795
1176
2193
1955
4065
2181
1299
2180
1527
3773
3943
3768
1314
1504
1912
4006
3995
3988
1431
4939
968
1718
1433
967
4933
3201
924
4635
925
4634
935
936
4123
4122
4107
4104
3199
1988
1986
3204
1998
379
4119
4626
1997
923
394
756
4285
926
2660
1494
1608
2487
3024
787
791
1630
3215
4592
4093
1970
4225
4184
4185
4785
4786
1729
4555
2710
457
460
4103
1698
328
327
1537
4682
922
2632
1982
4683
2423
1666
297
1663
1902
2440
856
4559
1661
4138
1590
3153
2891
1657
860
1667
1854
4475
2690
1618
4325
1112
1628
1635
1579
2691
2043
4563
3107
1889
4135
4148
4471
2986
4684
1570
1809
294
300
1820
4134
2913
4530
525
1914
524
2951
2240
2274
3405
4495
3413
1683
4524
3417
4514
2273
1675
2277
2242
1699
1458
2230
590
2923
3416
2791
3658
1952
1778
2389
2007
589
591
1706
4687
2305
2306
2310
3684
3686
2997
2319
1727
2067
2276
3211
4598
1636
2366
3484
2263
1643
3430
1836
1824
4513
4657
1963
2777
4188
4170
4169
4168
1976
2026
2803
3141
1980
1983
2779
3112
3132
2126
4089
1968
4088
2982
1990
2764
1962
2765
1704
3030
2802
2628
2029
3284
2614
3228
2838
1509
1510
2970
4171
1903
4147
1724
2506
2231
1141
2910
465
4437
4541
1719
2218
3437
3439
4569
3443
3444
419
1625
3449
4582
4584
4543
2875
2211
2213
3364
3665
2205
2594
3624
1874
3590
3579
802
3526
1849
4816
3614
4817
3559
2529
2075
4440
4441
3740
1777
2207
3710
3382
4637
4642
2210
3476
2909
2004
4586
3442
1142
2874
4551
4408
2713
2712
613
2135
4753
228
3011
3539
3542
232
605
3006
244
4738
2967
3247
4330
3535
4725
666
665
4744
4754
225
361
216
124
1093
1094
612
173
700
3581
3007
3717
4401
359
4734
3654
2968
4937
1481
209
208
207
4766
1479
203
4248
4247
3025
4303
4362
2701
1482
4760
2068
3502
217
3038
657
1785
223
696
2535
3414
1739
2840
1752
61
3276
3275
337
4639
169
1535
4302
2536
4301
697
125
131
1480
2706
227
218
3551
4761
206
4777
188
179
253
1649
83
4932
1714
26
4935
4470
11
1519
4288
4289
3236
3237
2155
890
2156
3254
3528
4717
4736
1831
2646
3553
2136
929
1338
1521
4720
3422
1717
2492
872
1520
4429
3582
4430
4799
4432
160
2652
960
4453
4793
2091
4443
4803
4451
1429
3577
4452
2659
4787
4456
4436
2635
178
4833
3593
4831
2975
4829
3592
2069
3729
2633
130
2634
266
2638
354
2513
3293
2759
2618
4422
4421
3687
4646
4420
2795
4884
3728
107
4845
3612
4896
3731
3613
2491
55
4830
2435
4424
4426
4526
2168
3568
988
2631
987
3548
4675
2190
4804
3662
3283
4926
3488
3184
267
2974
3187
261
4874
2177
1606
2196
2178
2183
1573
2053
1578
1645
1937
1394
2626
4673
2613
1080
4810
778
541
1927
540
2108
4085
2018
2625
4672
571
3100
3097
3096
4855
663
2601
1915
2432
4849
4304
103
4307
1818
2436
2739
3274
100
3678
3070
4710
2673
1434
3042
2809
3037
4150
4607
1529
1665
579
2214
2396
4630
760
1936
1559
572
3066
99
4851
1351
2816
2431
3089
3640
3641
1894
4212
4305
2649
2766
3281
509
3282
3273
4724
1103
4459
2017
4735
2080
1725
2742
4086
814
2754
190
4081
1143
2072
2073
2741
4892
2964
664
2508
2507
2121
2367
2384
2555
623
1553
3285
903
2541
1888
2037
4668
3725
3466
4269
3667
2385
4339
708
990
2393
1002
4217
999
2582
2580
3171
4641
2391
996
4239
4240
2348
80
78
3668
2140
1789
25
1879
348
2481
347
4929
2165
146
7
2166
1652
1671
877
4340
1681
1875
3113
2579
2071
845
1759
4400
4938
2013
4936
8
6
1568
2517
1567
2518
3713
3712
