4219
426
69
2364
2312
1091
2717
184
4893
4902
1243
1313
1106
402
4652
393
1244
1326
1102
1072
438
1622
1419
1230
1334
1930
1455
1257
2249
1378
757
750
804
772
1289
207
4458
4199
129
2562
4164
532
522
3312
4832
4474
4897
4836
2242
4469
1131
2594
2458
2671
1178
1166
1119
1170
1506
1371
1416
1300
1252
1224
2528
2554
2606
2586
1206
1195
2156
1365
1116
2434
2607
3329
4876
4538
2489
138
726
2617
3769
2561
2553
2584
395
2282
3781
2414
35
1140
3352
4655
1757
1205
1342
3331
3337
80
1163
4172
4156
386
2522
337
1117
1361
1471
1530
1484
4485
1104
1461
4508
1463
3975
2321
2596
1082
2878
4888
4878
1523
1685
3797
3468
3863
3783
98
3786
3343
153
2542
154
1309
490
3316
94
1776
1489
1451
1732
1242
1734
1219
3351
1472
1323
1081
4317
3017
4111
2740
2485
2475
1360
2502
2601
4861
1052
4866
973
252
3895
299
1356
298
831
4187
246
4041
1098
4643
1090
3918
14
4476
4660
846
2223
780
1333
2382
170
145
4491
4659
1158
2670
3310
3411
584
2595
681
4381
702
4332
4029
3319
833
4345
4336
4047
828
4365
3957
3979
1296
1085
3838
2538
316
1087
1786
1600
2439
1406
1662
4151
854
2493
2490
4138
4885
743
2604
2559
4848
763
878
2231
902
2409
895
1005
1782
546
1447
4522
2368
3301
959
2575
3322
1026
2447
4473
2593
3904
1050
1435
1945
1747
1030
284
4162
2760
261
3802
4627
242
41
657
3294
4648
3355
1474
4446
3299
4662
632
1653
2327
2846
496
3486
653
4708
88
187
123
2484
4034
3307
4739
4392
413
1235
3564
3762
3792
4359
3675
4367
3722
1933
1964
3916
4371
199
2020
4588
3823
4361
1348
2355
1306
2883
614
1063
4357
852
1605
2608
2662
2530
539
2221
2880
3971
4373
1547
4119
1885
658
1760
4677
1276
306
793
2645
4090
4166
1307
594
969
1400
321
1460
4651
2551
4887
3347
3785
4396
362
391
481
1100
2388
2781
4751
9
1283
4106
2800
2443
405
1439
1095
1689
4676
803
1795
1218
2519
111
430
604
952
1298
2157
1554
3371
3925
4038
2363
1239
2779
3328
4570
713
2163
2936
2918
4036
36
353
257
4384
504
859
948
2527
4686
140
4435
4352
548
624
2798
3401
4520
456
819
76
940
2533
3308
13
1034
1148
2133
1985
2151
2814
2851
3545
3903
3779
4486
3497
587
1272
1871
2459
2444
2457
2810
4872
4602
4727
3431
997
1528
2545
2544
4099
4689
744
795
1488
1028
951
1069
1459
1097
1478
1999
2647
2837
3341
3661
4899
3985
3963
4500
355
392
1589
885
1703
1609
1173
2332
2349
4534
2839
3296
4358
73
725
882
1010
1165
1687
2083
3075
3467
4152
351
1425
1524
1993
1838
2585
4033
2932
3156
3073
3320
3511
4664
4221
4518
143
119
313
4402
1513
485
4928
1071
1492
2032
1690
2370
2825
2966
2916
4562
280
609
1060
1115
1191
1442
1403
1511
2298
2378
2697
2978
3358
4154
2372
826
991
2102
2031
2263
2392
2336
2498
2577
2629
2509
3128
3778
3843
4060
4196
4733
174
4114
545
597
837
1446
2096
1954
2455
2648
2565
3286
3938
4007
4206
4391
4703
51
224
1015
340
383
582
637
783
941
1269
1522
1156
1408
2474
2787
3576
3410
4850
3809
3796
3954
4000
4009
4346
4579
451
205
4179
396
1467
520
1128
1105
1162
1940
1800
1359
1755
2162
1953
2267
2622
2842
2534
2611
2959
3514
3831
4442
4616
4934
274
424
1382
492
692
668
749
944
993
2203
1466
1319
1842
1921
1644
2119
2085
2238
2235
2325
3186
2576
2881
2574
3071
3129
3544
3330
3456
3752
3992
4053
4121
4342
4340
4590
4567
1
3625
163
68
112
939
239
561
557
762
921
1031
1066
1311
1177
1210
1709
1735
1304
1654
2397
2359
2345
2687
2548
2852
3426
3541
3847
3853
4098
4181
4607
4516
4640
4754
4840
4448
48
336
314
335
330
480
570
511
722
1124
965
1067
1150
2145
1320
2039
1574
1928
4859
2486
2939
2643
3266
2813
2990
2724
3538
3445
3465
3317
3485
3360
3356
3368
3493
3753
3959
4299
4092
4279
4368
4589
4700
4654
4724
4728
4880
19
222
198
221
229
249
4363
350
416
459
644
748
759
758
771
848
928
1041
1059
1114
1956
1881
1892
1430
1410
1499
1339
1816
1337
1368
1612
1897
1899
2001
1978
1793
2222
2303
2674
2686
2783
3005
2563
2908
2711
2952
2736
3069
2780
3498
3605
3910
3815
3897
3890
3829
3948
3962
4218
4097
4118
4128
4157
4383
4439
4531
4901
4461
58
177
108
319
311
295
442
431
1216
1730
421
508
3982
530
564
612
720
655
764
2212
849
875
917
970
1329
1075
1876
1136
2010
1491
1245
1895
1893
1616
1584
1604
1961
2137
2073
2357
2248
2246
2276
2274
2655
2432
3122
2500
2828
3188
2801
3314
3332
3464
3732
3740
3495
3585
3793
3763
3834
3873
3955
4015
4102
4224
4404
4377
4395
4574
4582
4494
4719
4637
4838
4930
139
27
47
96
352
308
449
550
630
639
736
680
790
835
945
979
1582
1147
1164
1345
1409
1186
1202
1562
1255
1588
1633
1951
1738
1668
1754
1965
1977
2107
2244
2272
2285
2371
2440
2917
2694
2463
2464
2480
2497
3027
2531
2896
2605
2914
2942
3101
3102
2819
2938
2983
3197
3656
3321
3403
3342
3572
3651
3350
4509
3562
3453
3522
3706
3761
3775
3973
3988
4052
4086
4284
4100
4158
4171
4203
4209
4401
4674
4767
4493
4497
4503
4624
4738
4792
4834
4918
97
191
109
210
1055
3770
4415
422
1476
470
435
443
484
482
523
526
535
555
786
822
1231
845
4462
838
843
1012
1096
2139
1495
1874
1826
1473
1971
1822
1161
1182
1346
1251
1284
1801
1819
1353
1516
1422
2159
1391
1900
1938
1946
1557
1896
1585
1583
1702
2038
2153
1623
1640
1850
2106
2023
2025
2192
2204
2346
2228
2405
2233
4631
2421
2416
2328
2730
3189
2473
2504
2550
2569
2899
2980
2965
3289
2799
2692
3012
2715
2722
3009
3085
2857
2796
3046
3137
3117
2893
2957
3737
3302
4759
3709
3353
3623
3695
3378
3690
3429
3703
3719
3669
3825
3864
3807
3875
4016
3965
3972
4073
4182
4264
4193
4210
4327
4374
4416
4553
4577
4539
4564
4723
4695
4707
4784
4867
56
72
124
236
227
192
238
327
342
251
254
260
269
378
279
325
4431
389
412
2284
474
488
501
505
562
575
640
578
626
636
645
691
672
732
728
709
815
779
774
893
930
918
953
987
967
977
4851
1018
1444
1074
1267
1112
1187
1130
1135
1134
1254
1160
1541
1518
1181
1234
1208
1763
1634
1282
1286
1291
1817
1412
1367
1381
1950
1590
1686
1608
1650
1827
1676
1829
1713
1739
1733
1839
2089
2028
2066
2101
2090
4743
2216
2288
2404
2247
2255
2407
2262
4854
2356
2656
2433
2450
2454
2700
2590
2465
2723
2472
3218
2864
3219
2488
2495
2505
2515
2521
3234
2532
2537
2549
2621
2564
2941
2976
2979
2657
2984
2728
2734
3072
2773
2923
2815
2884
2944
3008
3174
3313
3318
3711
3635
4628
3344
3480
3615
3399
3609
3532
3438
3454
3679
3491
3494
3510
3525
4863
3685
3757
3798
3882
3827
3832
3872
3888
3885
3998
4049
4045
4078
3990
4030
4105
4207
4115
4175
4143
4204
4155
4195
4291
4331
4335
4343
4344
4512
4482
4484
4505
4786
4513
4515
4523
4826
4675
4548
4670
4560
4820
4605
4780
4681
4697
4704
4705
4755
4740
4828
4833
4839
4852
4908
8
125
190
176
53
136
26
29
31
181
107
61
86
218
99
116
214
216
361
262
264
302
300
4426
457
408
463
478
565
566
509
528
538
569
664
589
666
787
814
770
2207
844
827
829
840
855
883
929
874
926
927
933
934
937
946
1003
949
1049
968
974
994
992
1001
1021
1046
1176
1192
1559
1083
1088
1093
1143
1108
1825
1122
1127
1955
1335
1197
1774
1157
2180
1198
1199
1364
1212
1237
1532
1263
2182
1278
1540
1314
1433
1831
2017
1765
1372
1393
1515
2193
1828
1428
1437
1811
1794
1952
1468
2112
1480
1494
1510
1521
1545
1546
2110
1779
1555
1563
1566
1618
2053
1645
1592
1607
1847
1617
2004
1628
1729
1667
1824
1639
1643
1649
1652
1820
1665
1671
1706
1681
1682
1778
1693
1982
1704
1889
1849
2080
1743
1772
2049
1936
1990
1962
1968
2057
2071
2190
2178
2200
2205
2390
2396
2360
2366
4507
2315
2254
2287
2290
2293
2354
2418
2394
4563
2729
2638
2672
2445
2479
2632
2759
2646
2766
2506
2508
2795
2516
2874
2536
2583
2832
2898
2579
2603
2963
2970
2974
2627
2982
2631
3187
2644
2649
3288
2660
2691
2693
2703
2840
2710
2716
2725
2737
2741
3083
3089
2765
2774
2806
2843
2971
2924
2997
2956
2967
2977
2986
2993
3001
3007
3018
3284
3041
3276
3063
3065
3281
3133
3293
3297
3645
3455
3345
3629
3359
3579
3658
3684
3414
3416
3418
3422
3665
3590
3442
3710
3462
3696
3506
3517
3717
3654
3612
3692
3708
3568
3601
3662
3726
3597
3705
3641
3745
3728
3758
3943
3795
3790
3870
3810
3812
3908
3817
3923
3848
3859
3902
3866
3915
3983
3966
3969
4068
4065
4020
4028
4061
4084
4089
4103
4184
4243
4117
4124
4129
4133
4137
4146
4149
4202
4160
4216
4165
4167
4305
4246
4301
4355
4382
4413
4421
4422
4427
4441
4454
4455
4470
4475
4610
4526
4528
4687
4547
4816
4551
4554
4592
4561
4583
4608
4683
4645
4649
4823
4720
4718
4726
4741
4761
4794
4874
4830
4923
4926
4910
4938
4935
4939
2
5
10
22
32
33
40
52
54
59
67
78
81
85
87
95
106
114
121
137
141
156
157
161
162
179
195
197
226
233
245
248
253
255
256
266
272
276
281
288
291
296
303
304
309
310
315
317
326
331
332
338
341
357
360
367
384
410
414
420
427
428
429
432
440
450
454
458
464
471
475
476
486
487
515
521
536
556
567
576
581
592
607
615
617
621
627
633
647
649
661
670
675
678
684
686
688
694
696
698
706
711
715
717
733
737
739
752
765
777
788
798
800
806
808
810
812
813
817
830
841
847
850
869
876
880
881
892
955
956
963
964
971
975
976
980
981
984
986
1006
1016
1078
1089
1101
1107
1110
1129
1132
1141
1144
1149
1152
1153
1159
1174
1175
1188
1190
1194
1204
1209
1221
1232
1241
1247
1248
1249
1250
1259
1264
1270
1274
1280
1285
1293
1299
1302
1321
1341
1352
1363
1366
1369
1375
1380
1386
1388
1389
1392
1395
1415
1424
1427
1436
1453
1454
1487
1526
1536
1543
1544
1550
1560
1564
1565
1571
1572
1576
1577
1579
1580
1587
1596
1597
1599
1601
1602
1615
1619
1620
1621
1626
1627
1642
1646
1647
1648
1651
1658
1669
1680
1691
1692
1694
1695
1705
1707
1710
1712
1715
1717
1721
1723
1744
1753
1756
1766
1768
1769
1780
1785
1788
1812
1813
1814
1821
1843
1846
1855
1859
1861
1868
1872
1873
1898
1906
1908
1932
1943
1969
1973
2014
2044
2046
2055
2056
2063
2064
2065
2077
2079
2093
2104
2123
2146
2149
2160
2174
2185
2209
2215
2218
2219
2220
2224
2225
2227
2239
2243
2253
2264
2265
2268
2273
2278
2279
2289
2299
2305
2307
2308
2309
2316
2326
2333
2339
2340
2342
2343
2374
2376
2386
2424
2431
2446
2448
2456
2460
2468
2469
2470
2476
2499
2512
2552
2557
2560
2566
2568
2578
2587
2589
2598
2600
2610
2615
2620
2630
2636
2641
2651
2653
2654
2658
2663
2666
2676
2678
2679
2688
2689
2698
2702
2704
2726
2727
2733
2735
2743
2746
2747
2749
2751
2752
2753
2757
2758
2767
2769
2771
2784
2791
2794
2797
2804
2807
2817
2820
2821
2823
2829
2830
2831
2838
2841
2858
2860
2862
2868
2869
2870
2871
2872
2879
2885
2886
2897
2900
2909
2915
2919
2922
2926
2927
2928
2931
2949
2953
2960
2964
2969
2973
2981
2991
2996
2998
3004
3010
3013
3015
3033
3039
3044
3050
3079
3092
3109
3118
3121
3126
3134
3144
3145
3152
3159
3173
3205
3209
3214
3232
3244
3300
3315
3327
3335
3338
3339
3348
3349
3361
3363
3365
3369
3370
3376
3384
3389
3391
3400
3404
3412
3415
3419
3421
3423
3427
3433
3434
3436
3471
3482
3483
3492
3503
3508
3512
3515
3518
3521
3530
3537
3540
3543
3569
3575
3595
3599
3600
3603
3604
3607
3618
3630
3633
3636
3670
3689
3747
3749
3750
3754
3766
3771
3787
3788
3804
3808
3818
3820
3822
3824
3833
3836
3850
3855
3861
3862
3876
3899
3913
3930
3949
3951
3952
3958
3960
3991
3996
4011
4018
4024
4054
4057
4079
4087
4093
4101
4108
4112
4127
4130
4134
4136
4148
4153
4161
4180
4186
4189
4250
4337
4341
4347
4348
4350
4353
4354
4360
4364
4379
4468
4472
4478
4480
4483
4488
4492
4498
4506
4510
4511
4517
4519
4532
4540
4542
4549
4566
4568
4572
4578
4585
4591
4593
4609
4619
4620
4621
4629
4630
4667
4685
4691
4692
4698
4706
4709
4710
4711
4713
4730
4734
4762
4769
4782
4790
4798
4841
4856
4858
4864
4870
4873
4895
4903
4906
4911
4917
