0.964439956245242
0.8650537271899089
0.8323846287227145
0.8822211567270706
0.8419552963839986
0.6026836510200209
0.597802674987312
0.5718231482286984
0.9048935135970095
0.7723985042043989
0.8294875947439733
0.7427190681830496
0.912793036246522
0.5752863730035532
0.9386861109166673
0.7350211322873481
0.8105254152266508
0.5026559528025065
0.5885571994906263
0.8985520357044934
0.9201353990118205
0.5002670926163952
0.8493993825263426
0.7764695548048093
0.6447735041433683
0.7537197873528604
0.6866551216286438
0.6361299966250398
0.9417649974982052
0.5469395017430639
0.9452103385062565
0.9621589483268085
0.5981286434512638
0.833952106437387
0.760992666402387
0.7198402226775955
0.695939436394953
0.8578865213268391
0.5401257162554858
0.5497727091312344
0.9692363576662393
0.7948951816528662
0.713689427362173
0.8123834616110459
0.5651227336473448
0.7478465987823919
0.6191388488613512
0.6514346834187211
0.7579560968003023
0.5086851955066622
0.9114629580577818
0.8939846399654163
0.6139875049384225
0.8650525169163041
0.5335907177371813
0.6702702218622187
0.892920808266372
0.6336406442095146
0.8274621749792372
0.5281409316780852
0.9695673819730902
0.7055506020224005
0.6790393439767086
0.6555378584219045
0.8476415579330534
0.5732729892139681
0.8068029507493633
0.8096231580951169
0.9632828018454949
0.90031688490285
0.6040897157529381
0.6007885975720617
0.5739900080714002
0.9588300558021363
0.5690441920784324
0.842219845968283
0.7077666922532457
0.79837132622302
0.5807670071376471
0.6815224221142541
0.950793798115555
0.9657631630513904
0.7168542984342305
0.686732950000407
0.7490717381915755
0.7172900871302067
0.8402943537772593
0.6444422056481263
0.6270937410667116
0.523317941046123
0.5672517461943062
0.6251958132747599
0.819117258353411
0.7070536224824941
0.5166925575750808
0.5878630642516964
0.7212541868578413
0.6537720022033298
0.6856017873240694
0.7796345064614723
0.6626849731780737
0.8057356951698977
0.9209704662205822
0.936237325363894
0.7093320805914405
0.8263011397178704
0.8898161185784232
0.8288272385242497
0.982257297441168
0.7246049848654446
0.5294687060699621
0.9733540311762499
0.9029548268882599
0.8864350530441081
0.6450973245257466
0.6490393331073414
0.8281568165800266
0.6323649766233761
0.7858952630663911
0.5561094073953103
0.9725118614637853
0.9827266562489694
0.7182178237454913
0.7799256992372072
0.858061549269314
0.6962298093701081
0.5371974852307413
0.5520490143413073
0.7003311494604167
0.6230705234260259
0.919652698891826
0.5535275867422956
0.7403727540784639
0.8463609192433397
0.5889599784084361
0.7731172789799226
0.6833331500030595
0.5666492408799644
0.8473551106207502
0.6808667628252985
0.8381251966498422
0.5677678851028187
0.9072456910403541
0.9718427167369774
0.7020484743179755
0.9363576408838439
0.7241562344269417
0.8702904439590948
0.6326743644933249
0.6963257371182621
0.8772990008853534
0.556942327497258
0.5855238710646149
0.5395096464735154
0.7636608646823423
0.507264492183046
0.5824838307651823
0.7761194504372216
0.8797142105370375
0.7504758116311987
0.7167767176169539
0.9689530614089468
0.8928823284959706
0.8577141631583297
0.6193133059920684
0.612027792427266
0.9827036228676731
0.8823002635522423
0.6676634926044898
0.7057007698087612
0.8624304002843163
0.5033322758802177
0.9504506462644449
0.7124975391992492
0.8145003238430364
0.8920026687228833
0.5911043295123322
0.529723829322069
0.7403431576524787
0.9810604323002909
0.8458023415322753
0.8938575403189586
0.6086407403415383
0.6160716400506466
0.8754818165412976
0.6681468938679467
0.9643173088630809
0.577356000300012
0.7167939134326688
0.7550801161019061
0.962491704637632
0.9649063752892775
0.835304990850227
0.688890325124774
0.6760766299701232
0.686100581628059
0.977793870814441
0.5729928631009291
0.5858713061813736
0.6614568889750816
0.7160987684388109
0.7412891335959373
0.6421962659790124
0.9304186561110781
0.8672855659649417
0.9839068135734095
0.559112646328783
0.9274068053665394
0.5888392052340062
0.8015694624568905
0.8796973008357576
0.923029144382068
0.6698803237892386
0.6778957661678001
0.6239130025270166
0.9522104607266568
0.908181286799459
0.6848604918197381
0.9519466738592293
0.8789216525207093
0.5379625990916919
0.9874802054359606
0.740084116362016
0.7737356142316218
0.8542580837357897
0.5997420287508725
0.7792091181544873
0.6875485126276174
0.822238525332011
0.6427915368602979
0.5536309541386859
0.8586553670704451
0.9762222005635086
0.5828193978865681
0.8494253608247506
0.8095826475511275
0.7532052479115936
0.6046785238915526
0.6646065279078284
0.7373624365600839
0.6293985978521975
0.8973101192607127
0.8182107845246506
0.9536157738273052
0.680157436603354
0.5414416522920211
0.9024657686851203
0.886747098707416
0.5495490397596158
0.8983919096801551
0.8011916674970054
0.5412333746604214
0.8518724181189508
0.5471928682666684
0.9146739829956955
0.5284350382029739
0.5007409848714361
0.9166239871611224
0.7594915276558787
0.6931263021566767
0.7409701288769492
0.7102986728058833
0.8631804506051786
0.7984252746280305
0.7217096168931985
0.9549212495743852
0.9189947362160784
0.7491729175745125
0.9507493070437099
0.682841871417654
0.9684683686995512
0.8048846831702988
0.7772538593478949
0.9446320551741356
0.5424012933740895
0.9308084221546657
0.7692890139847697
0.6482682089594394
0.8024233180876881
0.7657259437555224
0.9982087803040682
0.7113524306764512
0.9464671374370308
0.9736344603043623
0.9048862283485182
0.8825145221438135
0.8674823172476185
0.5783555814166768
0.6880148869976628
0.6615996408641958
0.7386366706454781
0.8051082048345186
0.8536120975332014
0.9264266694894658
0.913889277474122
0.7360991342202433
0.9530690768740717
0.6997410486204438
0.962465550931067
0.9617181439917843
0.7118337668922277
0.7534335716454205
0.882253690170772
0.5617978526111778
0.6282794130779139
0.728206661695233
0.9111015920015927
0.9721710879866684
0.6852285142697495
0.5237283211290542
0.643272877833527
0.9119462462213941
0.7935434780689932
0.7495092540750524
0.7821436111497246
0.7701204709036129
0.79168646424078
0.6417612196888098
0.9124260599426826
0.6348074540941997
0.6532133340317404
0.773962150655819
0.9346212049486429
0.546223802206605
0.886222348341132
0.5385050928448292
0.7446654994599475
0.6056467018174652
0.815414593984711
0.72132322743686
0.822179260436636
0.8482694637321972
