0.9652087642951115
0.6996528130964172
0.5281322954992858
0.5338846131138095
0.8358073359382081
0.9225067230799222
0.9691735861482693
0.5298246106267115
0.8881650051903682
0.8918944823850251
0.6009592294521793
0.5919829178818674
0.9441920322648688
0.6017148083700088
0.8728785375345824
0.9276040227400828
0.6864517811483699
0.6433514401013023
0.9126964855102628
0.7744907252020821
0.7486801373823215
0.867696172071726
0.7926604008108518
0.8870588809542836
0.5527037899379298
0.7580568459523226
0.693644909428034
0.6556919996111341
0.6984161650115556
0.740452453325764
0.921255326540534
0.9719484721996136
0.9026786425282864
0.9305243830193033
0.6761983061442598
0.5415635029722476
0.5440909671337305
0.7178647642062519
0.987672952354675
0.6656678709377166
0.990670491596176
0.737191208255353
0.8613626431105028
0.5225713817524832
0.7559137469438599
0.9682095973599164
0.7401982343639046
0.6721370727793532
0.8212620010063925
0.9853900283224697
0.7396771779230764
0.6945544610733838
0.8232476025685034
0.74653976110469
0.6029874703345057
0.5974846368869384
0.740464433594892
0.9459153516988028
0.6990910929019811
0.9922056302256017
0.8261356885362892
0.5853316034312314
0.5969939197532594
0.7586437191941602
0.6177569545076362
0.893702574427732
0.9428407438246393
0.6730629609551324
0.7987788801000943
0.7559354485636783
0.6469424025364209
0.9716845251582945
0.5442368847102748
0.8707857620019417
0.9461916734670697
0.6544618123798975
0.5453413307274657
0.5867095215953859
0.8978251015233956
0.7983072018924707
0.5813262909006438
0.8984103484797819
0.979438732115134
0.8059465879784748
0.6025890931500021
0.8759515309672419
0.6017941544383048
0.6803117240964536
0.7987269061253985
0.6659632919465303
0.5466326714790565
0.9400683983867582
0.5923700056644348
0.727490563278929
0.7413801957565633
0.5416242248177715
0.5191017766038573
0.7099152980022133
0.5677231547903263
0.6609034059299626
0.6202640139963754
0.9784862365640915
0.9663087403665549
0.6792988301716564
0.8193219688225
0.513371311860952
0.6698434636346804
0.6849734394604092
0.9204152332286051
0.8930107537028739
0.8887087279128203
0.8937430970458513
0.8808710460281763
0.5777845848303084
0.5068590392103823
0.9739106889184723
0.5497632839809059
0.7959618142216509
0.9585205980998888
0.6946004282589392
0.6050796709464891
0.711533228525784
0.7856694816470571
0.7637050315042927
0.8826384465814057
0.7970765922945264
0.5370128138521493
0.7112414561291374
0.9711309988926474
0.5581470510670445
0.8201361464170158
0.7693120549670414
0.8735693468485688
0.6355288461828172
0.598932647875386
0.7359857535792613
0.9678169713747887
0.8108011454006272
0.5016171462481008
0.6645962384645722
0.768772932441361
0.7731973932805026
0.8843526011251432
0.8396008920172846
0.6280926126298458
0.5896438341039862
0.6840447736383966
0.9003607728003808
0.7505429202215663
0.5005451741196725
0.9767233844610728
0.6237056792435631
0.9946121395533616
0.5772030118946241
0.8169761415640435
0.7510996607931006
0.8331050137088709
0.5526530402391441
0.8546088624766844
0.7900345857139364
0.8064758433278783
0.9523593976290095
0.602811399468683
0.826694446457382
0.5469519192878902
0.8963787758001878
0.7207125004482919
0.6425545999726552
0.6725655272162838
0.7100742020046111
0.9120524952729256
0.8302577505345464
0.6263005250123956
0.8020994082506676
0.8706682109914097
0.5677792981005099
0.7133785398853829
0.7394195445202802
0.6057893384507909
0.6734042358106127
0.8927295594505633
0.7626534712446218
0.55688534548221
0.6203772129570218
0.7877559641425561
0.707268748164223
0.6875048701865631
0.6719746091324384
0.7345136843019417
0.5543773717196923
0.7249134185179213
0.7855537711726407
0.8321725393573697
0.5410612257749343
0.8814218243454648
0.8764755693917793
0.7913941993348572
0.7456821618408833
0.9076942026276373
0.9527529195835902
0.8736131633317659
0.8258740848788488
0.6727526093593051
0.8780788487513692
0.5229617553147725
0.8592263803226812
0.7899359938395529
0.534683881360418
0.8422410331580736
0.7485642908801635
0.6212724013525505
0.6461912542423034
0.599454421100539
0.9103871409950095
0.8095825753353669
0.5255920466568123
0.842887294780951
0.6968208905299307
0.7358748314386863
0.8265525111263361
0.9981424959960385
0.5371520901859165
0.8385378336440508
0.6482255488484011
0.5464854131349922
0.8187317795059319
0.8390633427687152
0.6729128902935102
0.9394956646863457
0.663063392935108
0.9424043863416474
0.9376912778067028
0.6766134305156837
0.8198833120265814
0.9923913856424879
0.9909440375645133
0.9525610041355861
0.837903402247834
0.6551260210234677
0.5028443078862703
0.759523700170478
0.7406846810167251
0.5602869063226066
0.6769943519457517
0.8476300953759309
0.7431761934762025
0.9552589917805075
0.9246643364195923
0.7714400908063193
0.5564996481697868
0.8538797312249442
0.837423654884248
0.8810294452678316
0.839911599226449
0.8907447598315252
0.6874757621492684
0.7086232393556828
0.657033398576746
0.6084966836078946
0.5556772685047686
0.832485912064059
0.6673715664942902
0.6827724172951991
0.641719351828886
0.7744456750750115
0.6133845435823211
0.9640138687022182
0.8604605429059435
0.7295394196607675
0.9090964218255413
0.5107247401349311
0.7138062494897264
0.7513461749107206
0.8935934054078651
0.5464726797419774
0.5499168549526038
0.6010910467890185
0.8092719222382405
0.8099526271886848
0.8149967023487543
0.7158551523030182
0.7836194298377793
0.9779448274331057
0.7057126664720699
0.7635743461822253
0.9305261737240788
0.8395035321802955
0.6593985204340227
0.5638698159237292
0.9956532678688663
0.6259884772268891
0.6875902183053524
0.8040309708526787
0.9230482578514374
0.8429646268906283
0.5298301572351669
0.7745000388766788
0.5392685145928602
0.5757733677385657
0.982151117956928
0.5811865244840173
0.5047553085454184
0.6776033619940944
0.7328383638518965
0.8675876334255498
0.9253097923689766
0.549595905505494
0.7837357069917903
0.9479773965316256
0.7261487986375994
0.7030300099363036
0.9165188249756722
0.9036376898176821
0.8370433228560772
0.9684755075338818
0.6488615726828197
0.8270653662702532
0.8591249348229888
0.8016009343086155
0.7801912381463509
0.7384213069188468
0.839242148283291
0.9253230108227295
0.8556660808140742
0.5357236116266304
0.7842334282319876
0.5135641798870454
0.9751437750509145
0.7345869955747639
0.9004668475998684
0.7962837115753827
0.7305069377420904
0.9222762843737184
0.7265521373004565
0.6560312568396228
0.5612794382485357
0.9969492916943804
0.831759094177384
0.7668595361437335
0.9534725711421883
0.5258909395902142
0.5681552848188884
0.5230463631308814
0.765869911778455
0.7238941056582362
0.8273793902863117
0.916326361558462
0.8218182011402044
0.7910555690506029
0.5470691013255715
0.6877008806362306
0.5468575279732946
0.6229822854883427
0.7575078248462394
0.9508223961707174
0.7828309798600446
0.7564300678263043
0.8131467996353443
0.548710000846093
0.6377557259052253
0.5920327845241875
0.7985707053961105
0.617036349888893
0.5143983679694177
0.9704783346433554
0.9552518011388829
0.6662384080910677
0.5548147911277452
0.6506623155814797
0.6803692145490247
0.7405774791828865
0.6735524717250021
0.6560559057731787
0.9044170126185567
0.8596449817032537
0.6215837543198979
0.8884909627169524
0.5497853600939087
0.9792874956424997
0.7931014952762749
0.8191445009598268
0.5064893814605402
0.7059800026003414
0.5283561515448296
0.7587443572350654
0.6496004424527351
0.6430380451724478
0.6592448341101758
0.9946806874304085
0.8032449544811436
0.943360639664932
0.9293064369819446
0.8252591295704493
0.557880084788718
0.9518203724696213
0.8980606521466721
0.8979032351494075
0.7777766857204924
0.9170968597995143
0.8392575391612644
0.9050092809204602
0.7119543437699527
0.6392601702363285
0.8467856687432878
0.7538354068595552
0.9225210105253993
0.7737601060263112
0.5506982442538815
0.6804958792555917
0.9539770466543973
0.9615096043081667
0.7540304522362402
0.8490980203426782
0.6144808589954678
0.7964560247045708
0.712061131080516
0.9798725687062788
0.540395007830922
0.9490839225423434
0.8340304072047184
0.9852901969877259
0.5581423032953972
0.5423695365281045
0.6653782711303392
0.905970250361831
0.7971160642998962
0.8507928230915096
0.6802228264059303
0.837983315588464
0.9923567321994533
0.5369707478372665
0.8709889317452416
0.6855033650618385
0.5225500452957165
0.5888202987546078
0.5242799278704093
0.6679985528552904
0.9880683824512893
0.5502348679946618
0.6352999074658547
0.8724450861504615
0.7716694088863693
0.9516370750271256
0.9887585354363957
0.8162811770666187
0.56701878417845
0.5699723040689075
0.6327509986780828
0.9042051771671535
0.9401939660268637
0.7140767649486712
0.6822556540077479
0.7407189644438444
0.8475140542772865
0.5729650451397118
0.5108104745330093
0.9621164176294262
0.9752048694556741
0.8680502240166097
0.9655023065536413
0.5150147311201927
0.8231415783756814
0.7307729768108064
0.7518059509994065
0.7233602659362162
0.7377596921118194
0.6690554946633305
0.5272767018936266
0.8504012698575901
0.6484693314442445
0.5745952900266191
0.8502991444785861
0.9391458878448359
0.9240327891157751
0.7907440386729212
0.6758252575091401
0.5590484851444887
0.6315967714516628
0.9210283538696726
0.750137653449582
0.9857985044205378
0.6932081663489666
0.7850335746147759
0.5915579477497861
0.9840179043365838
0.8190786987849914
0.982462294650019
0.7215978197559534
0.5138953841097678
0.7504822455559514
0.6547307275973522
0.8356376618692863
0.8256999942784907
0.9500668406136057
0.7163074289760913
0.6781044232479407
0.9743126732172751
0.5862130472930283
0.8350531251021984
0.8683944654906133
0.5547813651201823
0.8566924359847036
0.61054006089058
0.640692704509866
0.601441147251841
0.7947777942649484
0.8530724374822178
0.6413577047110668
0.585266911071787
0.9239311277040163
0.503638100637895
0.5442261409423694
0.6222024781839819
0.9725449438752971
0.6672554168210388
0.8641310387330932
0.8125554810826254
0.7452788330258122
0.7486070098211144
0.8402140278305171
0.5266317690714633
0.7924689771129526
0.6378704858153541
0.7394143699656732
0.9834185818054904
0.5724681277880574
0.8714608657382779
0.935511762626547
0.9388738376631701
0.6692091306409214
0.6000388698917678
0.5923584550846261
0.8425199935643568
0.8473045347348647
0.8148265918185271
0.732245650537157
0.7182602501058902
0.5865112005017571
0.8410668576677348
0.5129173944323857
0.9335322862780904
0.8185455339361813
0.6288631251557373
0.9863627519216118
0.5165062835135714
0.8019493629011663
0.7843545462022133
0.8206032831522958
0.5494892648805451
0.5779163058915202
0.9180290701826896
0.7804464920893234
0.6767867417478414
0.7412700823572713
0.8878795842622964
0.566320925415047
0.880557275395882
0.9461361485947299
0.692916911883202
0.6888007405192131
0.9647799378267432
0.8672911195617384
0.8710849368747202
0.5237003663074641
0.7578885928483285
0.7917998849786568
0.8502830817734336
0.7429168547194596
0.9065126701767401
0.9630430554634826
0.5466334222218154
0.7242048049642231
0.7644694527602057
0.5413818899523757
0.6722703150535633
0.7752829538298018
0.832501721343477
0.9801134342666871
0.6523216771822336
0.9730651186545277
0.5451751274827459
0.5866065726259236
0.5766155037519582
0.5510975375472491
0.8096265170074382
0.8104618986926282
0.9717356101154576
0.5362548730148743
0.701848965375212
0.6204069847783127
0.6317595890078395
0.8848285294519993
0.5792905545899064
0.5494344187054012
0.5069810169473379
0.6642501340923942
0.6118854693399703
0.7387665642014549
0.7385386272363765
0.8362173193926337
0.9043357453582861
0.978545155759035
0.945786182671918
0.8871704084607911
0.8254456869136881
0.8504218061119353
0.6593999365855948
0.6230209267129685
0.9544540684926053
0.604071254305594
0.5987572413270604
0.6656544504065289
0.7882778323391959
0.5754392980791583
0.6881356227445332
0.6199415863235966
0.959755520923738
0.9971284805027126
0.7646617337262709
0.8159232261010836
0.9888644446741637
0.8780054490843185
0.6115444239496926
0.6349326240135236
0.8982991414123525
0.7314519355348028
0.9675001520464246
0.6286157548426979
0.8350126447909365
0.6751149586396614
0.8208553443026625
0.6534284494136282
0.9017995348454506
0.828547858395012
0.5632232063089935
0.8448300528005767
0.978841782246009
0.7202948910089162
0.5273866356661763
0.6268725729715765
0.8226073767429731
0.8375948707021483
0.5320977123642932
0.8324937524039988
0.898752205637392
0.8062833548832375
0.9471523304343021
0.5647670836463026
0.9988972502243147
0.5890037937730357
0.9063490900167019
0.5498528030159762
0.7120313277664503
0.5303770520799861
0.942425308068279
0.6824910936216416
0.7045211108075213
0.8119533969582238
0.7140962611094277
0.7520649050278537
0.9744433819260654
0.8381575893850259
0.922728007760075
0.9367929836921431
0.7062621951431732
0.881072228312906
0.5478153452138197
0.8477391125147269
0.9719089376457327
0.508842482902476
0.9099887850048838
0.6026889498932412
0.9468552029287269
0.8339417587688128
0.7086697340749444
0.6662230405668182
0.94422790638665
0.856919457612416
0.751665653349135
0.8113149294945421
0.9797046542196151
0.6382670290117876
0.5935453248009641
0.7589288551002336
0.9864405801500777
0.5068320224991449
0.7045463002984191
0.8080391084167289
0.7509159833870197
0.9759757654279002
0.9467831974749108
0.679956029326573
0.599615683614473
0.9434268709658503
0.5426833489574577
0.5571261064286579
0.8221068214519631
0.8863447832964373
0.7816433888822278
0.6375994262199856
0.5562284449982027
0.7385902050770761
0.5159471644332347
0.6846541094899863
0.783728346861822
0.6156185796660607
0.6867842036395873
0.849809000476269
0.9109646417773689
0.746423879732639
0.9241785480540194
0.9851673826113774
0.6253882698480837
0.8133228793946805
0.9446191714542209
0.723468974775658
0.7494918650751063
0.7516874550684939
0.9562767817509967
0.8186845062683337
0.5867388690358488
0.8911197188065759
0.6990965718301073
0.5239179407759806
0.8804617964923447
0.8622266633235828
0.6894708927493549
0.5502269966410427
0.7738422893961237
0.8923162566559331
0.5268954898499099
0.9510713316840164
0.5597154834054059
0.5032194854306389
0.5035848927568694
0.933659126256132
0.8356057558194214
0.6063880930621418
0.8435399385423029
0.7209657117317246
0.7294526395644654
0.5508559849295054
0.506413577977747
0.9546684641397136
0.770622780058512
0.9178911526657874
0.6874614848030917
0.7907147245403767
0.9716545640175686
0.793198363457283
0.6561178886671841
0.9500769003347969
0.7464549805470302
0.6236443381430102
0.5285023565196514
0.659471465458545
0.7101289287305582
0.8327095487406636
0.7116166553737348
0.9482056393586051
0.5980957626677893
0.904062933076808
0.8203486572780803
0.7418955566469538
0.8861517527128593
0.8509763772918376
0.5427484273130163
0.7966399714293886
0.5871349761064332
0.5825792814109827
0.7417962375024392
0.9061614882418358
0.8080027250692061
0.5637989187955749
0.7478172889465897
0.978940418231563
0.6083538822679734
0.6054437727132107
0.8255172425481956
0.8099599764846589
0.5155874340762072
0.692669567405582
0.9307015235089119
0.5092057303314651
0.591615544052073
0.8021055038359568
0.7919105548830563
0.9247626703918518
0.5835035524778094
0.7744817600778087
0.6932763284648762
0.662902062502158
0.6659814153453321
0.5222969213932207
0.9159012952773711
0.6023928207290814
0.7992633266981855
0.677338341872276
0.8388684426317291
0.637920409615006
0.55077009814577
0.6923793377937716
0.7159672396899082
0.7583491378217391
0.5793468619293914
0.5846146690658747
0.7692074196599651
0.8819233805996304
0.6708253889309086
0.8041857697403008
0.5264450343686269
0.6605101548354666
0.794534932830105
0.5338307635152824
0.9798494305163306
0.5627959851325258
0.7979389593395777
0.9673878623406129
0.6643985813466337
0.744044838294134
0.8036313620103077
0.6472481644660957
0.8189563693337073
0.9205088756556183
0.9864028167913833
0.991745082023497
0.528626985257325
0.9393568592684463
0.9947408496012222
