0.7734267037381337
0.5594193030245991
0.707791619121276
0.9414923219534646
0.9917126290571299
0.7627132265046808
0.826686560454537
0.9334562179697092
0.8878792804504949
0.6174860767045856
0.8540785957313248
0.6363166356546428
0.9149976309142283
0.6633947291168975
0.8802368224108265
0.9711031703530535
0.8932373510108318
0.9983810430034161
0.5769634392939007
0.5447030271780093
0.5732007489356926
0.9356599706437378
0.9501007218117337
0.592126437271113
0.969521018984117
0.6678643659317625
0.969752869533381
0.8815390135452117
0.5904893944794445
0.9827301772058399
0.8700815405583494
0.8378737076424356
0.6808853310975594
0.8071427576799913
