0.6485021967944942
0.9905093680995474
0.8931714388245467
0.8567383895076504
0.6735664188109243
0.9438655112119776
0.9187868170045016
0.8248702330785157
0.7673964640249871
0.7044127831859311
0.9224408756716425
0.9603029485103034
0.8766718455110657
0.6736882000651183
0.9829318383081554
0.7833169303067689
0.7093459079806136
0.9509608112961302
0.7507342421999117
0.6353372400592032
0.8096083388351437
0.5179295963585953
0.6338942946613315
0.6696145922553014
0.7411108528405217
0.817504043397274
0.6651901160000451
0.7045374310224777
0.7595409525232675
0.9533295528215338
0.5128514043551287
0.8935881283388045
0.9668736993331576
0.7688075925336169
0.8249965990651424
0.7148643747314363
0.7276126066967736
0.5442640747667058
0.5918805659480925
0.7875632748501717
0.7505855563605293
0.6387322100603068
0.5237795002271757
0.737411596151491
0.8601944760741373
0.9964097653825543
0.897279584427797
0.5104761902765692
0.9808857566511984
0.6889028102601892
0.8634873896106374
0.8602672470646187
0.9628439272172002
0.843120002480957
0.703052320638076
0.8451937050375691
0.9355468964430067
0.5446101517669197
0.845393125971196
0.6416043733550234
0.7037694202832057
0.8892923785442213
