0.6178906078140498
0.9076375627217326
0.8563980101711701
0.8278783523828498
0.8107005557936551
0.8913342614899598
0.501713851358478
0.5737360417333877
0.6004236173857751
0.9468613995540618
0.5795921338258909
0.5696685238434998
0.5023137347662403
0.7508231273617436
0.8439326422579498
0.7063461676034828
0.8675452127621907
0.5648700022688292
0.6030505724197985
0.6585887149558025
0.5346215200491292
0.8901515252597705
0.6958648552741977
0.5329248923514425
0.8983804426057462
0.8629950783643489
0.7703597949452824
0.6580049692584349
0.5139898765852231
0.6928175630965805
0.9641414242232222
0.5240122590560369
0.8019343165059309
0.5451730760141609
0.7601052176128005
0.9208798798821429
0.518346400966593
0.5083390785539414
0.5017916602302404
0.7434803175079994
0.7142096647863657
0.537484717575462
0.8266671259726845
0.5051705767002131
0.7234116932232058
0.506660420070435
0.5212486344896143
0.8701945396286406
0.758691188708188
0.5909958656077267
0.9350400240657017
0.8348742091172137
0.9112115078689123
0.5266031449067954
0.952933751641105
0.7876875927292145
0.6907656124865647
0.9165231522101873
0.7872881816399235
0.7478341253245228
0.744783096638792
0.6751085529396248
0.8004208842082714
0.6885221279666061
0.859547915443388
0.7288737343690554
0.7233884124140639
0.9645033890112524
0.5076790272290852
0.8672940324803833
0.7735014050732858
0.9419143714219547
0.791355406709928
0.8696394848216409
0.9472512704181073
0.9948301268201778
0.8989173656235966
0.7952308431369721
0.5054331828331566
0.6482757471809835
0.6776560494807455
0.8420536426849451
0.9782990073482563
0.5725533266952489
0.6007039346394145
0.6719189665025365
0.8875039353985602
0.9488700357131286
0.9919484905947948
0.5972760944944502
0.9517545531704295
0.6411478380066222
0.6368167067325868
0.5416734298792696
0.6333595262284512
0.6281262056543779
0.683058937944767
0.9887289446076265
0.8109444673087083
0.8514534877562121
0.561645848429448
0.7299324406234939
0.5304466851442646
0.6596535695665302
0.8950911665914033
0.8197144424690093
0.6842556666681997
0.9520345355376751
0.7216335907186973
0.5988722727925926
0.7382427751394198
0.689602716589391
0.7389167661945266
0.6124823898975635
0.7946597454453255
0.8728305471777782
0.6689329235163431
0.9797908946953784
0.5789240000771185
0.6566353360301516
0.9601637183594297
0.666164549519016
0.8008757560970343
0.6582000744387602
0.5526720765979796
0.5311257164133006
0.687731480924686
0.993395931460958
0.5624609313069173
0.5353829023258693
0.8007478580800108
0.7351599306520173
0.7576872149012165
0.8178578732475265
0.8704790821721162
0.8564306475096192
0.8391705894807966
0.5255183299488437
0.5468579679028884
0.6901606562041819
0.9245216716036484
0.7537122926408553
0.5386608589170245
0.8188563393116238
0.7645315905096823
0.6154717317407428
0.8381243803610569
0.9734627264951847
0.8705269565968077
0.8802871629731489
0.5113006719815487
0.7311850702340703
0.6313353623449409
0.9905377655837906
0.6238647255288035
0.7376407015293549
0.7912983300557574
0.5900945176082737
0.8172693507567348
0.7099316161908895
0.6984587710117198
0.7672843062746321
0.9982073586068713
0.5698148297414547
0.6312674374862794
0.656754259160391
0.9297062301534242
0.5425772709404424
0.7327975616426694
0.8219412481110403
0.8990556780510284
0.8228982065581313
0.9836045907556958
0.5690482640490119
0.5289272179817431
0.6350520387665308
0.8434743807079427
0.9629921000174717
0.568239775135847
0.9113629845206901
0.6913635481384823
0.9343115053420106
0.9702898095888237
0.9944791869470185
0.5161779438669309
0.7101131483684184
0.9081458906750014
0.7006590019697247
0.8619574095997024
0.8007934061575022
0.9572095534989788
0.9286235473239203
0.5762069338095244
0.7969622204443687
0.6809526128750111
0.6987975174919551
0.8810058924112865
0.5056282494577591
0.9430335129440479
0.8573810147904011
0.9579858026240275
0.770165308759782
0.5317847530896365
0.5697770202397392
0.6135979568755234
0.5865717093056086
0.6176000766913283
0.7204131956239873
0.6351490354113116
0.8087680413322799
0.9641354170060352
0.5369581838620087
0.7562184923915263
0.8674029627694871
0.8687767528657239
0.8684252014668594
0.7910691736466254
0.6080504231419422
0.5566761107982197
0.6868831639577211
0.5147014115961942
0.9097647144334136
0.8053325971496121
0.5364931679032923
0.768756563242906
0.7834802875056512
0.789289460168203
0.8273214050914456
0.9741960835141805
0.6400466445375095
0.6286473436889899
0.6782749161727489
0.6820999652935715
0.9369989551204634
0.5351400215911872
0.5331159141504781
0.6500682759041145
0.7104682017044401
0.6275199604488932
0.9954542349595906
0.6888702048964191
0.7669957232354095
0.8068606856905642
0.7260682670088524
0.9326808071818333
0.9567330008772508
0.732774187842443
0.5169836098741338
0.8005604401821439
0.7115483410578124
0.7112926575038437
0.5670841088285512
0.6152303897429872
0.719339155412722
0.8191423427624469
0.9591618098474644
0.6653481188946013
0.8380307033187501
0.8081067951110164
0.9481846517440242
0.8836991974644601
0.7418096974918912
0.9108437134441134
0.5999157524553566
0.858315504654479
0.6795381992064319
0.5042449099736006
0.6991636714082807
0.9964928824410972
0.71849183755596
0.5035146845937677
0.5181549897596166
0.9143955382872284
0.8073969643484523
0.5513816615108733
0.6341579597770499
0.5487237574092516
0.76104690731911
0.7431174725835321
0.9294984919399891
0.9320921841314026
0.5342280390371247
0.940020863317696
0.8374786906353829
0.6805612546389495
0.6559156016544554
0.7451416758351854
0.5490517390382372
0.5452105338749429
0.765226498329652
0.6150260874790441
0.7881511832939574
0.8694038814196092
0.5583951256683726
0.9082825164019594
0.9058210385670418
0.5282328153826452
0.5267286792627084
0.9353141382871711
0.8637287513559293
0.7552024014028036
0.7607863605996106
0.7070816693498858
0.5528954284736004
0.570635824428884
0.6390434425550569
0.8942718047686351
0.5429419590826632
0.6959074340580411
0.6135357327095773
0.670609904820654
0.647907083125292
0.8175894156871901
0.9343230540895116
0.9087760841255761
0.8288428763554135
0.6703344289936997
0.8670078784477565
0.514926681570057
0.6878014680529503
0.6953508399016026
0.7101091722098345
0.5238605081716154
0.7998552454543222
0.648107170572951
0.799325979351968
0.7168995728910138
0.7731492024397358
0.776163504739348
0.7132194682122545
0.6332583021313114
0.6306145101294125
0.6399165023055234
0.7793704118749324
0.7499196269788138
0.821706055033741
0.6545486728086582
0.5182053691886243
0.9687946962277318
0.8884773540716543
0.8315354961992151
0.5921428092780241
0.8917653920936157
0.9103059104519632
0.6757368172507645
0.8374754121451948
0.520405118340568
0.6966607669523259
0.5361853214200853
0.9526746410485446
0.8669729201973877
0.602612790871544
0.8562694254263002
0.8674916875058857
0.5403711798323336
0.6565588753187857
0.7081444336397711
0.5836971247550451
0.9174997738868398
0.6309764496944338
0.87799380077451
0.8064826733333528
0.8033822711557301
0.6706367232397692
0.5870985938125077
0.79106214581604
0.5299352969213698
0.9294627154159318
0.9904612720554833
0.5731724987915443
0.984418871289643
0.7655528573015987
0.8767701232153808
0.8112704239681361
0.9574192466514277
0.615459071301218
0.92471377545849
0.9482358815332237
0.7167276910379884
0.8590154308230065
0.929106084086941
0.9967892038937374
0.8289460645835789
0.5637740417138308
0.8217469150308543
0.5906374225090076
0.792485554784716
0.8052999209104286
0.8098196100804289
0.5615923171888535
0.91503458636752
0.9929294899253263
0.6011763578757016
0.7734347075722764
0.5948692687926128
0.777644819833524
0.7934836987072086
0.5497610261785764
0.8454129723828073
0.6658092689125135
0.563290168838845
0.9082416519980397
0.6777960668106214
0.6726128781130956
0.9326786152656115
0.9903950309485707
0.7680706806614293
0.8465630490613867
0.7672341320554358
0.9682716006753271
0.5737126548201978
0.8168529364752719
0.746914089894964
0.6142399341428998
0.9110460663527042
0.5835820591953105
0.8325230998947337
0.8863460644755217
0.7484034446413634
0.6843879607673929
0.5625049179210472
0.9610389815852336
0.5989589660792842
0.6961964860365489
0.7367805862342045
0.8832142680137585
0.9649513961031392
0.7064809177475385
0.6010671319122007
0.949334573569909
0.8843229399097625
0.5120077771822529
0.8202650015121329
0.6882666900411498
0.8944132370151565
0.9342416138628014
0.7421572992389789
0.9020218087585361
0.7462067774836807
0.6072108933833443
0.8827431323890311
0.566845076698415
0.5009680703336832
0.7566836309427858
0.5588477666194622
0.730178668264483
0.5080714999925089
0.837587745569981
0.6446656217015581
0.9631976897083168
0.696757719628369
0.5080783604956246
0.7349546297703877
0.511346156154671
0.5783156123751849
0.88497954531904
0.7724833454877362
0.6305579503121816
0.5342330832299638
0.7040763974211648
0.8854282732251233
0.7740805295266867
0.7846992906578958
0.6058170430554553
0.5201443770720526
0.5624050008347088
0.9522037443906517
0.8089632234719293
0.8547960122222491
0.5609666552465667
0.72167499322056
0.7699545966866743
0.5900953462220447
0.5442857507119001
0.8142183512150469
0.7063831726174883
0.6983497713727209
0.5043999264818659
0.7274684716333673
0.8679054845093879
0.9893245765840684
0.8061096604908256
0.5853348584509892
0.6742914594318365
0.8159804191491182
0.9646996340892231
0.9976963358489221
0.6076891954834206
0.8404705408558875
0.8282571249200212
0.8479333294312345
0.7494385502880407
0.9978927837754121
0.8759749550251679
0.845029794386355
0.6219989644884619
0.7589215076825631
0.9220978374498456
0.6597168320050294
0.6417686383671362
0.5986826616971268
0.5754760848791297
0.8771303520350677
0.980626949261463
0.5302747247333823
0.6334662369137483
0.8275765640255568
0.6984816901637163
0.5441543773472546
0.5198633418901535
0.6321412100353666
0.9828661181398903
0.7906190820165692
0.5738476279122009
0.5202107224844694
0.656441368368575
0.6701145334832616
0.7729129657367881
0.622489753266531
0.6214831305188839
0.6469807693172662
0.848518355284616
0.742363700780667
0.6279663143710505
0.8775026535020412
0.8811009609897344
0.9888684378807366
0.7920338487141201
0.7176344499744185
0.6072962910665409
0.7352335586472767
0.7367908966929888
0.9993613126081009
0.8896669872652266
0.585298052210512
0.5968862886306754
0.5253649530493917
0.8423187477335254
0.6269233015965914
0.8771522996317992
0.8878970684257941
0.5022588060730295
0.6693015773977421
0.8124299574184639
0.824523388396013
0.6203511666017408
0.9008650992148304
0.6025852871584096
0.5350487637695645
0.5045902322072235
0.8055923122633359
0.5811481065937762
0.5971660159909716
0.5848838509895621
0.7860672426584633
0.7737867544898658
0.8426178574067449
0.7410062928243375
0.7876671958046273
0.8257068078667955
0.7951143715428093
0.8974300994441353
0.9462351279221375
0.7868910071507046
0.9179879463108735
0.8283442598946484
0.7664827304074031
0.6315503694225915
0.553432587894955
0.7308975864619176
0.9332385903397018
0.9545152786242123
0.6886973142826032
0.6274238639972312
0.7619481442073022
0.5730952975295919
0.927325949893337
0.9543511977295843
0.5781234204672403
0.5764893148016578
0.7223882983642251
0.5248700705692585
0.969750581159482
0.9953296570079735
0.8673940596519613
0.7073523517915632
0.5807344083617069
0.6947282260676448
0.6230327860670091
0.8327665306081066
0.6799776550324026
0.6332212482864836
0.9647309290962116
0.5369895648972367
0.6168728537484467
0.9550678002734221
0.529583491205843
0.8591886812567561
0.6735706893949798
0.8765975297789028
0.5308312510158131
0.5672740373686815
0.5681597987168405
0.5557406427361542
0.5098836235983037
0.8532679740435314
0.5877002714273911
0.6659367496990614
0.7560785292823647
0.6690694496209453
0.9593164719770466
0.5354875833204491
0.7355090043781902
0.9385759836501166
0.9114899139583674
0.9330246049816326
0.7620045437241854
0.8642865105738398
0.7303758560186862
0.7773377268108363
0.7387054306450163
0.9156821656085816
0.5932953559106753
0.8270433982046023
0.9519826131516905
0.5817600310604153
0.6092704136864313
0.9665295053699077
0.8442451858461912
0.5698182582879632
0.6257944090534459
0.8429961293867964
0.7287039125458853
0.7960148368497619
0.8375479215043595
0.9135866690239
0.5404608913469724
0.6784077833806641
0.5351619636823862
0.8870054759686605
0.8224467987328341
0.8882121756156842
0.5161870279174021
0.9932117954509346
0.5273029750855289
0.7629441035153821
0.5399563543724544
0.7399447581991689
0.6284976516876121
0.5955450959903552
0.9993720473762838
0.5858204067257617
0.7901175135996102
0.7375224313594504
0.8949048638767922
0.7892357512986239
0.8612124303774561
0.7757836081595071
0.8858526928982811
0.6509328169822168
0.7861945366226012
0.8124858620017061
0.6938158070455116
0.6693931322088646
0.7455003767431507
0.5221251543493857
0.5561080989708137
0.9970224726410669
0.8852373832435528
0.7201973319252053
0.8408399954535968
0.6392825832674827
0.5771990436140976
0.616162061739191
0.5818618994492454
0.8329180707672114
0.6608047275670865
0.5587771322032877
0.725373539784568
0.7312312377394571
0.8017439406561246
0.6331176339441306
0.7283130121437948
0.6057973734640894
0.9161695163511373
0.5127472094328018
0.797652947108346
0.6181477999882887
0.6595842079736072
0.8347642207206531
0.7882309374928367
0.686654394190779
0.6824563004629968
0.8530417104567941
0.9652042940396783
0.5083812817086097
0.5532901488587053
0.6292621888965213
0.7257424513046408
0.8202223142887062
0.5619815232834637
0.9380587117841278
0.5002304767009949
0.7132601916992602
0.9516008570043158
0.7138428876024008
0.704604010859587
0.8147172456832068
0.5334541404429015
0.5019676840881099
0.8106562431290679
0.6210954163823437
0.6396687824145627
0.5131545280765493
0.5097971020687924
0.7484637212107759
0.9022584572383932
0.9404370858215612
0.8319733682042705
0.7263131910669338
0.7477649521077308
0.6362823388390527
0.8982365240192315
0.6310587908392233
0.7119692835118235
0.6399886832730581
0.9443594541114464
0.7360005160966
0.5859392678966366
0.6044135614609176
0.9228126960999371
0.7453426708093005
0.5662184521014367
0.6226883922179062
0.8842924459514476
0.7811648530592934
0.8093179138427002
0.840494526816598
0.9242272480528368
0.5814695766546125
0.5198880279929693
0.6248682003675399
0.7810555992211479
0.5144614623611741
0.786493787881031
0.6255280076919244
0.55534275579075
0.9646194337031573
0.7020774707466229
0.5366063440390338
0.9513942269569546
0.688478917438593
0.6605333319537713
0.8977115152124102
0.8328134662856432
0.9803988792663069
0.8023238021310001
0.6756021190048571
0.8216573218855636
0.6137642626571822
0.6413495355852261
0.8597403448715117
0.8125996137019023
0.6755219024944484
0.8745159782552139
0.9970911243850864
0.9522477388693826
0.9039213386474153
0.9273506642295546
0.5138958950041244
0.8864321711632048
0.8813100462751621
0.8119328233364209
0.9933140467371786
0.793138620837468
0.811644287160433
0.8094552253466518
0.7202108597665269
0.7781987626646723
0.6261535020512661
0.8309071803894774
0.5826558636486712
0.9175779229380838
0.9296004328579418
0.6009802963759926
0.813862382153002
0.7340393988365475
0.7931227375270351
0.54304584017967
0.6209508321345147
0.7792399145226925
0.9760651951714505
0.9620242107416159
0.7740820368011107
0.9313127768934736
0.8891082874952853
0.9562130068413348
0.8519220109831241
0.8825741527414671
0.560916915074421
0.9930445464406592
0.8403213290374257
0.8642395769191086
0.5996591267146987
0.7848393900034167
0.7635079217354153
0.9196025533174566
0.5045240519090375
0.517196636840042
0.8688082825179004
0.776951966695681
0.5162139932101554
0.8576642254042485
0.6661576020670469
0.758511898479693
0.9915040305445582
0.6794509628285625
0.7465952679145307
0.8274599038121992
0.7872097778520879
0.5656386806254976
0.545647409884035
0.8857353029592562
0.7011860016498284
0.612985294689016
0.9279187766333806
0.5064459125893596
0.6552026964035338
0.62844373906771
0.9859555197033396
0.9746193964342446
0.5243810619559826
0.6736187295302575
0.7748103008391849
0.8382207858527797
0.9568262990775466
0.9131403153884834
0.8976501770352707
0.9501572736782097
0.6985870603929996
0.6507123970543334
0.6188344823387799
0.694393350939877
0.6195329422788654
0.6400554533422436
0.5644506558121423
0.912626087141711
0.8285802652303618
0.84331794080083
0.9050417385220457
0.9553073483845722
0.760179162559116
0.6539533847176588
0.5222494944060935
0.5965438681229216
0.675753237782174
0.5753908554115645
0.9909574378307271
0.8196457545600926
0.9399163779067727
0.6678650852112729
0.7226693978400207
0.8197951043784308
0.9770516909838307
0.887037409336814
0.535909721507932
0.6221231926946222
0.9381361730794637
0.537327888952017
0.656993218628762
0.5155064072365251
0.938484937091354
0.7363602057994314
0.9295749554880783
0.5935820463248953
0.8827724622354445
0.7341062973569166
0.8705660909038992
0.5505971966968839
0.8541251676541622
0.6158221265276437
0.8484149872171266
0.9450903962098951
0.7477179822838793
0.5166222380765204
0.7382529497934565
0.7667783079899783
0.5554234279330124
0.8622792946223126
0.7656356722824027
0.9010382363272514
0.7107632536158283
0.8408241535684507
0.5597712139729967
0.8230767335833342
0.6728729875684463
0.8684811702015987
0.6947347088116056
0.5405031804056897
0.5656748690278761
0.7990289512840978
0.967705418860764
0.8464652032506981
0.9072098640217097
0.7827201758712776
0.6319840329414226
0.8580331285000037
0.6324271420930893
0.989967627505528
0.6411550770291536
0.9239746623212874
0.8635583280037211
0.6242628906886487
0.8189281455069668
0.8853402334649729
0.596729080733339
0.8829882575930756
0.5097190796782053
0.5696954439256692
0.6383998971022162
0.9599549084947582
0.9772478946434682
0.837985032085754
0.7301520793563447
0.7959855126217315
0.579972929692452
0.7793130955282397
0.9726344540046525
0.5686815904557192
0.9511715064663411
0.5462487628941395
0.6151806332918969
0.8241301655559887
0.5899400686205492
0.51871628790253
0.5700491964282824
0.8719785880158752
0.60640856702796
0.9863079871873383
0.6390372666642314
0.9075072844101978
0.8910643395438582
0.6644599871322148
0.5707182459085003
0.5065007454457009
0.8128561957514961
0.5218331931669458
0.8993550961560995
0.751254418457864
0.5322915378885709
0.89433719234759
0.8524991887985588
0.6622453685858296
0.6062253359342551
0.9831720384495468
0.5141556275211772
0.780575896689038
0.7092992148521101
0.684616069857173
0.8595413472435296
0.8038741709208663
0.6457723789245948
0.8629625308941804
0.9566341156869639
0.5643766801311074
0.8299847874518804
0.6218096342096142
0.7756498515703472
0.8515657690738303
0.6856177774240262
0.5431756862205877
0.7423753508847895
0.9531492452495267
0.5293922666588093
0.5790844072990107
0.6461929817307842
0.7099468250541452
0.8936272470123668
0.6047600418014165
0.6992646936347904
0.8171852663724404
0.5613870311324065
0.9609890519899635
0.9575931900095929
0.5355250143932595
0.8568668352706037
0.796252069322813
0.7459712645369907
0.5525363593697479
0.8177066767875436
0.8713003859039233
0.6570881092170631
0.5587682733797549
0.8311114898595842
0.7050828253980833
0.6721693308261278
0.9941811764338544
0.895468648704922
0.5635011818249648
0.608030660944173
0.564180749224368
0.976407950909131
0.8924781944182694
0.7795146687272694
0.5720974089306119
0.5682648394586176
0.7181456090923533
0.9776133145744672
0.6252061164358973
0.6148951736187426
0.9620403759628402
0.7343807258402133
0.9477449882116482
0.684921564904924
0.8109581292883592
0.6846354753552867
0.9415348819398339
0.6967412772248669
0.5995550589019529
0.6558381524716053
0.9731607735086756
0.7474347145006883
0.6700471711645565
0.7601444111884896
0.8989092933653717
0.8176502423388563
0.9374376732307531
0.8858242080622502
0.733590141294713
0.960200918468128
0.7470772202657229
0.6888724182972414
0.8861374641497521
0.8937936880254947
0.6663293835074758
0.5273081331933291
0.5741919444873997
0.8657518911527112
0.6343891515069093
0.8046325395048837
0.9914770995787439
0.7116696724895548
0.8301345846912905
0.899387335058217
0.5604509940743819
0.9398363299556056
0.9443288902668092
0.6399649806597296
0.8339922288340205
0.6932096805895882
0.8874118424738724
0.716359259298411
0.810822647846148
0.8371557077864371
0.7369385239904566
0.9789351099471708
0.8400376196794008
0.6563594805115593
0.7282857327538079
0.8164930976301659
0.9146317521487604
0.7956762907080247
0.5984865783475912
0.9965308822465846
0.5826099247513012
0.6092949431776055
0.7699683369831174
0.9866398681938302
0.8016208637997868
0.8540084453971861
0.8563336438712839
0.6197390700437966
0.5085960126781917
0.6531242776338702
0.7603154497659921
0.8000481729509862
0.9399220568488957
0.9622437148141197
0.999871479956221
0.6798671976394458
0.5850150547910948
0.9815193162813259
0.8204460811604056
0.6046526005439148
0.8801369761364892
0.9194396555622116
0.7930070030391525
0.5632105232628046
0.9947620849281572
0.6584721949401543
0.9257440120860798
0.6005849548003794
0.8845365337586534
0.5878349945587016
0.8251393003617734
0.7093606327002949
0.7547051597801675
0.7854277636793934
0.8534814274958968
0.8886953723078244
0.8161659483017821
0.767787207329088
0.7792024277651798
0.5589729622718664
0.7584174207269775
0.6786243592634233
0.630868140671043
0.6358071155973916
0.8753985270735225
0.692068566499062
0.8380001887765126
0.8479869347870694
0.5715320147493821
0.5042859048001264
0.6791967679307422
0.8335459960579951
0.9937003019966648
0.9139560936196175
0.8012084876301862
0.7243168072659254
0.997218547362938
0.7091823406899747
0.9537076594737928
0.6587679454168371
0.8179666055341623
0.5334282417334074
0.7767078643324234
0.5154532510658238
0.6486345223490886
0.8355038949562381
0.8440649310857036
0.7847537840585039
0.5985649804305696
0.5219856686466637
0.8726200912022137
0.7679524991717849
0.6936848633420001
0.5797312808204187
0.9229684177131372
0.6943833732472318
0.6303951750082957
0.7831602497098299
0.7292075818609693
0.5368453776783995
0.9175143768973286
0.8466753127672759
0.6868317882692766
0.9247835062874153
0.8851655616392546
0.5937775902387497
0.724830527197008
0.6073759183626001
0.5922966732517834
0.7918095257038662
0.986704172515504
0.7478484138002892
0.8635478462631325
0.8200169260450727
0.9985698882526417
0.7089860093401045
0.8767465535096161
0.858890533571671
0.9280671302401062
0.8794432415696706
0.7580531245876752
0.6481921020014689
0.6678338648221493
0.7051988866884841
0.9265477616195202
0.7986025908086609
0.9227336306938223
0.8165572958338828
0.7588222982051306
0.825900965369895
0.8227223678977953
0.6478268819066889
0.6179727635178522
0.8588723806914242
0.631264540174294
0.8845966725412973
0.8620893644771052
0.5687115526758564
0.9234696436949619
0.5101936459632439
0.8027387090508962
0.6609849573516271
0.7479372222729792
0.743567643721434
0.9845748333469915
0.8791826510084935
0.6695873457838534
0.9178637800987959
0.5016282413302485
0.7789321702791092
0.6259883137928273
0.9391636879093196
0.5382949633918657
0.6371901396032098
0.9203001800214576
0.9193357087194175
0.7778174366798345
0.6259757353381805
0.6085867107090253
0.8372129130591458
0.8502882355352857
0.688381743610917
0.7599511307081992
0.8992145587918033
0.9128779052794259
0.5149683844945223
0.5770025044663745
0.9692778699689739
0.7492277487976204
0.5179765627969553
0.8205104390101359
0.708706587334748
0.8300238654532754
0.5870137110407028
0.5574792869557242
0.5740645671045815
0.5390770766205725
0.8614024017969277
0.7146137686126908
0.8336048973875734
0.8402072741297273
0.9440265501161209
0.6500515634494071
0.6843422028269961
0.9401536100430241
0.931968179851407
0.603764105635775
0.67498868678432
0.9130038624500125
0.9449637230157073
0.8830639385372063
0.7217444664462869
0.8933216393297781
0.6033575490822527
0.8638852670562076
0.6259322270227087
0.5299332996388346
0.5411564177945007
0.9050346464691491
0.6682951507163759
0.7059177199826259
0.8339274180425242
0.8737347865234195
0.7359240803080895
0.5529508213362928
0.5398346739578447
0.8845598213186512
0.9290098985248219
0.5307742579401851
0.9385876352067584
0.6778006235915965
0.7817856218303376
0.8644845559467327
0.9543228781080573
0.6059408172590328
0.6718782935562797
0.5619232098304285
0.5309025044198814
0.8051517551034808
0.5088483410618357
0.9074304639884747
0.5885951917266757
0.8266264738973046
0.6224223175887091
0.6525251578143236
0.9888914215099351
0.8149241075884802
0.8549905983889361
0.812404408123812
0.6033155264735058
0.8655293295534741
0.7159379892014651
0.6866248050359591
0.7163200619380443
0.7425107507317781
0.6394933981954205
0.7239683868491136
0.7836967405524536
0.6426228270434423
0.8620469397549411
0.9810714164008171
0.9944331892915172
0.6422554090769694
0.6450423436018151
0.6660498286968966
0.9845637379929868
0.5966190174278325
0.7412355236336715
0.8914859117593114
0.5048775857888715
0.8188347597444103
0.9707923062065503
0.7968645418459545
0.6614902409036898
0.7558750825212308
0.6415202348151069
0.8679573022021302
0.5183944229983319
0.7945997672927234
0.9137379380336463
0.6583726727814634
0.5517446083295761
0.8234173119115276
0.9767353111919608
0.9465490518027696
0.9515742456871308
0.6032785020992233
0.9667096913973752
0.7245612260022147
0.765455990248123
0.6736808557071373
0.9901567110352044
0.6836748179800118
0.6832177188745083
0.6576056986538943
0.821573323920759
0.5912081184338338
0.7231576144044589
0.5251792550994554
0.7345048665257536
0.9836031559232917
0.5911137618541737
0.9525262628820756
0.9954326622974758
0.9573448274954923
0.8480428819907619
0.7983871979442186
0.8685638801621252
0.6941626977708781
0.8737016584767996
0.976983469642694
0.7402682577433397
0.9479895605172932
0.6915524681856497
0.9105750274342932
0.7033951745185951
0.5631041477358641
0.6694125083849027
0.8587594102564389
0.822121405251627
0.8154101720235154
0.5173007348909978
0.923616419833908
0.79630214673587
0.594816755883437
0.7021787702917168
0.6347067992633959
0.7058401971293442
0.978045325086448
0.8625833859598384
0.5168651973978284
0.6025376240437292
0.6441766752682874
0.6527768835712666
0.5449902397418822
0.7585035085402922
0.7753296213130904
0.7821507805839227
0.6867994061976825
0.7249169737166214
0.9767540940088489
0.9843933167940797
0.829815385514517
0.5002625061744563
0.6136345347061174
0.7198794850889876
0.5705739158109593
0.9435581387788166
0.8842478801614092
0.9771604191567137
0.9284951792558914
0.5271399664797274
0.8387912894704079
0.5595532204958923
0.5165736081503454
0.7963000396274165
0.9995074789872465
0.9368542387828422
0.9024989910247591
0.617259915230054
0.7716233623257311
0.7772697537624976
0.5737184301076493
0.9112823819827541
0.6676777231628424
0.7839989103048275
0.7721443644743642
0.6775971894889781
0.5118200045651367
0.6473524223710294
0.9002486357414683
0.6044245806172828
0.7654924318802308
0.9475138576425084
0.6418633821238244
0.9409859775155711
0.7067801242996815
0.7504165574008059
0.620667540055871
0.5912687952095217
0.745011000040205
0.9713956381564337
0.8269855273689741
0.6849885638729948
0.9689877176331576
0.5272094249413048
0.732796630979416
0.7783492268535318
0.9714232930894908
0.5470169864778271
0.6271886349056488
0.5618161178177539
0.707156111847884
0.5008769068185523
0.547972539370033
0.8255608638913347
0.797198682653325
0.9146693378569004
0.9806898821321746
0.8521042934930498
0.5922825176560202
0.8440641805152655
0.7935588912529667
0.6714838237137217
0.5131362440264697
0.6546411854323677
0.5677752142171398
0.5175796404173444
0.8639029460941683
0.8197401639109796
0.6061778935458435
0.9740773980980264
0.671465623360957
0.6673143990430108
0.8113688714896731
0.800770658722129
0.8499850079947389
0.6958762965617303
0.9598786745172315
0.873112896528607
0.538772769027025
0.5004822494754342
0.9147596070820456
0.7808632770691504
0.6463494785054769
0.5230385718170938
0.5615491008651603
0.7093146638062695
0.5204075359118194
0.5146394219810349
0.8852024300522174
0.8275623276629327
0.8972305661752722
0.9720663055035826
0.8500364304986379
0.9183900735962094
0.9935054287451852
0.5164091582989543
0.6715750991260212
0.5498931614508824
0.6813997019520726
0.9587219026768022
0.8669053015177619
0.6152150640370155
0.6316950556230563
0.5889064632485805
0.7708417865057406
0.547321366701041
0.730501563349399
0.7262634583779162
0.833761015611812
0.7487716341835541
0.683526842151257
0.7110174641588549
0.9551803528504297
0.5816937688414907
0.6673841028730686
0.6302366132962808
0.623550345729025
0.6946622468956682
0.6290404124915832
0.5335337215357057
0.7910789532255718
0.9524318717297948
0.8865813110929679
0.7700214030166304
0.6499999796626903
0.7800893151919963
0.5342927344063935
0.6005590852372836
0.638728809370384
0.5391949190643722
0.9433173414665813
0.7583797705888549
0.5416053056671424
0.7255361752420342
0.6158138768403391
0.5918710289702844
0.6801461278554579
0.90054834109186
0.6641432161030438
0.9718003294833795
0.7156741689661293
0.7956771849092397
0.7802900342594552
0.5901131504662807
0.7406368425239517
0.759155949480832
0.87784038033119
0.5911886917975078
0.8981675625004675
0.6019479496393672
0.8739294103459754
0.6148855012041663
0.9486420528002734
0.774287404270098
0.9547709532563999
0.5036359120841465
0.7599372289153152
0.7608677453472785
0.5753425606710457
0.7451197564927443
0.9411818079297267
0.942824150426409
0.6613003290844524
0.5442999727307618
0.6472914481549032
0.6493601995844136
0.803933436953409
0.7993613272840061
0.805587477868378
0.6706461918431519
0.9731868494962048
0.5199674353802886
0.8166238133572823
0.8641053127700884
0.6119751246020229
0.6391898998988538
0.8436306075579061
0.6336472621685381
0.6559718299672461
0.643972358893431
0.5874860063458588
0.9480066602327277
0.7011718086463239
0.787785908721478
0.7934103557533454
0.5342535076934112
0.5754533209310484
0.9759531503581607
0.6810862275788763
0.7079764883904902
0.5253555049388974
0.7237897220186716
0.9077011598331708
0.7073420648971843
0.6545920670550214
0.7195345391812318
0.9689520060628336
0.7395474237036282
0.8146812023169396
0.7530950556938767
0.8646342742146798
0.9141522550633194
0.5157766123142908
0.7932527492194988
0.6292298899074573
0.6969931260473796
0.9018208688004226
0.772713898818838
0.8471764163309081
0.9712907551919824
0.8304065492547065
0.5152134299140303
0.6506664393488344
0.6115380642812758
0.904949593706542
0.6441319274744152
0.664127072906452
0.63578645871719
0.8140203965935149
0.5660565182097002
0.7692619646521033
0.6376499542026259
0.8332379030378778
0.6176035408058921
0.665351385725415
0.5858189971626455
0.9930336451784736
0.8457680562016179
0.6066878770477153
0.6127855915676617
0.9558837955595705
0.8430623210337002
0.9758262141817968
0.6208269856236577
0.7911299726901886
0.8324423304039674
0.9162748214263483
0.5976524155465788
0.8858314415280533
0.9069428785970031
0.8770258638621873
0.6631516107466439
0.7588906682726918
0.7607906262603006
0.8664016631408694
0.7505318285300473
0.8994965972120842
0.5441943082377538
0.5611114681438314
0.7575480940489236
0.7335443597715637
0.6096405553605284
0.9528771805980152
0.8718566874451885
0.5267839784170019
0.8450770427713421
0.5270738270039982
0.7432361301001124
0.8249471091288891
0.7577236090252077
0.532483317116017
0.8657667901878618
0.7261506109015483
0.8169433384417036
0.7658774831072854
0.6469613817322653
0.7007147785322716
0.6455777668283328
0.8398749007527438
0.6823727414095467
0.8308781630011496
0.7823811487757697
0.9538759933624938
0.9010279031090576
0.5591376124015213
0.8215433286977635
0.5636887049160664
0.5636586025607371
0.7966986550804658
0.606819562366788
0.5142399641378144
0.9488568914913605
0.6588208906279871
0.8867138517370289
0.5197412396274808
0.8972883091192128
0.7191966954129578
0.579123127214406
0.7614436287694983
0.592099539638314
0.97334349773128
0.5104193944410811
0.955403244397839
0.7155922443362921
0.5287237411587726
0.9511025097283841
0.5428662327539278
0.7681088100449012
0.5150955813557739
0.7794456142043805
0.8046443863497688
0.8728236186125485
0.6268358504655412
0.7235893136681864
0.7330993850559628
0.8299634858393609
0.860296394148627
0.5488537106200744
0.510761320264788
0.5637078667749279
0.5442052092736709
0.5376072299643868
0.921507673790058
0.9159427850585907
0.532104738777393
0.6282046925285749
0.9232252906485605
0.6276269139195656
0.7041121448759922
0.7588278172443405
0.8552489647922359
0.8302636240132886
0.7103480118671712
0.5001960017484015
0.5182967577341884
0.5162122783068684
0.6017612440702389
0.5213215300057363
0.7669148597592021
0.9654736359989965
0.785097447324057
0.9246524515622181
0.5071993805308417
0.9905732789686144
0.887723669225349
0.8920260904929019
0.8509018559324448
0.9733721147238562
0.5560540968347536
0.8700415601591996
0.6647535881195314
0.9241725581421962
0.7886721277537645
0.8635946642451044
0.8331161343560822
0.8529049254296013
0.8838250212788825
0.5325545477289364
0.8571303000363844
0.8223215711874048
0.8951805408036559
0.5337254570671458
0.7270793715159759
0.9107404424506791
0.5286446449043289
0.9851585601878536
0.6945294080040885
0.5854129201185863
0.9239835274015482
0.7236953164447348
0.8635455915164599
0.9890584530091562
0.55551976819744
0.7500755619107766
0.5027666108624738
0.8797162477227594
0.8060238932685984
0.8356237967062669
0.8459388022115343
0.9657751786452611
0.6168152583787737
0.9981941707982818
0.6568555803471323
0.6817886730126728
0.5824819773732555
0.5391581572265207
0.6232198058192222
0.8512544787744953
0.6625759586908339
0.6213082181178098
0.6571719069922521
0.52373836112594
0.7784104462617847
0.5571743995342807
0.967618918463586
0.8780961360005184
0.9146245190480964
0.6753995943433644
0.9666501513160644
0.5012358822314777
0.5991481994669212
0.6940938316160722
0.9061721519036832
0.7432571306123948
0.8216273222044763
0.9037257299456527
0.5317687240855594
0.7691978605826446
0.5630944300984984
0.785008492069985
0.5219927289411327
0.6112832401406005
0.6659348120842985
0.8264737970526261
0.8567238978858459
0.6481002531666322
0.9836290174691934
0.7377497121325531
0.5131656171381688
0.5157690032864601
0.9430266276697551
0.5396215935262012
0.7235130349371353
0.8841669254744289
0.5255707932495823
0.8916574334906168
0.9026266188729617
0.672563751346839
0.9682466333469507
0.7159340818336102
0.8237098500762117
0.9103885032322593
0.7556902199289277
0.7681538332672255
0.7716879014604606
0.7080887660677667
0.9893187414910561
0.9962706883778151
0.8256217842893518
0.8789156940309373
0.7579435042970384
0.9600174922733922
0.5928819523525208
0.6858017474681013
0.7505831726229772
0.7510128778686397
0.9082693017933097
0.831786257104399
0.7769025465633487
0.6470222016713374
0.777818180920869
0.695577907788294
0.68439674582447
0.8461790448609039
0.8435334889063884
0.5167005133771205
0.8684375215951172
0.902967001968431
0.508051831181342
0.5558633690708004
0.8472458975661576
0.7603638121845383
0.9181524973641184
0.6246189277920737
0.9264485421760744
0.965206249849553
0.8109160801448256
0.9683228558115801
0.561110289267601
0.5947951770166358
0.6645306995838236
0.7449741340033911
0.7966278562955825
0.5315826457935601
0.7120153552166585
0.6097806830048935
0.9681351476899058
0.6724079346192885
0.7560097066666664
0.879077710375539
0.9062104656476717
0.7326523116451453
0.852012753241414
0.9448546971486007
0.8648035374257225
0.5150886467511777
0.6680776257012933
0.5770686969807197
0.9859700032962172
0.7193303183950363
0.9104991686944071
0.8485142215111143
0.9846343129385081
0.7934881403973868
0.8275995144925078
0.8636827159773759
0.7558394361256056
0.562676149267824
0.8200630307483141
0.6869649739926325
0.616701616961953
0.9091465845325286
0.9971097202381083
0.8688557319315949
0.956712881662493
0.6577600218066053
0.9298213708985283
0.6659944651792343
0.5680420404658221
0.5680610685766995
0.9097493899099578
0.5258336749058414
0.677538168405543
0.5583102926570029
0.7094617265828843
0.5444740793082298
0.5377467240926064
0.8780367130199649
0.9260910039926276
0.8435529647596054
0.9140754151676039
0.518308041494763
0.8800621928232046
0.5279920699015183
0.7496995373016186
0.5025056105213237
0.9147191197481603
0.9469537620923261
0.7988629679392668
0.6557885914141861
0.5230439868169272
0.8127491779072697
0.80830334171292
0.6033400277723397
0.8214074082744303
0.9794148662396299
0.8270361910706823
0.7360956447141618
0.8821543473666058
0.9365236063248786
0.9344641985991551
0.9803241500249169
0.8593062047776543
0.8481544016392907
0.6883046410312251
0.519865611876945
0.7326595234828146
0.5689753924379347
0.6826132101970779
0.5885646134424967
0.7514715414181811
0.6423276820147772
0.9245966305170455
0.5425063669921042
0.7053867584886162
0.7148909083670079
0.9367822893960942
0.7875688568127835
0.5495889570078039
0.8314988761962283
0.65695178568898
0.5737302285684927
0.5607094953118328
0.7664381800594664
0.889039213778517
0.7206229491976804
0.8818366052529472
0.7667725873700519
0.923632738670727
0.9557665240184486
0.502825665797611
0.8206035411879267
0.5103158001449714
0.544411719049175
0.7406751097273419
0.9516575259465688
0.6336983533649241
0.8348390813329918
0.7379893327733735
0.7673712458023343
0.6325098366477641
0.6022388005037353
0.5891621714441797
0.5604357349140545
0.9371795414126844
0.5684874946623919
0.5382303265918984
0.8911283819328926
0.9782199471599762
0.6752525405153904
0.8919133816947344
0.7654292050599492
0.8297917599266025
0.8181269218916158
0.6055940516763019
0.6684203061195744
0.7798929781418049
0.8556782657614854
0.8516066513884348
0.5233235676144861
0.5706952782483592
0.8120155537906295
0.7446576842672226
0.9357344904831058
0.6096976892687862
0.7020274775629186
0.5156624649153004
0.515443164737786
0.6892234060792162
0.9672862231193924
0.6679070863703025
0.7017963363921549
0.8607908475970796
0.6575083664355005
0.9813351494299971
0.5595283841597021
0.8673025231384194
0.6536733038858896
0.7016623583758028
0.5340193330587927
0.9603479389042409
0.831617733173686
0.6837911167069212
0.8591812093492799
0.5152610691753774
0.6269513375884274
0.7704804488830569
0.8964078785553382
0.8072602351700634
0.535503328808309
0.5502089246372577
0.5065283624242545
0.8620732812769232
0.9014223111420747
0.5464011617156249
0.6187165591135508
0.9704546934439403
0.8452627808718918
0.5111527889901746
0.5434085926002524
0.9177055916858394
0.6456816825951748
0.9395211321396271
0.7864356593797703
0.5747794983344918
0.7710574638169619
0.5940906769770853
0.7172721567023952
0.9822001532736981
0.722091761344983
0.5069402364950326
0.9945537202821318
0.9691354060578137
0.7602539614694837
0.8459957168804924
0.8986129724834784
0.9250932240441536
0.5982711157161047
0.9326719544088817
0.9960715265561713
0.6146085866734022
0.7336600017212039
0.9834498468990436
0.9821360770313261
0.7245666077645686
0.8357840703966208
0.729646272786271
0.7012719903851068
0.5867840399112154
0.9485596174418043
0.9860476467144546
0.9747458551394657
0.7221359994432527
0.9963877453122223
0.9286041577513873
0.5452635613022154
0.7948311711165619
0.5008778303148234
0.8782450856710444
0.6362498466191989
0.5727339545178359
0.5441822248686383
0.5308222198588641
0.9665110062538558
0.5957732558651724
0.8394168915990845
0.5964042215585199
0.5021993157580794
0.7382006024006179
0.861051490637321
0.5250608772118563
0.7267377583883268
0.5577576258381169
0.5376881208582897
0.7087846161148169
0.520545795809388
0.6461846389926783
0.7847860237524606
0.7931009209398199
0.5172283279540135
0.6529207897425913
0.9070968754134963
0.5491308289480137
0.9327269674940624
0.584507007985505
0.8081860157870147
0.8818232288004909
0.7680837146087872
0.5524809528696804
0.7215152667268392
0.594924251594473
0.5879209633871211
0.6920921883463058
0.7059464475163932
0.7633491365989995
0.5122385086809425
0.7120584873995255
0.7062154974403756
0.6616233836834118
0.9302311937701265
0.6260171026791415
0.9113393767071402
0.5513030342451399
0.7519189635178901
0.9200121319001096
0.5890301154842055
0.9404521037649427
0.7202254220604314
0.7243038326095819
0.967602097814542
0.5996775575573892
0.7096719812542835
0.8236495516948783
0.8926794152649425
0.7940166080527178
0.9595386894643494
0.9032409336631873
0.8106863123038515
0.7419374995329886
0.591205670326663
0.8737820889095771
0.7182691412872333
0.7447386201617457
0.6199922392888069
0.7604015255248261
0.5115176299293734
0.7082459196539218
0.9862155873322056
0.611959130226196
0.5282238385917157
0.8538831812815679
0.7930208253464075
0.8928076509315346
0.5999901133684706
0.8531386452400516
0.9064362621929689
0.9377015619899116
0.6273924198732801
0.5105243698833117
0.6442294074465442
0.7747525306096674
0.6055672228037672
0.5157080050914443
0.8984362980823712
0.7476372229598078
0.8760672364968322
0.5027326247895633
0.6704007738399969
0.6087652255338127
0.6962662059559768
0.9254797308404612
0.5212162416138961
0.9535047014570526
0.7658629942732718
0.9270472287497944
0.8240228029088265
0.6197341938069266
0.7757019898173794
0.8048726084806539
0.7244974417325731
0.67237206237345
0.70107136651126
0.8808723536300154
0.7586464880728241
0.9217375025015322
0.7862209870160111
0.7871588900845226
0.6023294027067485
0.9253556907055424
0.9751278124669069
0.8138963106986399
0.9815134016000053
0.7192469082944375
0.5026455310740021
0.544429241441261
0.7906838802361628
0.8041856168294466
0.5941536973292532
0.9702876644139651
0.8237661961564318
0.567287773421945
0.8395827947928812
0.5857878444329421
0.9157797562728855
0.6840415926218983
0.5911414857948185
0.6016734821672413
0.7108454326861193
0.9384572169325693
0.7975987146000592
0.6565126753368645
0.9390228451812566
0.9358853934942106
0.7217698313384244
0.6202991331748653
0.7542000395239921
0.7428519613197979
0.8093271715203789
0.9674129167480154
0.72483169028035
0.5056146338204257
0.6143511769818404
0.5432822990402413
0.9471582807938068
0.7287769099160759
0.6880412674850497
0.5770873572171222
0.8517945389734228
0.6714229798716571
0.5145231320854617
0.95753426656629
0.6704290162836419
0.6627504510527868
0.8765496188830781
0.7205564768036661
0.9347283404195681
0.9255733218416986
0.7791694483512075
0.841306326659834
0.8068243042821899
0.5263382905958174
0.8395882784630231
0.6085939393102301
0.5450128050900872
0.8999400348713131
0.7045461638158178
0.7231373344836085
0.8181904703450267
0.9998487962960128
0.8988148130296372
0.9436948427989167
0.9552953939399822
0.7472802302012587
0.9923841279704744
0.788146911990218
0.6846335332248088
0.625157268458496
0.8147655047234065
0.9960232411370957
0.7752687184195084
0.9426428774605711
0.5273935499678855
0.622720715010713
0.6577712517029997
0.5818796097538308
0.7563550944435664
0.5517501707921917
0.9956619274376671
0.9305157901377014
0.8133509906916052
0.9602412249424533
0.8419906138332962
0.8456458083573666
0.762461933270211
0.5907152708085625
0.9495729033712925
0.6790016254551566
0.810140482214107
0.7266023708862057
0.5155113243854206
0.8424202748631071
0.5398864147751212
0.6156541988766479
0.782316978909604
0.562531588550548
0.5645251961112655
0.903419006786184
0.6228525749658198
0.8670562685472311
0.568951979123027
0.7309913627028959
0.7696846450976556
0.8369495442394954
0.7530707775725265
0.6679242357761307
0.6643442509660136
0.9576405835595576
0.5570833105158183
0.9253254351310891
0.9000719489608708
0.5737279531072497
0.7001472898312342
0.8387685026663367
0.8922800881417358
0.8202475669339183
0.5744188001188746
0.7524951960712944
0.9971265327404453
0.6919388149974861
0.6773938119955454
0.8033025530632989
0.5998844748209768
0.5238201893311785
0.6108511583701981
0.9878129563378106
0.7508354146342983
0.5526987460215766
0.978517625962396
0.9275956614011025
0.5658306729329191
0.5724363477978041
0.5826178256298162
0.8437607252194965
0.9171607578304708
0.536628422033724
0.5872847009547553
0.5193322365111332
0.6858922969026054
0.8229362314385179
0.6930126652257085
0.5968360323987496
0.5157238861815638
0.5170935874920002
0.5576777573549192
0.6146456313352178
0.5438171289694289
0.9073505755683409
0.5020276703473003
0.8609956327985447
0.5635802485875857
0.6304707162079703
0.7201021138982455
0.5261244571848276
0.5235801172493858
0.7375376100605964
0.9372371601765253
0.8633790235550273
0.9695984117331737
0.539969709150375
0.7811141294813673
0.953907816344944
0.5389532621597197
0.607966410837967
0.7073867716374717
0.9224688822019537
0.675511312081424
0.7194653470584984
0.8954458059582724
0.8557624796407933
0.6638756625703275
0.974364375925517
0.8579276768522441
0.880882369394137
0.7571973220627981
0.8194049108353899
0.5151659382207614
0.5726856592640186
0.61061124836503
0.7116704865930285
0.7332114690456571
0.9815451385231189
0.6558359421174498
0.6039789680577599
0.935935625888608
0.6867544954177593
0.8912846502964406
0.588465681849468
0.5421035133144124
0.9607943076906439
0.8763136546075085
0.6106513954029915
0.7707606345173365
0.8049239538383937
0.8268393897560632
0.9346590497285825
0.6986434775709054
0.5986332865718421
0.5082762605183169
0.976529518784178
0.5873483597701363
0.5626635485864129
0.8439918309701329
0.9794044283669747
0.653425950999475
0.7927786250352592
0.8934224722674577
0.8098305237360883
0.6867439538213371
0.5410581924247448
0.9547942194743002
0.5493937814297187
0.6878238512690957
0.9592695060614727
0.5725274494835142
0.6006828491936348
0.7372947766584722
0.5321664218062115
0.7482547263634522
0.800791434093688
0.5317076353980568
0.742285682374868
0.9579081439695849
0.9929411264164605
0.8201851083227966
0.5268391733480524
0.5547349642905361
0.7847238792526948
0.8474478000355945
0.5280162793950485
0.5860658792891731
0.8615722912327562
0.771695876330261
0.6214200537912464
0.7851513009101468
0.7118141876807701
0.9180386830399994
0.9190710007435969
0.6597463049580835
0.8498594752248629
0.7548710481063706
0.6739823784579898
0.7313309148622437
0.7631514871950621
0.7579175092410805
0.8672070866876103
0.7584678770427875
0.7185880341881393
0.98736704047653
0.5800123055835751
0.6265821965636468
0.6594110665160424
0.7908749365474825
0.655705427137805
0.6979582841184806
0.5486642162173688
0.819724691681281
0.860430845340145
0.7315810537154774
0.6448875808813231
0.6846968104331752
0.9694130399513436
0.7653568400846006
0.9813607922468408
0.5986897673681715
0.6848374017422311
0.6072234817629826
0.7293632643006003
0.9937021046899694
0.6770194892278787
0.6977575706955675
0.7163313101635953
0.6932824542845859
0.5904793850783503
0.7316386233147218
0.8519005770855904
0.6184158679335744
0.9761740292343003
0.8147414105560875
0.6212811833671902
0.8131202309948817
0.5040533502964497
0.6256246284096025
0.9916075045144064
0.7402350671682036
0.5121479824607562
0.880827949295827
0.9210730227964425
0.7257671057941277
0.6040229317594779
0.5552169724231344
0.5604673145039931
0.8487049942958593
0.7546129980108889
0.8789517449202479
0.8023710994190358
0.7219390348573024
0.733828656507961
0.6254976561573956
0.857000605342143
0.6942117315531544
0.7418210711515996
0.6241011258348779
0.771251811370079
0.5042037131522588
0.5683690071400946
0.6976853693590432
0.8315385760860395
0.507436985858418
0.9416209708037555
0.7802257004048428
0.9628627445618824
0.7210336769456351
0.8912960173664736
0.6467494542955339
0.6186054438963116
0.975225758413717
0.6004153861085137
0.529124310035824
0.6178192013270682
0.8809601707978589
0.5525036140995812
0.9088499551533132
0.5826064882999049
0.9444777502436756
0.5066473333955124
0.5727807037653103
0.7094528978260517
0.8917093223062813
0.7873397564130342
0.8381898934851102
0.6993358936587799
0.6159203207965211
0.8122186855271709
0.7812942300452441
0.673310501013024
0.906548083644566
0.7177745820751846
0.7273303011893208
0.9231636599018946
0.6857782986497971
0.5405446833605487
0.8072522471927341
0.919309003061457
0.9423979693619923
0.7199360770831573
0.946128693529021
0.9099427468286581
0.7908043757860587
0.9104727682604892
0.8255453438374835
0.7764156203146344
0.8448536857547319
0.7431854763676631
0.8765856515445856
0.5282046845385697
0.5222780319193712
0.5734077253096685
0.7929952566058354
0.9866868231053327
0.5168270517282141
0.6990142584984383
0.7152581892088883
0.8378526712934264
0.549360091622948
0.8506802326217306
0.9393853680827154
0.7079921590121647
0.5774888587214385
0.7348138233708601
0.8959128329670362
0.5009927416137302
0.5570958134543613
0.5929538133718937
0.7601796899418167
0.9772867450857268
0.5716604760137608
0.807412936681905
0.5046006502717497
0.9370325870472027
0.5224429111065565
0.8568757685227248
0.8257331643478463
0.9282787359742262
0.749050472411299
0.5401066991937237
0.836491837633272
0.9840902420152846
0.9570071219667755
0.7180169676658987
0.6793242796036796
0.9239154430695724
0.7228284545403723
0.9378945714903142
0.9888497078719451
0.8931215334211194
0.5046712200272101
0.64571950574651
0.7395652157826973
0.5436378795775803
0.5277460328644242
0.8828948311265732
0.785024952263615
0.7535677440344162
0.7761764190252022
0.5058882474514345
0.9224546743699811
0.88724942992498
0.9262729228317472
0.8112766313248139
0.8162981228404618
0.9243634869561196
0.5747062286229613
0.693179537186559
0.9573096126164353
0.9491545991263645
0.7106188716799555
0.6417261870842352
0.8490146228691534
0.9072789438057798
0.7408516171281122
0.7483992071376417
0.7517963942126991
0.7488185064231043
0.7227223044744568
0.8096293793215221
0.8572152065578309
0.690325431716987
0.6692917413672337
0.6196867202725655
0.8842441985674485
0.7348086884681013
0.982646063714862
0.6492392109517401
0.6367925110358423
0.9262304978851053
0.5661421252951974
0.5110283535556346
0.6452043683639165
0.9968746045167642
0.6681965763004188
0.7767482885735939
0.8650621553312798
0.9169352423395095
0.9107709930451997
0.8463604197895953
0.9577083310485279
0.88180279150105
0.9264927370709743
0.7406095046866181
0.5597015336964986
0.7460435674162346
0.6952516368472176
0.7715868130309769
0.923667798984465
0.9378916935296875
0.6222046039435039
0.6783156352777902
0.5236829393257824
0.5289744097986888
0.9435702081580404
0.7924724514359143
0.8695876865386261
0.8851082222059293
0.7092434072400537
0.892557369672322
0.6555751823341369
0.5271288468361179
0.6840160822302582
0.9232859812218067
0.9359901122871697
0.8265553763726432
0.8121103302081226
0.8614412548487423
0.8081898429991423
0.6863586879865845
0.9450173271609786
0.5422483305157038
0.522673323057411
0.7886800199429045
0.943100825188377
0.7363205993887767
0.9080717100188669
0.8644782244572777
0.7955687884900129
0.7224674331854497
0.6363392886701575
0.8122304949918686
0.5735362993041244
0.6479842730041621
0.5770390602875941
0.6172355319687427
0.8551723876206523
0.8674323992234998
0.9750788094214473
0.7416342988073252
0.7891314495737823
0.785071542059907
0.7674759836956233
0.8525842498369771
0.6467404193877199
0.8067636660103951
0.6920232244300776
0.6171110928609376
0.937700453704307
0.8091252963874691
0.6660155729854469
0.9397383816648177
0.7346363662549263
0.8062522740379583
0.6936418016517856
0.6961958696655692
0.600268012333544
0.9157146588098226
0.7399141787860097
0.7739354128903255
0.8259935911661729
0.8910064465471212
0.8702276458372034
0.8653140459693085
0.8186437661881367
0.9714766998278359
0.7551203153693846
0.918397838813759
0.9014256634244419
0.5166864233058723
0.6058094963931726
0.9327883033692805
0.8457594252032331
0.5053084173516669
0.5791211296056191
0.5926721983294962
0.9776109161749575
0.8401331972826125
0.9395283847415294
0.8130525521477989
0.6152986925604911
0.6350136539800217
0.565670228322219
0.6992236747289665
0.8196311602319399
0.516423878222541
0.5948251439867485
0.7721943828442723
0.7746766008319224
0.6745055280599916
0.9208796472938182
0.8270882853878063
0.8153577790959501
0.561643491772901
0.8267458625317251
0.6638715274533806
0.5834713236553729
0.8719842680879117
0.8526268125135232
0.7230870911330538
0.9585066671356159
0.751104727633944
0.5991780108515904
0.8030745644076849
0.7577406623245941
0.6116076148658405
0.9988321836903794
0.9241364440211319
0.7458026017119392
0.5164066451523166
0.9357565583090237
0.9367553285695011
0.6296832967191967
0.5930414602066191
0.8799352177574304
0.7260959231434669
0.837778370662492
0.7102179291560095
0.9541309621113625
0.655357386212889
0.9275109315908678
0.6557935231300083
0.7984299629616477
0.9716094014337912
0.9458788202369313
0.7376668925458485
0.7795528586043944
0.7931723415120422
0.7082472230784178
0.8402333298280436
0.7301723979456941
0.5210549021690907
0.8246629563243677
0.6260094510321419
0.5469373115697737
0.5655544531648949
0.8137211853043067
0.9089019162389821
0.8873238633730229
0.9311717872633734
0.9992570367151473
0.5147237495590684
0.8117768048611345
0.6887417270101157
0.5524594823725217
0.7773793842535901
0.8695100878198359
0.5247835219141068
0.9255647833829276
0.9720695168165847
0.7612998655769696
0.5248561283855635
0.9423543647337929
0.7968057720209729
0.9705656594334892
0.9411055304453995
0.9582227858377869
0.5671730405248923
0.6213666205215929
0.9836282877371958
0.6695463070587284
0.690737936457916
0.7366383430550107
0.5184071299080999
0.5773603427145042
0.8584378852257383
0.7833319258239518
0.5815845305839942
0.7928550278827748
0.7871102497511547
0.7964313144217947
0.5638378061630323
0.5811939116246524
0.5393740578999808
0.6220788164568528
0.5417894161788585
0.9523812775271581
0.9916009643487207
0.9113769307633359
0.8581660830684377
0.8645735891681703
0.6252001327420434
0.7152033918126691
0.9810532122190715
0.6012039697336826
0.6771444480906397
0.8100205054497555
0.7927296190829123
0.5035362947167834
0.824511764969845
0.8398365374487005
0.6533573417998887
0.5888641209085673
0.8230461510731867
0.8806177975469164
0.6817770927578759
0.5969439165601627
0.5576293095643369
0.558881105853535
0.9565565713198162
0.9636514869244116
0.6801164924308063
0.7606883035871216
0.781794029363807
0.6730719716568621
0.8163860795849385
0.9637608433441397
0.6463397239862301
0.9804270153941285
0.890181420539907
0.5016459215238135
0.5786351052359152
0.5801617071728166
0.8766774243000991
0.813194086709186
0.9093041930570789
0.8685501736232861
0.9717054866125656
0.5087496931202147
0.704653074434325
0.5200700461988663
0.7980282207928715
0.9259161344912361
0.7266101917182581
0.5974790785799433
0.9937882628997021
0.8780219124178095
0.5378730414383279
0.926202671105011
0.7096227934936941
0.963639544337799
0.6813964759655922
0.6887148253769538
0.9116903762259261
0.7690075479612303
0.9141463144170824
0.7888136962565804
0.5180874982042278
0.8930088972317862
0.7399176570532605
0.8495383668135915
0.5521409147223572
0.6089089499110169
0.8391114279125679
0.8321161291314367
0.9652100953643412
0.6438794553177614
0.8759946904988456
0.7814389491012915
0.9218113501128438
0.9733151423619348
0.701627252329815
0.9772126582297551
0.7388722852862628
0.6692931556243829
0.8813223711246634
0.6162876344626969
0.6331751519370148
0.9570908495693468
0.9168554592775136
0.9933107286650102
0.8759012458849396
0.8398429795305866
0.6200092490895082
0.8336098770943379
0.5793364456048951
0.9871386434998211
0.712402561009353
0.7387205279286613
0.9163064475723746
0.6111422714235055
0.8268163088299715
0.5068725330410006
0.5215776638024403
0.8944070419113606
0.8945332578090679
0.8853770077413827
0.6802882375996369
0.7030880902634926
0.5280203205128566
0.5602140730839292
0.8675752418536002
0.729738904415143
0.7305394917310088
0.8408819838376385
0.8940919528399651
0.6397405564494257
0.5391355297689437
0.7441106368882193
0.7074833106817253
0.9219355261372062
0.7688467971591951
0.9654524684567074
0.6710892278995614
0.6937811145662605
0.9083037872012683
0.695205668017397
0.9704206181965087
0.6546464091649751
0.5836009944870286
0.9628521760828863
0.760916855833635
0.7111652132571764
0.8127067921176441
0.8163951264350591
0.9049492339666971
0.5097456556552791
0.8828367766780612
0.6223629357080664
0.5256747479422218
0.8099844564984284
0.5347280895604725
0.5500420555386301
0.711179348822921
0.6394780941262109
0.5382418720674188
0.7459452553231647
0.5393510210423651
0.7707582505205394
0.6343628273034185
0.8456021931594291
0.51849136519524
0.6710569474538997
0.8872439607393527
0.8642619791467819
0.9851553538943394
0.839865766304321
0.6243886927557053
0.7072038384312751
0.5152074502886392
0.5541189198336567
0.8946662361535174
0.6327211190235742
0.9521204039094341
0.5905378051449981
0.5263340503323313
0.7519749889359819
0.9942704359338954
0.7829101742059847
0.9321340224357726
0.5837588250911745
0.9376114961030351
0.9255807033814731
0.5507720021447102
0.95987777584302
0.5206748007745455
0.6249392286328104
0.9645895897008916
0.9427324097970795
0.8369380870931269
0.9039321877542728
0.6185931680595356
0.6659564284371593
0.6695666591881974
0.6304703334429025
0.9052385588987948
0.854227707201316
0.5766481849084732
0.8607659494563782
0.8559260895004607
0.6965804961189176
0.672257473151453
0.7311318524123585
0.9883796428206755
0.6934580391436551
0.5420424918312579
0.9647956808397663
0.9067182817444944
0.9779558711772909
0.5876139672601397
0.5389675202206391
0.9322634623729595
0.819474831148419
0.7905413650992346
0.9842110917685044
0.9998005494916422
0.9676336112785655
0.5985452865522696
0.5470938782724585
0.7339029453119388
0.6600057147127343
0.8905083189167122
0.6752590128529488
0.8027935219168123
0.6415242320133137
0.6166462042216758
0.9358271067038118
0.691426324082897
0.626673083695652
0.6694698922022764
0.9507958279541777
0.9059886327710196
0.9623358027700228
0.8441940019605496
0.666482248593502
0.6700249995069416
0.556852136086063
0.9423345305995655
0.9499167062078606
0.5047570945655009
0.6329357504837132
0.6094101509137295
0.5806683863675937
0.9248532020551554
0.7193216961343887
0.8559299449112634
0.5618782785268339
0.9190976771172331
0.6411850687405174
0.5962501274954918
0.6767129270645581
0.7168098922645971
0.9896201095145929
0.9249455932048343
0.7774627646455016
0.65940378191318
0.5556834162525415
0.7010396950632126
0.5278782503120714
0.7513301960288389
0.7629692637797376
0.9125972716273
0.6694668412746636
0.7124640094386229
0.5051765976809457
0.7782208109509687
0.9311617602791238
0.6700800231790299
0.8620947182972606
0.9752890612703452
0.7037339952755628
0.8192488529787525
0.9292775388793801
0.8098543781382757
0.7842173856082355
0.9571948050988495
0.5998908342286218
0.7856486193961278
0.9449050057041282
0.5088888723349833
0.9850962155506454
0.58682343493851
0.5297598843024551
0.8188066161605212
0.8940924767665654
0.7935011307895923
0.7347541427616106
0.8186102576707442
0.6461678733108336
0.8225925624943229
0.8294134060976734
0.5244607167742554
0.9158047785683354
0.5295279209162111
0.7457861233160258
0.8110946378088615
0.9361345763943755
0.5378348131270607
0.5384186605229573
0.7205023983931809
0.793523353442929
0.6060358072160312
0.8722875798104555
0.7917639667298056
0.558544617828219
0.818694464948507
0.7181079490432782
0.8222754847538806
0.6406689313306786
0.6947267695978221
0.90713607671626
0.7993325362749453
0.9902995202489528
0.5061590569906569
0.6534196768808256
0.9833403434255721
0.767553200309389
0.9115860594700373
0.9533565447395072
0.9414269213087042
0.8340659731916797
0.9798514647227976
0.6361042839171425
0.6582845013231327
0.7044537629953007
0.9172198944609917
0.9091376690619108
0.9352549571864692
0.5844836646447129
0.5765150360586385
0.7173752099058468
0.5771670203362516
0.701670559339366
0.7239298972112415
0.5245362073333738
0.8739166221539818
0.9383144965253287
0.7462460371408133
0.8436851092905102
0.641690673513624
0.7431653689102149
0.7361580706254928
0.6231036274374353
0.6446306498081308
0.7913669598626087
0.9326076482813315
0.8674273213809909
0.9317747700857961
0.7677349768347798
0.6985610422317564
0.970785811921377
0.5882781516026999
0.8618040593691592
0.8842379621015923
0.8167011609780248
0.8501562470313315
0.822131535670709
0.6395032267175655
0.5116957319541036
0.5683731283910443
0.9687277098092242
0.8881153433418368
0.6656265199971471
0.7887463251388269
0.8877906802859393
0.6802661078299618
0.785492486646894
0.6687273095865275
0.7174938340899477
0.7872484293328292
0.9397583553747966
0.7425328853993944
0.8842642662172255
0.574538288581129
0.5704666456614063
0.9954841896252684
0.9472818731039987
0.5886183444236308
0.7249749618375307
0.8015125829704464
0.5155722605603124
0.7932135238355975
0.7447575581811074
0.7295126028100035
0.603878333553737
0.6691222231911167
0.7374404825314373
0.6548451558979871
0.5794346074906276
0.7726649892637207
0.5243160327866219
0.7740831800466209
0.7185885629056201
0.8390186553270405
0.8235018115838563
0.6160178866093136
0.6362297320883483
0.6139158981379355
0.6282527607596762
0.6161264212390796
0.7282874364113774
0.6845827053939912
0.9773236164745055
0.8220471807824357
0.6459566180562852
0.821161936056422
0.7599985169975195
0.8891364057869726
0.682125465198756
0.5901660364615177
0.7150265944939469
0.8370551509495986
0.627048862670875
0.952014964674173
0.9669997384678535
0.5987120308142422
0.7590317522164509
0.646519721636382
0.9281757494612151
0.8617587203525328
0.869101391741652
0.6533452932045215
0.5505747953831128
0.9702822748746021
0.8161111670775696
0.8146271927045463
0.9905060203758607
0.8903423314456356
0.5739261739397488
0.8822119416340667
0.7670170133569512
0.674081849917612
0.527022361900011
0.8222334585061182
0.686735728394482
0.6691208304709858
0.6514362731733602
0.7044465051721261
0.7085278591219025
0.9827764402128636
0.6693076128032669
0.7593413300789577
0.8481101952545912
0.8558001425652235
0.6113543893779345
0.5165264169481512
0.9750468550337952
0.8067801603885072
0.7824428243307868
0.7039174927615676
0.9711794522009576
0.5518903871645169
0.7263014825965506
0.8870069658198867
0.8598282979547296
0.963141623494052
0.7676576674575718
0.6980005969306005
0.998100041582877
0.5631942362468341
0.9031009461137456
0.7831527055769136
0.629366560783045
0.8393968217676788
0.7681769266461675
0.8377473895533348
0.7205744235653871
0.9333489200564105
0.9526062480426114
0.5260764025721516
0.5409032391668711
0.5300450781245926
0.5133877819900714
0.9496657393108784
0.9241186984814034
0.9051098658880614
0.5987285881803608
0.7477711788873558
0.6738196092937959
0.8150883127987627
0.7359521585303745
0.9071569184565946
0.90367687981544
0.5829360831270227
0.6967821059504613
0.5483411018569357
0.9345599596413554
0.5628877011711722
0.555660486458607
0.8547766722885524
0.842504529471233
0.6410251679021526
0.9607636994183419
0.7724816526073718
0.968112400176768
0.8572391708286231
0.9462180804268192
0.945404762806606
0.9350037225761647
0.6879934848789869
0.647915579376392
0.8335863279202467
0.8303618643630541
0.8138124769309238
0.5005292250350772
0.8602330966108925
0.6107056223735707
0.7649661492140161
0.6651555271784102
0.5631203840647965
0.9667945858699443
0.8371233195540626
0.5268498153826422
0.7692175518720291
0.6310450149274269
0.5368428106462095
0.5725413532188783
0.7094185347075306
0.6004008706190205
0.6861472729519922
0.6648993573988058
0.9016752020042398
0.597585536952089
0.6791898862705938
0.8069002851964266
0.8000653268856385
0.8062708698121419
0.9890246635113044
0.7194393069983964
0.7827217981678458
0.6372106108982025
0.5080882297868218
0.8656341799866535
0.6091853465434899
0.5861504065716415
0.7084242501754547
0.7476368484669924
0.9557637398588721
0.8172105197028863
0.7050319936621164
0.7400015429060598
0.7305197856670016
0.8160241443546489
0.6553023060241792
0.5759063857243734
0.6638130701078537
0.8248312667884301
0.6025619277048164
0.5798138272017828
0.8330896021707639
0.6427547574081358
0.934195217075124
0.5106628685864286
0.7536169139953923
0.86750753508597
0.9184965934119802
0.9330458969430719
0.7706597353655744
0.5180514889522928
0.9699193771142995
0.9735655370728566
0.5286865010265227
0.9484665907850003
0.8603652804664592
0.5952245506718635
0.6569178490287209
0.9454402145008898
0.9319849414248493
0.693623400601395
0.7695172902737233
0.8559302083138616
0.8066997087636688
0.6660296269669501
0.6058142747911479
0.7963887752897395
0.610556219006734
0.7689183971376565
0.849711929116937
0.7093498412952374
0.6521265257464831
0.8625312994163555
0.6384118260706426
0.751020315558788
0.6520071501339975
0.9913482954383084
0.7326515998873755
0.6823935371923948
0.6194338427157178
0.9574667069036493
0.9687060037801932
0.7968608102797519
0.6438534985472939
0.9547173692872866
0.5599304132497656
0.7615694941851716
0.6428875130707838
0.6572118199509657
0.9091838102250454
0.6732813129544513
0.930640039927668
0.8342277351016535
0.5720209512432768
0.6488708685274815
0.5608995387990046
0.9361686201473935
0.5652539744051016
0.5237027725614933
0.7369002072025583
0.9395709670078032
0.6541427447439977
0.5107703643402111
0.610345684410364
0.7829995578374811
0.8245363356588242
0.5958702585730706
0.9941006273435745
0.7690357965957066
0.7961208519090651
0.9922428856845774
0.823295021274271
0.5525570731674772
0.8195509382749783
0.7932818880580645
0.9986015129701686
0.9241392596537478
0.8020522673666325
0.8297517499225728
0.8188097657825641
0.8899622222840355
0.9376002181736979
0.8759158951693244
0.6840121634099525
0.9519121168415311
0.7223405596124494
0.8521422689546986
0.7441964184694014
0.6044159440854446
0.6376244778842316
0.6589909718993887
0.8354557642535201
0.517862267294181
0.5650429537175428
0.9074496480399081
0.6640788766566199
0.5249034115777997
0.8241524806045837
0.7916605507266383
0.8091378330242249
0.8261702684516542
0.5985138333306677
0.6060701356242314
0.8497916448767797
0.5875253800337277
0.8683437750334677
0.6613307406574507
0.7187254035292399
0.9562706272403537
0.651083915753381
0.8623106368755429
0.5516345808156712
0.5087340562393329
0.6568564113817401
0.8019645991210016
0.7515242472711987
0.5717503394666238
0.62903235029185
0.5887477608706437
0.634825107116945
0.7454040024650073
0.5334858402689155
0.6035638936375891
0.5571003113930276
0.8463109315681487
0.9980921411371633
0.9801898258547012
0.8196406419862894
0.8823038579303344
0.926964386751741
0.9395028609265588
0.8582503351735016
0.7037062158519406
0.8230520809673766
0.9559528721101462
0.7791045216529497
0.7244634251982573
0.7072805944490932
0.9107063655119345
0.8752487397914878
0.7009958604820022
0.9147333254061443
0.5867297414692493
0.8168269208313645
0.5750532994003017
0.779390424264059
0.6014206055732769
0.8770148876279773
0.6135153867865036
0.8524316072806197
0.8098821445475906
0.8364496802680561
0.621145375980179
0.5239441877960247
0.9148416390986918
0.7126876600541181
0.8474308751694715
0.9501875446183808
0.9395205069750261
0.5031810719666185
0.8686451960304344
0.8559234077008611
0.9720131535029266
0.543236843241599
0.5513197798362491
0.601524875851937
0.5937263579018645
0.9927779677454396
0.6015239774105721
0.7580615937163546
0.9411979132803229
0.6166904471120113
0.6061057767794632
0.5350241210295135
0.6981066882068911
0.6498649869893214
0.579474816019032
0.6657259872059469
0.9457903260125993
0.6937749885100969
0.6523005168962425
0.8092910669647169
0.630615083089987
0.985117686090109
0.6178326908699242
0.9318060036722164
0.6763709123281059
0.8769671463630684
0.8546880980104095
0.9785503617583229
0.5749631937833382
0.9672748077166223
0.6195653432136676
0.5619965077847863
0.6054068008623282
0.9095238665975367
0.8244451235777587
0.7301307905578966
0.7379561094419249
0.6190064660741018
0.698135092658797
0.6162755360968928
0.9402912531490117
0.6580496105883954
0.9463072850395609
0.9811324265528001
0.9026008689399512
0.5652686653463054
0.6437172689445633
0.5023452336055703
0.8910031816590831
0.5429243057034012
0.8296160917010529
0.9751883125368768
0.7989332312976203
0.7364520770613743
0.8927341219925107
0.9644605344921835
0.8463771847554212
0.7809179068662309
0.6837924736715308
0.7760882070176578
0.8268391602755185
0.6002099451306683
0.7553072314091964
0.9575596831939661
0.6636147522957677
0.5394004270336973
0.7978022596037302
0.9325806576316189
0.8830458732069771
0.8562186589040006
0.9034211672900321
0.5491347562234811
0.855031564046443
0.5345891738635453
0.6294095204022659
0.519690742262721
0.5903786899213912
0.7872033418489817
0.6402034544081459
0.976812719068109
0.5361867477320668
0.8150814563918023
0.9912807589595511
0.5545371517621358
0.6146234922641695
0.6798099086738502
0.9646720667957427
0.6079685173231093
0.5930916808549422
0.8708021750038353
0.7359142941607475
0.7014930913058492
0.8727862741779044
0.9094407024302712
0.7732074061599266
0.5746498771133237
0.8893955585847557
0.6314874242557555
0.5601033162672018
0.6153547553389755
0.7846580052400514
0.9932245240007336
0.8187254784472385
0.7648510736020923
0.7200274737630199
0.8557319945136246
0.9664437703029537
0.5926137054102851
0.6526656633109615
0.8903540074967579
0.6523239380473687
0.5850090888563301
0.8378586325710501
0.5652620763602626
0.9334737234041972
0.8694600170738395
0.8868515657573095
0.80738143208634
0.8573987588345939
0.7619157570852737
0.9348207294730498
0.9127318253941846
0.6753199360526886
0.7592432785288341
0.973578985169414
0.6514459715622093
0.9551910310049893
0.587523116769658
0.9779407544919129
0.7287349847738338
0.6443129367679925
0.8756293008945548
0.8110645936269696
0.8375401551335632
0.9851934212666528
0.9454565888748054
0.7334001369212255
0.9499480308655095
0.5144197871563574
0.8080590662525643
0.5480321205796317
0.8057734702520285
0.6918623609734221
0.5569741379815905
0.7393609490807607
0.7803914006159649
0.6022645302306484
0.7662069551842705
0.6190756902569702
0.5187036157781464
0.7453283520284111
0.7981696133590809
0.9164811291892657
0.5276528282955304
0.6711642912280438
0.7924171179055426
0.906916535176922
0.6847122296195662
0.6746103890511401
0.5946267682568372
0.6695217344728026
0.9260619251228381
0.7733724661727495
0.9229355587520885
0.8757779233884679
0.7126307722299374
0.8926056775435032
0.607543506502912
0.7514362027922203
0.6449191990324463
0.8001533378414909
0.7053965595784366
0.8195832902460426
0.7216797786427571
0.7342317186453355
0.5319378259696501
0.7576232085765248
0.5205222409847874
0.6267323945256986
0.8049114708544479
0.7048251074407432
0.5285335661036332
0.6379974123640435
0.5915770690909301
0.8878278617381625
0.5567292925968843
0.5495149469617784
0.985768044970798
0.5220517153352625
0.5021113658739285
0.7398109157356637
0.9480485761689417
0.6008497248024283
0.6234616485498813
0.7412127860190623
0.8494351111588218
0.6440591063401752
0.8992793880101578
0.825039922261605
0.7655812104731291
0.8845423695042214
0.821869010881011
0.6103365803446323
0.5661552100533103
0.8565178902973782
0.8402356836016989
0.8113629901963211
0.9175347448220184
0.680237913040034
0.8254890848487693
0.6467607936609621
0.6151848345311995
0.8202755231763244
0.6655318895325488
0.8891863127472274
0.8134940567153861
0.9701249950767802
0.7051365314790987
0.804660416781624
0.5169284311901527
0.9333327099519165
0.9627807577743251
0.6844599425272929
0.9926395438935132
0.8833321326312435
0.568539384436004
0.8260861104015066
0.790370159995506
0.777414477101977
0.8401032845107201
0.6819066109398169
0.6814836616401971
0.627227184413497
0.7005028204179786
0.5896742309456943
0.6689837039365545
0.6064562359602803
0.6788902259273875
0.6338506952036
0.6364913733536245
0.6905151022548788
0.9565757623382194
0.9335524682059162
0.6195349187774725
0.5596980842085093
0.9045918989698465
0.9954305750391004
0.9578440869472282
0.7324589122670833
0.9988940297769962
0.903414695231848
0.9470397636266249
0.9623679126068713
0.7876449749525767
0.6954578331773409
0.8428755828417354
0.7421708386483866
0.5031925659891276
0.6771446107844333
0.9446452634121014
0.6589989306470343
0.7983552075342983
0.903451097521978
0.6718851272855102
0.559758105416839
0.9773510135241251
0.6584117379595968
0.5365718137069573
0.7098147917888976
0.5166552961907479
0.503814356104201
0.9537031186490972
0.9897531529324144
0.9802108211980207
0.9427896480427963
0.756438665010961
0.6241077687460019
0.9411415979215734
0.87321343572324
0.898260664595975
0.8577482080235589
0.508751199213647
0.6908222519347031
0.8465392523988549
0.84215882456045
0.7629676865908097
0.7100706993107644
0.9941134125298206
0.6799786344595021
0.636263707434084
0.7493907421975798
0.9927678226758935
0.7217118471518411
0.69025417000335
0.9770691648127066
0.8065639572527015
0.5223279111050252
0.577005248310103
0.8072209286599985
0.990073044100726
0.8585983836997058
0.9435938094539214
0.9157820768057481
0.5082421866808622
0.9778796669146481
0.9439824496753867
0.7739938401361945
0.5479152017112185
0.872975599064838
0.6419291001811229
0.7364966387615667
0.900934896315963
0.8845011545837899
0.8311819687675005
0.5599862197044007
0.7062251482165021
0.7449695650654369
0.5208502553962051
0.9646563565586755
0.7202784479629842
0.9359551372096391
0.6426701410644979
0.8405149643039541
0.6754477578181661
0.8331451384742313
0.7478292682589134
0.921196274043419
0.6062125779302494
0.9550567691916801
0.6971013319418811
0.726004206888911
0.9872928401693707
0.7485637415421557
0.7555049101623414
0.846120604146943
0.9105617595707607
0.5100261094712304
0.5872247125811931
0.8899557321981844
0.9231144794838537
0.8479712978554763
0.6729400853180578
0.6841726654273081
0.858342270205009
0.8592741251013679
0.5951494784353568
0.7362372477148016
0.6295366132161097
0.7376413795134713
0.5222556597445204
0.5225962355154898
0.7505262311124272
0.620096367897591
0.6120691627622821
0.5397400900933957
0.7846957915994228
0.6914909377570007
0.6493314316445945
0.9995339596319388
0.5742433131158238
0.8675865075374958
0.6103706334006659
0.9383210897789958
0.6865936472324099
0.8866198193557439
0.8839817153842295
0.6442220475048599
0.9791877919501952
0.7999814970968883
0.7159408661326201
0.6982508048962239
0.7893778969575707
0.9087876417602654
0.888091848671435
0.7946095954768457
0.7244198061758018
0.5862088465070732
0.9552806168052388
0.9421799487180657
0.6220205331384644
0.583813869678987
0.5072445032357658
0.7301762677196278
0.9112593888165275
0.7711906159046997
0.5601551871917027
0.505875030374447
0.8104913843965649
0.6395288969250899
0.7245742313045658
0.7494418475960782
0.7559093651160641
0.8033377045105279
0.5440356738760503
0.7033350354460184
0.9154653333714899
0.67412161241722
0.6255656513728873
0.6058882445474322
0.9987762589013245
0.8866981340649449
0.6955893695263757
0.8137209562768736
0.5753661074360163
0.6656848933609436
0.9083383920366437
0.6921413307081861
0.757709278610452
0.6408785661382935
0.7788514592642122
0.7467820007102259
0.7361984528848871
0.5325826176994374
0.8416757318857868
0.5218186267376863
0.6091403986663977
0.5360011169610088
0.6051859208585383
0.5189147271813505
0.5352961303776229
0.7088961764692077
0.5382953755507267
0.6290843435846029
0.5323326656204386
0.6823612786590769
0.8621901249903327
0.5944216311867607
0.9778989877990274
0.9717205408404539
0.570215709861411
0.5127687553902225
0.5905821881101083
0.9851007736226097
0.6993500787442353
0.5266017801011189
0.6537195826650775
0.9812448218274556
0.6536749907557662
0.9719901857707216
0.6489729867264049
0.8081986865987182
0.5003952704520126
0.8675548927960208
0.8332575393496815
0.8229836911973494
0.9147826703274238
0.554405574262109
0.9127616580094764
0.9531794325809734
0.7563010698658643
0.5446228942890317
0.5737071397304205
0.6430374540172779
0.505002232884086
0.502851071157963
0.6397210634129913
0.5456431336468549
0.8329405593225696
0.51613912215641
0.5168718233404235
0.7276811630252304
0.5531907895150319
0.8551220520584524
0.7217578228872323
0.8526267291737792
0.7721939158695041
0.523122434756643
0.9309761418609708
0.9219426943158808
0.8622232867469817
0.7147698804099011
0.6662748018609365
0.6798692904809387
0.8535504745280883
0.8099269287013771
0.5200750179699494
0.9094618544177515
0.7554742835515137
0.8038846874998988
0.7444356841691768
0.7498939680813722
0.5317414254424069
0.8323572445602216
0.5230033361299502
0.7729392741704342
0.8373618349839559
0.7813955225011933
0.5037296132231552
0.5614842064384757
0.9747037871771145
0.734218622643192
0.9208078340443542
0.916045993075798
0.9385263365841248
0.5414575521469605
0.6580917427613244
0.9523723165863963
0.9824376957558314
0.6483187313793988
0.6999412393197413
0.6818756384219288
0.7098462917854884
0.6314852028185064
0.8783106986119971
0.504123521555947
0.8118259721983234
0.9828309887402973
0.9850183092163528
0.586249648693246
0.7698313302750692
0.749506214175166
0.5914059578463381
0.9510274784089134
0.8627274356675151
0.7213659645508324
0.7422718027148699
0.7295193587701758
0.8636896492599446
0.7319878253068248
0.8901894405928599
0.684130018500176
0.9203559444731346
0.9482998740584654
0.8476373470767741
0.7160930277823375
0.959729056850785
0.7595705986953636
0.704751016895538
0.940783090037894
0.6675074794619494
0.5569771523018359
0.8861266285395952
0.6621472144048923
0.7354481879724393
0.9158702095162846
0.9639940964928285
0.6781106065610611
0.88165297191793
0.5579021413700658
0.8058969807306898
0.6799511311785231
0.6471010055681226
0.5046312037026122
0.9859010696685457
0.6446521758852808
0.6161373910466734
0.8921760506260052
0.931202966381903
0.7430638283688443
0.75336390750722
0.5659993047323109
0.7792890899757972
0.830991321366116
0.5948313861326691
0.8079496313440839
0.6013420843506609
0.7639700951968844
0.6361278488979213
0.6773340064677893
0.97986381845356
0.9571293491421827
0.9042913494494917
0.9364867731323321
0.5770648773823295
0.5570897605360501
0.8067061269367692
0.8119030625550233
0.7549126884438567
0.6095387702138961
0.7101875123466872
0.8273532162951461
0.8100214387677445
0.6521459038775048
0.5878600754328138
0.8878871365165075
0.6499383806958011
0.9837838910531171
0.8892887020335078
0.8670849880375135
0.6221524538032541
0.5280997726360889
0.5144972523297071
0.8966998176936984
0.9956435175334242
0.6575710615840737
0.5550566994880293
0.7027933694493032
0.7346888084088117
0.7987764200484938
0.951460031062123
0.8677315087435303
0.626954040921734
0.8205868192957704
0.6840930947496806
0.9156457664714255
0.5532371943642066
0.8140897408647984
0.7175924624057926
0.8716652889770076
0.7263294310825674
0.7018213722709565
0.8705764729818715
0.5130253955308646
0.80461176832971
0.7509430728496451
0.920640181164722
0.9007951603173133
0.998289673310714
0.7139497127348642
0.8017059020653747
0.6570214227734545
0.6791791970502825
0.6464474472207938
0.8711670785768602
0.8620372335366872
0.9019008362973979
0.9334817104519837
0.6082807460141437
0.607420836295146
0.6852864389087077
0.7618275258561329
0.6232989396008177
0.9660166647508079
0.5202605465556651
0.6796779402728972
0.6893409030796709
0.7437603002343827
0.654930900501302
0.9803728395202419
0.8035830066128635
0.7545447591080805
0.5844198855133487
0.7259133508959343
0.847893917884776
0.652400094239597
0.8881976708900784
0.8933971077339365
0.6010102097994169
0.5367917833336577
0.9990896901519277
0.9358812762939674
0.8247026361105931
0.6723127303139513
0.6495993729632108
0.9953502390938277
0.6917617552677098
0.9816117513630167
0.6987857316014068
0.5241745314830826
0.6878634868680047
0.9093796136794465
0.9353763801997106
0.6216728854253843
0.5876215944376434
0.9356704426380306
0.7742686934430676
0.9068634512496767
0.5577077519457647
0.5350069013963779
0.9248691954513724
0.5086282672036324
0.9277835751971373
0.7476562184261168
0.6233437527104029
0.8110804115059935
0.6821616896630411
0.6306230922194294
0.5385567948020646
0.5491976848907327
0.7234406128124539
0.5603028231976472
0.6101554044108732
0.980614787717186
0.8650283045938224
0.7542497872303356
0.7244986825506956
0.9158513520036995
0.5148456567605575
0.5386855897117513
0.9808701856310021
0.5394266808372588
0.8944005098787814
0.7033350785198096
0.6501009556388857
0.7296438276499726
0.5879746846820592
0.734802077410621
0.7270004978976592
0.5691610750167131
0.8980516994440908
0.9240709726824834
0.6452174550235377
0.8657707889401165
0.5837340978917598
0.724846691157224
0.5165145238938842
0.8012176854885136
0.9962490299923543
0.9773670221991624
0.761678148525685
0.5187776964526011
0.9665876431726319
0.5231492878512608
0.5924975062313933
0.9653686623212528
0.6571953617159709
0.8832819102858193
0.6741174316329208
0.929602170817762
0.911222309160728
0.6368059626415608
0.93071013586672
0.7454692313061726
0.673231937130129
0.8655431554103346
0.752438226267232
0.7662720144277844
0.809984486639903
0.7839829456943961
0.9028017495685072
0.8951913477024902
0.8333715339928225
0.7111651444157754
0.7643122684391337
0.8537382288193647
0.8115420274194591
0.8316589336979114
0.8795692654515475
0.9273216647877309
0.7743442972207419
0.6784270767119656
0.9656603157252484
0.6379153396849158
0.696746439204934
0.918646162118012
0.9669662714403855
0.9747050576573457
0.5413672436552751
0.658307831310601
0.9361631676616018
0.5236768329867953
0.8453002106504635
0.7931368919081316
0.7668026966323869
0.757922906616221
0.6772230459130022
0.7983175707769761
0.5158458985571241
0.8200187248145362
0.54192359995251
0.5067025426425624
0.7932906546748
0.7170361067870783
0.6117216355313642
0.906857026608674
0.6966400418391931
0.902617900110225
0.9552151466896386
0.6415270158847287
0.6091060143012055
0.7297768069133206
0.6180575236936141
0.9586590962691641
0.5182581566139
0.5199062651939199
0.9647378291019774
0.518926736272465
0.6100921283613484
0.8015041126037716
0.9724291191014043
0.7011506717585863
0.9460821505034396
0.7825897221979672
0.7428192534507752
0.9403154528835068
0.6325704487823998
0.7351892498190071
0.5005574872949803
0.9429898934869669
0.8620234155278453
0.8087175724827499
0.9122790697528369
0.9041563616911712
0.6136560068508206
0.8499953501286159
0.7860651378012378
0.8375006045212596
0.7732406079514842
0.7978782525176662
0.8465488045471964
0.974932577290252
0.7544592638662262
0.5109241279923696
0.8358191939814841
0.7511547430597277
0.9074696824940324
0.8926680259585275
0.6147344115882196
0.9204420001445458
0.9523216299490198
0.5764543877868438
0.5445826392200064
0.5879165752628785
0.6939168742874415
0.7352086937156427
0.8779734366481089
0.6810956425911909
0.7323361687395502
0.721296985224632
0.7497046004439631
0.7867279883120444
0.5000489151596664
0.8361087870145889
0.7365443573951169
0.5753121729016896
0.9196262953842598
0.8706992081027438
0.6279751381804934
0.6453787027951703
0.9962346597748208
0.5096752008067964
0.6777403937849893
0.52110239925376
0.5512906452961217
0.9119375440168862
0.5929743939953398
0.7468672863628953
0.9316304106672275
0.9849166703768799
0.5619296631074157
0.5373933898487857
0.9527800174611011
0.7047953040833548
0.8249688024819386
0.6656843523465938
0.7347984900391343
0.6340880873430226
0.6624720062235534
0.8573723359715404
0.582808638204099
0.9187709275663346
0.9303454942991166
0.8316596256606787
0.9933273530938453
0.949985922860125
0.897743366267834
0.9133024679616619
0.5456597477890055
0.8368326391934695
0.7201441500998753
0.7741351412705373
0.7893833075255069
0.7480401035437747
0.9387199148410301
0.5659588702134776
0.5859489310780384
0.7900629312099781
0.77434049549732
0.5787985229185968
0.7590263632557683
0.9501202317206572
0.8636247227666674
0.9564616354144971
0.8774607751338936
0.6547361056406883
0.7235848283786936
0.5246481823663118
0.6073787573705701
0.6516566369704698
0.8091620993504545
0.8628621055483774
0.6142618479248656
0.7180603612458587
0.9893655768508363
0.991534010517678
0.825708108265602
0.6302405675394056
0.9020395394940969
0.7133777724733289
0.6464033120896507
0.7726919527687954
0.8542887249761422
0.589786190038943
0.996366280477684
0.8025144840952818
0.5788147163538288
0.839402571365697
0.6439895811577461
0.9967642510872439
0.9673893547528181
0.6021905587919099
0.7794747202596655
0.6778475699103335
0.6911921585691219
0.7903819776504546
0.7220960632363603
0.9661494605457757
0.5892605217561233
0.7835717222238168
0.7751424316076074
0.8750686404252193
0.5855353620356202
0.933606938227638
0.7968447301931154
0.877149134096386
0.8819838617332523
0.8232567703452038
0.8481168187291075
0.5712777042621281
0.6290456488024783
0.783589946591615
0.8842093886912913
0.7398285696416818
0.626943366826452
0.7251425627762615
0.8768497061772422
0.8887182831505072
0.7107599387472221
0.8676678565450282
0.9203566357293096
0.9445749567380777
0.6651981439254808
0.9896110041436832
0.851014781280673
0.8076295924403681
0.9247087741155449
0.7148827174470846
0.6407322259346195
0.642524918567326
0.9960130874528828
0.891816971830611
0.7966741150730878
0.8170827248980037
0.7362893468083238
0.7393752001073197
0.94265425108024
0.6421141946265985
0.6175672575708926
0.7665641127908651
0.7374734204780801
0.6606913191992889
0.523915236416664
0.9471074462942308
0.7492147494547456
0.8425261134406323
0.8060284096725439
0.562793728754558
0.913024580500061
0.780211981424527
0.7248883850617365
0.7957206435845023
0.6907833556815571
0.9390193821877257
0.7662451083355537
0.9570307879394114
0.5912944607125474
0.9687341275443435
0.8103700221000253
0.798842347111991
0.84778762905879
0.5743241197324358
0.9370883731636062
0.7115697585481042
0.8691813201305759
0.6370021015697971
0.9187175076057015
0.997878109996816
0.943331644742814
0.9221896613785177
0.6902322907336593
0.6236861062833232
0.8387199205455671
0.9502393715960624
0.8496734617067228
0.8011947495694722
0.8199460443193978
0.5548592973606726
0.6434857904687478
0.8610215139946096
0.6187084220087788
0.9461170593440962
0.8126997463375962
0.7099724999239594
0.7880983447385059
0.541420801906193
0.9334522855070055
0.5930290169815886
0.7298130963240165
0.5945499529396381
0.7202698350685988
0.6578841534014515
0.5446807137992606
0.5724570082811842
0.6866137939279529
0.6250399962667755
0.6316862473081649
0.5480231711315054
0.6948023352313587
0.7575254535327255
0.9110502259710742
0.9672894678957218
0.9550500807026738
0.6942751503030902
0.8129913876847943
0.8749970389918083
0.6947122417315644
0.8584559407053742
0.5597463977406636
0.6475294900084138
0.6090939952633637
0.8966321063934521
0.7001895781876377
0.5330514777654558
0.6567399431590077
0.7621003001148936
0.8637724604614184
0.954998988054038
0.8170925450361182
0.9667020748897694
0.9678813200498408
0.9566854962313163
0.9911718373710017
0.517761313445681
0.7737546800904673
0.5169653824452369
0.5913333940663998
0.7339142250784844
0.7950041555247058
0.6950299821729532
0.8119167736024948
0.532025196777949
0.5965638283095719
0.5987296304360287
0.9191148246498534
0.6387768166823451
0.6157046040081007
0.8597059410743073
0.834227845857432
0.714186712959168
0.5194165216789367
0.704617717205827
0.9333200898111567
0.5729175360340173
0.7374551926357613
0.9245072418064324
0.5784576993163077
0.8774421996024412
0.5496748396965234
0.7135504653993945
0.8562187433301252
0.7122846638643362
0.8587987588086847
0.977912333739003
0.5469361846129523
0.7828923586474457
0.9884564244276952
0.7287327118665656
0.749180286106425
0.6584318858456693
0.81702743759167
0.7747861555137696
0.9480445534727909
0.7079546577965943
0.6488149487606226
0.5921649726442779
0.6408382266829924
0.8005196944647472
0.6854039988105215
0.6350658226615791
0.513847090244498
0.6127801990677881
0.8886646194370134
0.5040536410951973
0.9253428973391251
0.8061936843948585
0.8424860606198323
0.7244920181404578
0.7334840433707216
0.8407280989820829
0.5880676198254391
0.5137179870651087
0.6849651339475686
0.8766406258928687
0.6170577278475844
0.8617799590776654
0.7678435597640276
0.7844680741847951
0.9005621641602395
0.57410162203765
0.9533441426864545
0.9977715861254322
0.6922067585591856
0.6242578925738586
0.7749540388215073
0.7831353397851003
0.7468681681131486
0.9957531738112122
0.6371140359572268
0.5658458034071028
0.61777073424392
0.5603682869001774
0.9555964612980471
0.8444177270156858
0.5598254546581884
0.8006987028888115
0.8384762254570857
0.8213758483871993
0.5772442906202275
0.8146127720397963
0.9495816601516323
0.95112257925031
0.506765271171171
0.561387220846199
0.7315268986041736
0.5354126981269351
0.930302126822163
0.7744086200265823
0.5606165682443756
0.7229758214720352
0.9114968857607344
0.9533882173579378
0.6946458222843583
0.7014534463794873
0.987081602100358
0.5303872580243147
0.7664784537961129
0.8994013286232649
0.5960317641892529
0.5724214253020833
0.8528922397211744
0.6840666289447586
0.7772871799308143
0.7623613326018217
0.8762066128311378
0.7494853569670183
0.7817813809244085
0.5965108343608135
0.8200957989757192
0.7430451627743719
0.7780711013913694
0.9179743173380135
0.6068128291061037
0.5836117866360677
0.5649557470771412
0.5748942311335117
0.8391446755356162
0.6522514851000958
0.724382772131807
0.7295813120473514
0.6004861666623156
0.8930354389538461
0.835856535603566
0.7812447940155816
0.7493616442759523
0.6939719451085163
0.672350973923224
0.6814949404986903
0.7660541648148329
0.5736730038534168
0.8153661694562212
0.6776731682110837
0.8495009218583296
0.9305857056825175
0.8182713666044168
0.5280186734124865
0.9345017228561505
0.5016728183616437
0.9337417283124194
0.7516474850356141
0.9225432963365796
0.6132735139800949
0.9206533438587279
0.8021100646873535
0.8322916420591133
0.7718379047189532
0.5754005776816812
0.594723731325012
0.7310691886441231
0.5119479120626844
0.715001050473471
0.6126823716123202
0.5063604760249136
0.7565534649986108
0.6661700457812856
0.7347086243894609
0.9477100534112208
0.8501409338224132
0.8181580230957973
0.5648729195517161
0.5206923604739915
0.8454505912658823
0.6792822027551668
0.6455245308260938
0.6122777057106179
0.7515986580075225
0.8478309625049317
0.6834509661869498
0.8305543307567564
0.8990331924081982
0.5148152283228153
0.7181483736404797
0.6625725528904162
0.5343564371429961
0.5257973879745661
0.8311982234136476
0.5408660827047609
0.6514959729486189
0.707201468279088
0.9174760281687102
0.8022143641186628
0.593357710747004
0.506971724511203
0.7601251136912976
0.6253615704316728
0.849196973483666
0.7083506426071904
0.9880276556205324
0.8222311712091843
0.6394660957546507
0.687996586282354
0.5100273384517138
0.8488707856382798
0.8316446548608304
0.9716100120438398
0.615937820872496
0.7860445206386102
0.5230604869409536
0.5935848582383516
0.8440995117047243
0.7594769414866154
0.7444552439062044
0.6280866730457768
0.5069737007781915
0.9935994138475582
0.9128446954912277
0.5123854819143795
0.7789534584575666
0.8618754082820828
0.8985473948612447
0.5113125785646139
0.7882478593212847
0.6505307127508648
0.8425831012190554
0.6633587809068171
0.6408430910599958
0.7892893009935462
0.591392213729113
0.9748711291580663
0.5043400737649324
0.5593323885048567
0.8480951865461137
0.6114881947258959
0.889129239370309
0.6502891499644223
0.6940837823866172
0.8494048873715776
0.5850388054119477
0.8378486173783255
0.7204569065988855
0.6953613536009149
0.5950675824014462
0.8639144751275296
0.9111037421712664
0.9166302565837724
0.8340544559084425
0.8045090065052363
0.6842527466493817
0.8242757161554135
0.5954320800070712
0.9056544680316012
0.796116111579924
0.8102830663091547
0.9121655275666358
0.611730124513973
0.9100531131707865
0.9691729165593217
0.8409327420812811
0.9921358615312401
0.5683375663071142
0.9771783150550928
0.5146423793724755
0.6152418264710475
0.9082962417909037
0.9685534987102384
0.8314700925433947
0.7623091876882814
0.798052749061444
0.5056426377327358
0.6563622764532107
0.9190665106738678
0.5800533741385221
0.520644705835021
0.8912136267947208
0.8486975751264907
0.6369860055786112
0.7555462906285861
0.8184089538069419
0.5543527108335542
0.9584203807394671
0.6823979222351384
0.7476507923716146
0.645379477297102
0.9474080995629954
0.8435563750995476
0.9953604085596384
0.9538672199355231
0.5962748875377805
0.6061684467216732
0.5891446829385787
0.6008766244985713
0.8901524622530628
0.8005537984720313
0.8602239671868548
0.931587119021974
0.9960848959463385
0.8772528479620625
0.5823749048233138
0.8792889632908847
0.9090379099690454
0.777233313512145
0.9183034653437346
0.8218841881981496
0.6943104547801557
0.9397453646685228
0.6122465905072236
0.991731593635717
0.6159231913874583
0.5410571414462846
0.920059223376603
0.9671184681669811
0.7606824537053529
0.6963304219934515
0.9270451422802533
0.5371458011869836
0.5162891409127812
0.608668247689647
0.5139961770495907
0.856477884401358
0.8733323472234
0.8682363084794718
0.7925862815958583
0.6146646552543571
0.7740523047479275
0.5560520126574913
0.8892316907635827
0.9698504912197525
0.7294940128405181
0.8078215170657332
0.5224559775655853
0.5616448759415745
0.5418872844323428
0.8839261316032991
0.8433391534994086
0.9500305040095973
0.9772584547790037
0.6313197985483123
0.8522224018669065
0.8388300228195744
0.7858468741705602
0.7200309283258782
0.9041745126317944
0.9658033679788065
0.9151423313510536
0.5388342929536851
0.5803349099529844
0.7489557431562542
0.6634349237731207
0.9589319390406819
0.6118928572579474
0.7867891949395727
0.5938442642741195
0.7830059746809774
0.6761237380999963
0.827939238557579
0.6989887338136438
0.9398677847536845
0.9063216474867447
0.8140640456653436
0.7609663345111158
0.7353390403465935
0.5203893711782366
0.9199025566764021
0.8280119917036024
0.6978625064839592
0.9011731317093847
0.6210093783297492
0.6489800764637359
0.556051006301811
0.9278629476083663
0.6229450536428418
0.9458527040153073
0.8419619325476855
0.7745266798536475
0.5263432634946268
0.63417802652999
0.9939098381382241
0.9541967756153202
0.9435635902580255
0.8394310060310469
0.7531766724628726
0.8624112106556783
0.7045503360321799
0.5689296474027075
0.8738329749678813
0.9000425182562803
0.977745964825885
0.5743680297090563
0.9405788587613925
0.9027391235999849
0.9281199906554429
0.5818914125946029
0.9566621735317279
0.5943094243520672
0.7833264456678131
0.5577844854820092
0.8854207034913714
0.8512521347656126
0.7169135831225726
0.9704030461357245
0.8836854960552165
0.8928437209341569
0.5431758893524046
0.8752983597435495
0.5218644580527976
0.59324200138971
0.8659196710729219
0.8285437743428872
0.8886496742316341
0.9477155010490366
0.5595990839204594
0.6940681842709298
0.5537453821999734
0.9137065192506362
0.9027795278647497
0.6246765333744616
0.6367537002039511
0.6901563562478399
0.5625807488561883
0.5448520405960349
0.5449160304439433
0.8162193199739758
0.9325614675256111
0.9078047122572639
0.5909531109242139
0.8300998568957958
0.7792424864959946
0.7748818603594734
0.9965722453457524
0.6336580609409691
0.8742109625034022
0.7248291756969255
0.6683907154560087
0.731598620864375
0.6848875696027377
0.7494804233811598
0.7592384635926357
0.8865926363193041
0.6717974282153847
0.8531344889489243
0.5966206984558464
0.5169951688934256
0.9706650593430176
0.5275275370813259
0.9232779649526588
0.505285326928712
0.8644915798727696
0.5389871310532471
0.8545213881106234
0.5289860957737647
0.869009940607238
