0.8019517407040637
0.7535123721070918
0.6138542667036063
0.7922646712197505
0.5970501415580223
0.5363704141757031
0.8962537686600599
0.8439468287422163
0.7537177286143588
0.7348027652212606
0.9804926533720588
0.6991404867491582
0.5815017802608689
0.6858534514463324
0.5706490271260783
0.5572657123192992
0.6593487396819597
0.7331547643952088
0.6335811754677197
0.9675793504352754
0.9386452939012842
0.6206121148584054
0.5900020815738622
0.6926565429118148
0.6578376954187152
0.5331446926678419
0.9345155770133419
0.9314743875148719
0.60761726906768
0.8775806956158916
0.8037097303273091
0.6188908009514228
0.6342204517687466
0.8795628255024516
0.6256382895303654
0.8264615614702487
0.6680135412015848
0.697547090921733
0.6290952006590416
0.6841387536040067
0.8603307414571597
0.5351780319880556
0.7408548609637423
0.7285163509211534
0.679522639981738
0.900993647996315
0.9370367636638346
0.6211400552195929
0.719294657810571
0.8676734616481305
0.6564055732593752
0.8857527581525084
0.956606254716575
0.7671109582536103
0.509570764299395
0.8805796856048307
0.649354278287793
0.8005567458575551
0.5850524443965627
0.7419631375465772
0.7915725145736499
0.5488214054177287
0.9241671074378728
0.5783620773176958
0.727804741045784
0.6241477779451212
0.704322980237134
0.5294598021363529
0.8855340736546409
0.6593005219918852
0.6411304225615676
0.8451297937714168
0.8075061964616657
0.5208614067882288
0.918572180195453
0.501861722216594
0.8324387093425523
0.5447746652610053
0.8893255889256215
0.8835212107480295
0.86724242518692
0.6013820970760602
0.9322072609479277
0.7048822982588804
0.8178399349942245
0.5841954383731569
0.9944033620182899
0.7076919059868454
0.6244074884221984
0.5585053927164944
0.7992652925279742
0.6423002724285529
0.8770096421742759
0.8373635973349085
0.5448641860046031
0.6112170420299401
0.5954818857451234
0.5325856004056286
0.7061026296616439
0.7973054600334789
0.5840900322102618
0.7267170742393991
0.812465538925952
0.8325146204373299
0.5925029048120122
0.5576052429462468
0.8749017378171517
0.6608555775914675
0.9804049291360992
0.7734920771561642
0.8038783694441033
0.8199295213925837
0.9280019947240249
0.7900646892110053
0.5137374910389216
0.7735099850683744
0.926307355157558
0.9290796062078795
0.75817704613469
0.5545399440882778
0.7000798871451437
0.9843186059989355
0.5885468033050818
0.5994487886065651
0.6648335076118741
0.9615278011246284
0.5830662642335537
0.9228833039059542
0.8572003419443635
0.6918332610508526
0.8207431208409006
0.8054644523862178
0.9776741392657693
0.6952334103818651
0.9607953149302174
0.6331486922410798
0.8782134091895781
0.9501975697295528
0.7295336314834797
0.9598402275933771
0.6114367725436938
0.8711420608230585
0.6784661351560092
0.7731857849994217
0.9090223191976511
0.582190924881882
0.501472950226947
0.8175134672206734
0.7546839454908818
0.5689516119899092
0.8207414976791817
0.8877141045986441
0.8001266415299125
0.6556842278080361
0.9822185784897564
0.5342020386466855
0.5458291651630629
0.5250963301027605
0.6069873589155947
0.9153822713054607
0.5805308239290506
0.7637111251195801
0.7690844795074867
0.6388752808544762
0.8955116006238822
0.960152572211508
0.6695238427136825
0.9929797478806164
0.9401912547046863
0.7439742365892175
0.9857057923386828
0.5316985059457766
0.848336603933739
0.5856945718641063
0.5073704101048654
0.8896223123909357
0.8857693578495909
0.6144954873748057
0.7725480553902485
0.5165547465684227
0.5893291130239129
0.8852768638900349
0.8755091271006539
0.8576934139625171
0.8101562079203132
0.9024569331818502
0.6097568561092477
0.5408341674902619
0.6924907864957106
0.7342366524992012
0.7526909295121555
0.924909748360162
0.577025541027369
0.6767884577574362
0.6509844879116463
0.8740338905656162
0.981982332339292
0.8402991391002297
0.7614468846414513
0.8211657763045466
0.7439811108222729
0.8970057425441469
0.9418017891222146
0.5146771603447362
0.6179437037600408
0.5792634807246656
0.686879422965885
0.9289559971374491
0.9317176034926679
0.7951758248904577
0.6076568458721139
0.8521294016974011
0.7289405012334491
0.7598650259058188
0.8102161444612515
0.9543412151229229
0.684897244655488
0.6959635454580597
0.9834093047046583
0.5222695155344144
0.8927581668975866
0.6944065338211756
0.7485649618629884
0.5291812701234806
0.9411231801875386
0.8325225461877916
0.5277028616396455
0.661519008139132
0.7720304401394096
0.9175681793303425
0.7721536262868026
0.6502534483695916
0.7665639759251848
0.6462324878912062
0.9455503676688807
0.7553034542859073
0.7782685104245355
0.6503683513950032
0.8656132414648166
0.5745281381245948
0.5415560491958519
0.7059545810632694
0.7687022777826793
0.9043500474618716
0.5167464625273295
0.9039290685206334
0.718186241638249
0.5005701623217622
0.8066624409633277
0.6247303078104588
0.5148111939829407
0.6793485961808665
0.8009340530153531
0.7239571946767355
0.5774502707576272
0.8246999945112596
0.6915637143430877
0.5092646003082283
0.750641533087194
0.9859270575937799
0.8067878211120844
0.9388080760307373
0.8654939832398654
0.5662184985118811
0.6088790704726038
0.5671104144468553
0.9688736376524254
0.8880215887422789
0.5256804707236102
0.6856848728214704
0.7657985578855822
0.8814229381546526
0.6602946387931103
0.8267852270362483
0.9327286137646154
0.9674056418274564
0.6414891479272726
0.763544643153926
0.7854621929173167
0.8108905523650232
0.8799968706073791
0.8712322687530173
0.710954945954458
0.7172858151840399
0.6155701626623387
0.6152744145225502
0.9291106820606914
0.9020180555041155
0.575494663391795
0.5658077048753427
0.5060916253834713
0.7450651942622357
0.9728901687864708
0.8380233279873053
0.9749919155882585
0.5377516757464343
0.597319411564027
0.6038741266668688
0.7721636445456369
0.8171344025030234
0.8301366153128249
0.6757507072391286
0.7636553297833735
0.6581672501308727
0.7508833648330888
0.6554579154324505
0.6235873937384417
0.9499695296768025
0.6691568400992727
0.7318991358643598
0.6133243876787833
0.8833338947615914
0.8871698401630224
0.7109005667365837
0.6022389560419313
0.6031150667922478
0.5478582234216194
0.9792242123778585
0.9307033339888513
0.5987487270983329
0.6713635569596728
0.51636935237462
0.8189639884186992
0.8199957826002437
0.6864180994927978
0.9440601587994988
0.8455564468289658
0.948563298174385
0.5177779162108536
0.8212651802817923
0.6131040648555115
0.7594842603669336
