0.6155795399142031
0.644790032665652
0.8541299206449766
0.8026413086317448
0.8499494369999591
0.9131740025708697
0.865999076005685
0.9772463808223846
0.9766163872691109
0.9976654949303778
0.525510917882845
0.6872811507086782
0.7870254799315168
0.7242798520999267
0.7616361743728093
0.6396412086729868
0.6652201666810562
0.8178748449493904
0.5463897593212876
0.5089450251154508
0.5537685513757367
0.7944773330044939
0.7401088624087673
0.8550881298810298
0.856578023759738
0.6939032687429615
0.7868257297586128
0.9893918919664252
0.5852528220095383
0.7524242564359989
0.7098620133151567
0.5995019384018936
0.9779207852922951
0.7211715468075901
0.5238816268368249
0.8085148421381492
0.9402118360787195
0.6309590555271158
0.6665151429676179
0.853824466085583
0.8207934786413679
0.5215980759287078
0.8203222288953413
0.5495911441596456
0.6573733409122318
0.7846672799214234
0.5972427183031501
0.530372880268466
0.5834475305368179
0.5475751024632973
0.9382482166962329
0.8757715065906819
0.963012326758669
0.9914379842705484
0.792054633443418
0.5172839664483346
0.7577928306958016
0.8740467992495462
0.7136768243047451
0.8033676372673638
0.6015833184547834
0.6594146203358344
0.5701879716053441
0.8027517795426669
0.9315345959524353
0.743752673104588
0.889499099424119
0.5563658275598609
0.6027416227122573
0.8761025273737192
0.5177077645383164
0.8417944724972227
0.6987608689718097
0.6110763898899448
0.8423217157989602
0.9271534205699669
0.9883022598372362
0.732658260988937
0.7288309107450925
0.7102298335233981
0.6056803315949169
0.9602543994822104
0.6904704185161474
0.5181575342968994
0.7024550897955046
0.9681482344628842
0.6865411174433047
0.6525643565587433
0.5282991528281293
0.8396089499221826
0.9442342583883567
0.5241823689257059
0.6641135650950862
0.600690346251624
0.52776972691241
0.9943977175428944
0.7475383376089482
0.9313152018768989
0.8066754685123705
0.6316178885476775
0.7852536905152439
0.6741593456537046
0.5452096455503559
0.9524817686245293
0.9322450646855869
0.5387800265514456
0.9387443117293759
0.6911296400231748
0.5858153412799849
0.8500625105024957
0.904471589118595
0.9577004332911789
0.7535847508124351
0.6505517985348281
0.7034779915890821
0.9586841686160372
0.7887648696209866
0.7796938192504184
0.8328080452615223
0.8240398477315889
0.5566036104281321
0.8566767174433404
0.9214484422192218
0.99538849881344
0.9378410757301903
0.9833705052293413
0.7656959584419405
0.9046137352436756
0.7767390660292066
0.7828863003743657
0.6138120104775923
0.6177296080655077
0.5050878835730859
0.9121162616145275
0.6250427642057788
0.5328653611587156
0.8232173166324588
0.7453200893005567
0.8866816992065307
0.5435342118901241
0.5017529624997736
0.697822816023504
0.7546814275037431
0.836317834782133
0.9183539719480892
0.8308669482145896
0.7955970511277881
0.8160643325531172
0.5384496973789752
0.544207532752398
0.9560115225528161
0.9165414383230077
0.7770020971001828
0.7649553756528765
0.9793986584520824
0.5344954689968094
0.9731851072548332
0.6318777384325818
0.7612732631517236
0.5052989314952041
0.9800838699035563
0.932824248541837
0.8095291214570406
0.5596175216003569
0.5271802182278066
0.6364982196896822
0.7327645090284935
0.9310177877561463
0.6679329486945331
0.8023378374235266
0.6983106742177866
0.7661408493271619
0.8243370840215964
0.6899387164103995
0.8762293028488066
0.6469461718052587
0.944149293597192
0.5394900518298216
0.5432027023603294
0.6983851646062256
0.6558853245229951
0.6003354937878312
0.9985348277849211
0.6344664649269053
0.52828122670348
0.61882145962137
0.8512571147039744
0.6138992997791057
0.775306696219312
0.6951199108142365
0.7128406943328573
0.6741102168686178
0.9495597527420491
0.8970586644589822
0.6089881885970498
0.8258967746577921
0.9374849309897744
0.9278925405385727
0.750537994331903
0.76637025346299
0.6372108511699074
0.720773220483599
0.9437741546086682
0.9577029372014741
0.9670812029068657
0.9590400196222001
0.5929874010529692
0.5204899761008037
0.5720880799735311
0.7016626768735922
0.7895370517275018
0.7504500206963989
0.9650869779171389
0.5366821496540839
0.6495922737839421
0.9725329021847428
0.7016342716536852
0.617381353710169
0.7618762983606377
0.826867746440678
0.8160987976075311
0.8177195320768335
0.5653748882846282
0.7332607821859793
0.7388677844029623
0.9786176966049378
0.8090589849464072
0.9741676061756788
0.863901010338969
0.627791527102818
0.7364168238575216
0.520303259192459
0.921713379617365
0.8927197173387255
0.7315032351782724
0.7582310331293738
0.8816433674232474
0.7765577758295372
0.692637062195181
0.808823081287333
0.8175850026875695
0.9686943785986034
0.7397578822215995
0.667545345476325
0.9768613123882267
0.6521179519124505
0.7796167185240839
0.6767126512335886
0.9599846824877687
0.7650578610217749
0.9868578299633015
0.5914157584684321
0.6314762119511383
0.7225335066704006
0.7986639692445092
0.6552634567538389
0.9760483879390789
0.6570626531713586
0.7851688807402522
0.5523922890217126
0.6732422596945276
0.6110475359264311
0.5654855198706108
0.5935296258970927
0.9159073959553452
0.941495603032653
0.9371897333509616
0.9608647128253618
0.7312992551674905
0.8534790165665991
0.856170325403038
0.9579535475307839
0.6575970881310532
0.5487150145696746
0.9850980918420544
0.9583220815354174
0.6213586948785427
0.7816747683750574
0.832914964503314
0.5102590583176463
0.591850110170882
0.5583885494266754
0.7669098214208153
0.987370697451019
0.8644261272722413
0.6419946906824061
0.5174367415936048
0.8596488641231395
0.9362674647974414
0.6486174689390503
0.7822783325549475
0.7183754369809345
0.565681417777062
0.8625414398144768
0.5608980023978789
0.9933638117414665
0.9272946682678084
0.9676144802145048
0.8188557653565638
0.8768899411025468
0.9891558370693281
0.5546642493917243
0.8899505145429795
0.891079246348939
0.5546655864733142
0.7850873650555639
0.6760766184422946
0.8965629959430887
0.9767858453509903
0.7426924177301175
0.5484723924174777
0.6627036406076316
0.612519675101059
0.603228938286319
0.6279302527601249
0.9897731478318925
0.7607726745397356
0.636704272123731
0.8102500885910158
0.8956741076516541
0.7813784015046625
0.7298268915525341
0.9015206514048129
0.5601251403217786
0.8459899138845681
0.9232310384457241
0.7991397746281597
0.7379316662302221
0.9681570848597172
0.6249701478334897
0.788077911842405
0.5332437267500754
0.8442797604529224
0.961524259018612
0.5097065899351862
0.5675506832974004
0.658386179640865
0.7822211817571875
0.8842689886796653
0.7307467823997026
0.7087360059852579
0.506279956312621
0.7142057992035384
0.9236754268003385
0.8124458749858965
0.9713070646242494
0.5794738430013703
0.7399592844762397
0.5190769530047256
0.9498858212186578
0.8728544248585552
0.8978599207271981
0.9611961786367167
0.5944347586860929
0.5168714073440444
0.5088410097680177
0.5256873531121333
0.9336606333877742
0.9583118041037694
0.59379696307781
0.9856546601199362
0.9881204060159045
0.8434124661004339
0.7062965082919059
0.7220453010198193
0.8492747360800708
0.7520383644279742
0.5452530077042661
0.6121082337552946
0.8293141413286907
0.5643044645415904
0.5887429362054668
0.9801712308541359
0.6462633582627524
0.7480746378971291
0.8100911621584008
0.7233132930525108
0.6539640824083757
0.9895941947588848
0.6970347017718577
0.9179358981963326
0.6888752807378653
0.858983763188967
0.6495515913715336
0.6303571379949726
0.512136512006663
0.7561664126974497
0.8336202275890207
0.599731064574331
0.9864350793789776
0.9948596148588484
0.8961298027073878
0.7290688953994902
0.9291378247017246
0.8911193680913038
0.964519812687471
0.6681910177563705
0.5644739573534661
0.6970821998904964
0.5513012738752976
0.7004433591542749
0.7091962402259496
0.9044722924076849
0.9783201329288211
0.6350325757522021
0.7782377550783605
0.8984263613581721
0.6378721295558987
0.5913586501521783
0.7068721338458231
0.7517502569962218
0.9478594272437796
0.6880972254484576
0.5924452171642951
0.9896099921551463
0.7065273676292787
0.73403019865364
0.5731032244387783
0.5292709678948242
0.7195454099903691
0.6907016897328553
0.6781046314613034
0.9143737220680894
0.626040055653539
0.8959177940347502
0.6143023225491328
0.9252959334642756
0.831627062379203
0.9389341424174269
0.8201386018300878
0.5457551767029106
0.7044992052371097
0.7043318183542839
0.5859060054580121
0.7943898863769554
0.6010438290847264
0.8856770731969074
0.5850507931938388
0.5054906766228662
0.6902051020595167
0.8024548410015564
0.5986290169108246
0.5983413051041533
0.8461785325586604
0.9441268419448353
0.5967401590696334
0.5167158140635618
0.9723550779554546
0.8822558986973441
0.9926511708157384
0.9518238509931277
0.6699011075552168
0.8385951406499792
0.5209868222702146
0.7110741870817551
0.9323653482088925
0.665044299627555
0.9813714280669366
0.8395077525927409
0.738745551772438
0.7984232325260068
0.9523709976899153
0.6877056916746903
0.7100750104445841
0.6519282276616575
0.8031598120107217
0.7099985539201197
0.5278828987809709
0.9006092904390108
0.7295108261684041
0.5666180528848197
0.512601847510487
0.9299822563648196
0.8376163872300735
0.6585535126434603
0.8241102148307877
0.9815406083968543
0.5285522200430126
0.7256701820372157
0.7754501517088637
0.5435328740670431
0.5716581633331337
0.6596153083856635
0.5589031683064162
0.9371378074776654
0.8678167237723897
0.9153359964614207
0.602599723750312
0.9694236814213564
0.5255471021774974
0.5269256538975469
0.8042902619326346
0.9394998584593408
0.8162193582980325
0.7474263800398163
0.9461578698530038
0.8840729129559994
0.748233082328805
0.9973876106264661
0.8080477635455525
0.5737002445358366
0.8099659894979359
0.624830327251055
0.7047969604663087
0.9416269082865526
0.8354219987687461
0.879240177023127
0.7878909900435047
0.8479743637259662
0.9050645997851569
0.864703680948212
0.6983045446259586
0.5590101681420703
0.9633033783268186
0.7217542281040865
0.7571798867885431
0.8689087997855456
0.6318098968588892
0.7235035544530493
0.5257277709987813
0.5860864497617305
0.5135791304866995
0.6822352604083599
0.5639890749684042
0.8425960718302044
0.6542850027132527
0.5116265935990558
0.6824055029492391
0.7477400019894838
0.5400133349115774
0.8439447196730301
0.6135805120879849
0.5262359818191431
0.8195973649803472
0.5606047568887012
0.8510243467457184
0.6163310600083762
0.6124085642914292
0.5229445934344883
0.7373401208204983
0.8616054233654177
0.5325263445565651
0.6126851071044974
0.7567812620068148
0.5361952998210266
0.5233566040685678
0.5088986851715356
0.8316322009092556
0.6093834017063238
0.9561573841756061
0.8024010454494805
0.7826203182792596
0.5001426499175515
0.5753569969315271
0.6553024024987437
0.630438721357407
0.5575036606863113
0.8088979769340287
0.5199006340760651
0.5890803121991706
0.9287072949262176
0.8642888461976013
0.5263890030073641
0.713002254590129
0.6109498281933313
0.7752128406369884
0.9269794716175074
0.526178993608488
0.9968095240999257
0.6298752895008297
0.7246717909360114
0.5713937385283863
0.8838393004505325
0.5671775909180425
0.7554773401219765
0.8611276044868759
0.7818526624443958
0.6087912508522166
0.762965282419173
0.8297172366394284
0.7222732843126647
0.6573568946333772
0.8656914282098389
0.6393640466633597
0.5277856969178072
0.5088962327184329
0.8782391750132114
0.5222046047091415
0.5433485478749884
0.9434597945371305
0.5953078321398044
0.5853186555629477
0.7715852862545041
0.971916427548684
0.9967415461420004
0.7962567950299676
0.5034363637219148
0.642216934226649
0.9554760572818424
0.7683216812843418
0.7757210440215889
0.9589519705876506
0.6172176358601942
0.9534487821839255
0.5582822394033193
0.9021894981826197
0.9819939423054989
0.9338977040725439
0.5730583259376614
0.841448641649932
0.7604904046345424
0.6249954432587262
0.5535023509934478
0.6905086777477683
0.9168382373091098
0.7871046927292354
0.8433107445667165
0.6178786700170202
0.5391442438756547
0.512611703035998
0.7769203770056372
0.5326913779280003
0.8174693828189854
0.7940524430829812
0.6778629696841791
0.9935185486808529
0.7819136934870288
0.8752024338798903
0.5093872264016306
0.6452945914470049
0.7749447695293945
0.7119571178712163
0.5014484745722323
0.9010496308010041
0.7361484029928447
0.5208474159796079
0.6815760734959606
0.7409405059672621
0.5876287328523617
0.7205028103614293
0.722337135662715
0.9910312202011003
0.5708460405897965
0.5390444041638937
0.6430375180052468
0.7081197381066853
0.6181966103246985
0.8923629463306141
0.5675434884486605
0.5868493872447922
0.9333993455394571
0.5050108977109763
0.5741932472407798
0.519237849822652
0.5810530239856281
0.86513805503901
0.941069714836697
0.512084252579588
0.5339621259199108
0.7003265207885365
0.6796807014948228
0.522732761341945
0.9321223720046552
0.6441922880770435
0.8715979079869738
0.8027443909524526
0.9882403129878697
0.7859154163568837
0.6396005313125628
0.8558331227719205
0.6635661592893849
0.8792740880492409
0.8356318072674372
0.5588243827883107
0.9428007237469921
0.9972010446692592
0.8926024021791288
0.7230230381474545
0.9733310910404802
0.9259880280440134
0.7303761881775439
0.8428754331569563
0.7152657396372726
0.5288914278353469
0.7722811148622251
0.5489399534813162
0.8923239578914202
0.9472342000547076
0.6589854684043672
0.542716970018245
0.550306513688398
0.9974469015183132
0.7490223438564614
0.8793523523888875
0.9933290780534381
0.6009805400022608
0.5838027936255148
0.6840053439278304
0.750197707982792
0.9621056457058357
0.5566544455129696
0.7041717107172775
0.7779797926613153
0.5262217218936438
0.7586828505810359
0.8377657285253426
0.8955565531508499
0.7390376006327373
0.8344347621173307
0.871442158492047
0.6327533290141769
0.5868559164700473
0.9711524049151351
0.6224324069322456
0.5071551223163833
0.9659287053504091
0.9944026247952233
0.596149793832048
0.6500432572934705
0.9605673813906777
0.5284701786184418
0.8578253126785498
0.8779430842286519
0.6793765052901495
0.9773049047249326
0.9149799181704891
0.8541356896614396
0.9208005718322176
0.9348144365234088
0.9012614288162359
0.793906552875008
0.9334839610092095
0.5621224892713458
0.8746542501517246
0.9479186966408997
0.5556175307745223
0.9178675916508315
0.7390995655506629
0.9725413119584607
0.9638413546173444
0.8739687027325429
0.5584332326026625
0.5780281697744835
0.7863431431908166
0.7658491814254302
0.5181908000171881
0.7389705395725792
0.9115759727881271
0.9977010365209491
0.6630318332280275
0.6885968664143998
0.9396322954425579
0.5538367099062884
0.7920123614869043
0.9598498010447378
0.9899619535261698
0.6608109670197513
0.9494418803434885
0.952573483944535
0.9279748805641717
0.9651162532766075
0.6080710535155822
0.8781252677676916
0.9604960535251972
0.673057606049466
0.5992166712058017
0.5434860913288837
0.5845085658060805
0.5079958721850061
0.9369311580360355
0.6360015241757069
0.9867875113952896
0.6590171928342832
0.9741147981289962
0.9481986865366467
0.8418443022635993
0.9725892025617078
0.8355421639367016
0.6374236777050236
0.9411948437927964
0.637690854133651
0.6041273054007477
0.5093514569628012
0.9377294781773995
0.5443879387390597
0.7131257263484723
0.6103261255535899
0.7322282523331225
0.9416398988873342
0.5292221551722653
0.7193980751159875
0.5946209983824786
0.6288606965526732
0.606932333797431
0.745910285459467
0.9546311030962034
0.7708953491841716
0.8782943039239604
0.9925874245728145
0.6930104825125138
0.7169217182554843
0.9637593355738474
0.7731862798180056
0.8819459876155582
0.5415381261854835
0.559605971696066
0.8140490375851557
0.6540104860035708
0.9232188917087463
0.6798056990264922
0.8954837970382581
0.9803059146854731
0.7471728794543306
0.7540764466726131
0.8063631726438304
0.5753148543555513
0.982915049490656
0.845389204100688
0.5739752512903631
0.934442400859921
0.9103499572361919
0.5767494750636406
0.6759223737338982
0.9674299179648155
0.5321213126553982
0.881986486875719
0.5960127908634643
0.8430005191605748
0.6640464645920661
0.913864985578025
0.6782624982190013
0.815142980791316
0.5160423465443257
0.9682056528504237
0.7948581963320782
0.8655011968660232
0.9000839626122006
0.6430882405766383
0.5660957850706217
0.6108226958046012
0.5947251047955457
0.9395268504456252
0.909787780498668
0.5855743695825274
0.9539633242537449
0.7936246938337932
0.6566079732773024
0.6042661006061707
0.5822752657654424
0.8201651245103567
0.5859823427484685
0.7816554267792398
0.7180738731825215
0.8838351922819841
0.6797957341130512
0.6604348510113183
0.6361918289247419
0.5224399956183018
0.5390404471229671
0.8756756750509238
0.7140055978683768
0.8924872790854095
0.6827187634894033
0.814642222609127
0.9711464525014565
0.5223370424496195
0.8417490189052883
0.7544899026237615
0.6536373344549747
0.6645953061728733
0.5925726689150779
0.8621489547433019
0.974328785947814
0.7310200727697944
0.8230294321228193
0.6373494142017251
0.9125826630283418
0.8112850826809633
0.9514091041197708
0.5679481943366762
0.5654994593339409
0.5444901160876028
0.5526379064626126
0.5758749655708189
0.6274061823622297
0.6298310435571505
0.6742544488559159
0.6641435738094545
0.659031641652066
0.9249336394054797
0.7996457963292004
0.7765616692304186
0.6152149286452034
0.8711632501981266
0.5424564271632781
0.548096320582355
0.7374836700882007
0.6851966105849436
0.6582800043759599
0.9617124212470423
0.7421805501713412
0.894230985580329
0.7494576498419294
0.9063041212705027
0.6528667584575625
0.9033315423307007
0.7878008395475115
0.9517230787945617
0.7914476632141114
0.9618123667445987
0.9281831515248168
0.5547394693630168
0.8766974931400964
0.8897457567472133
0.5184929501981423
0.9043428092261199
0.6704460317022858
0.6879450389865326
0.9847168511668312
0.6760141336474963
0.8912745871722059
0.5316625907441707
0.9154108563751097
0.9872414622317187
0.951979726250812
0.7759292153578954
0.5972025328284765
0.9285696452767749
0.9073726328705278
0.7111344209049945
0.8281256566359694
0.9037159473278081
0.8973897839202551
0.5333751837903353
0.8660274836598278
0.5943825808788102
0.8051602941253939
0.9772435626371663
0.646271166504794
0.6516275805303545
0.6856547588292579
0.5512304283669651
0.5286060109933538
0.5932905436357471
0.6537601947868504
0.5442119596619321
0.7075264188010619
0.5501537343135472
0.8313009998345114
0.637942244935931
0.6821757758900833
0.7301154741896623
0.9950862669295725
0.5419394014475243
0.7146252255231806
0.9520681839928493
0.9363177119006568
0.7109701418179618
0.5772867705154894
0.8822945710167129
0.6909695516455179
0.9363908901135621
0.7666722354298714
0.8688804860724543
0.9098864489859212
0.9017653877155745
0.8387693140103643
0.8562734680482256
0.5531348568248895
0.8496609719546264
0.8124325905617671
0.5435200229446273
0.855933862012835
0.6967525072237682
0.8246218775262208
0.693593718138851
0.7767960096591506
0.6604425901340034
0.8667912617277543
0.534481209602923
0.7283627138911684
0.5065737043844162
0.8403705369073086
0.8514349239108867
0.7559594201334809
0.8768084387583177
0.8674467339238503
0.8978374549568184
0.8799552386582871
0.7616019462701953
0.8098392127190908
0.6876528661530072
0.8301833639993178
0.7296343576169109
0.6231711182401811
0.6265323179829658
0.5529294242867527
0.980187701102712
0.9124481403030178
0.5682653721329984
0.5251999327845287
0.6696808594451522
0.6639078317667222
0.6314897856006563
0.8574768221410857
0.6961519130317353
0.7014711430272743
0.972328741342236
0.8889056164889316
0.7757914314908122
0.7753891095974976
0.6434992032814577
0.7598948574246587
0.7735127219156673
0.7706553313581872
0.8750762549184783
0.7916199310138881
0.7518787076578654
0.7910570200365294
0.5215569684504414
0.9490452479758604
0.5354520767113841
0.5711957475722437
0.7408090012796104
0.9088964577074014
0.5536169128693775
0.9555472186322744
0.5959739156666184
0.8782295726936085
0.8116617720980357
0.645218258073604
0.730610758353885
0.8346259955906772
0.530421452720792
0.9551234723419566
0.8347883295270165
0.8806205859146824
0.5151213039241944
0.934383816869493
0.8532728326069092
0.918740567507736
0.5519309844486611
0.7834100426594925
0.556710402155306
0.8224535111974771
0.6210725227596542
0.5609112059708509
0.8621527063379366
0.7364353141106418
0.8835455308932414
0.5633793899190763
0.8492368936756156
0.7123992977700748
0.9822100496670111
0.7701363908613916
0.8852946783624771
0.6030244431984957
0.8111486212960279
0.5369303072288005
0.8290197226245108
0.984430853446916
0.7536165449550594
0.7387650410249467
0.5505191914003129
0.6779128277390598
0.5888493170790257
0.8512260525782487
0.8203468554624715
0.9849303970451508
0.7187193793857091
0.5770578307349499
0.6891449078603891
0.5907739301741242
0.7325528213915404
0.830740956262626
0.5124048531565254
0.8265229677232416
0.8322251810412664
0.5324300444551906
0.5990619913792048
0.6826627937287171
0.6572310935462888
0.9953694764233101
0.5230660137181584
0.6358799259734786
0.9483536162190728
0.593819524663884
0.7052465884226155
0.6232727946212075
0.7099180509682269
0.9683393010541461
0.5822935004333788
0.9512071894889008
0.8425619428136516
0.8062874005126097
0.7456676053181303
0.5823406999279869
0.6221814036113299
0.9094789345656696
0.937822163356723
0.7644379009556053
0.7315894358134957
0.7720846208682175
0.9379094846231932
0.9527304449132861
0.722314060860356
0.767080810623092
0.9727109038489838
0.5786945167965183
0.5938449298388037
0.9705491361820184
0.810922910781045
0.7173222868389415
0.5117274271570218
0.878459016554489
0.5254101911170761
0.6540557952018071
0.6375364804805382
0.6913194751603864
0.5233490356123172
0.8095267661494276
0.5110490834593503
0.991033163659405
0.9767540202329719
0.7190967820750729
0.8692022999099066
0.5309234373352857
0.9922226049202183
0.5955832163551549
0.8090569710342831
0.805172158562091
0.6274883637245621
0.8475876726280169
0.976660768774593
0.8035332814295253
0.7076010257743015
0.9873733090856216
0.6698979654588904
0.7703128554214385
0.6993081715287925
0.6159003881638994
0.6317840478047749
0.9053346866941908
0.5048505431770902
0.6706137529726799
0.5427112743922645
0.5537397135822493
0.6644567869824793
0.5743777252404287
0.9200466245693457
0.8176418779717174
0.5508457241078422
0.6555806052547626
0.9636713876241207
0.8104777930428759
0.5941343454406521
0.6940849418040749
0.9880956314519005
0.7826622573431932
0.6886439705903364
0.51444757271637
0.8344970074618533
0.7442635175448156
0.9357945627329285
0.7279889136078688
0.9766205051348842
0.7299451455108733
0.8342824874305323
0.6441728083605357
0.9602917673679545
0.6440020023100037
0.7436616596312531
0.9262926183468503
0.7817196646292748
0.6229106778173885
0.5171052088922976
0.5230201579763207
0.7798377579633111
0.9793927888717864
0.7889077916746047
0.9469057594657092
0.8029968826214091
0.8472297505634947
0.5778561821317442
0.9776228320994494
0.7267361783391852
0.6241627668654035
0.5362786341511384
0.8381527252441201
0.7351813824244444
0.5248587386524883
0.5500426781839708
0.6941041399555079
0.9444730686958678
0.9698721000466414
0.5548992583959734
0.8074703290314373
0.8981804042629944
0.8370023245390452
0.5894446803077624
0.7734051281186461
0.6748842537405735
0.7787220845654106
0.5704701523357625
0.8837958296941604
0.8402282773528853
0.6496101824429106
0.7864816664767543
0.6822291125221716
0.5864966231753084
0.9896321056631768
0.655016481004637
0.829907132397879
0.7940228742811419
0.931473894351166
0.7667899834036731
0.5442390841518765
0.548339014274084
0.8810979044357152
0.6362090875905516
0.5358627886727412
0.8872044656349534
0.7313182519794854
0.7654684638089939
0.6144672512623865
0.8389150058215029
0.9335213516957362
0.5404438523564248
0.6805614942069169
0.5193564686616177
0.6073708597819696
0.6356962762028009
0.818780165990155
0.9092462407515405
0.9555308029425288
0.6191804126266457
0.8789049303136346
0.7807569599178965
0.6084245893038783
0.9962646950240366
0.6640819942199143
0.7992603962762959
0.8117517120358222
0.6711611226094112
0.9028555893852297
0.7938708858610625
0.9174742730921195
0.6253078713434579
0.8783236102005678
0.9531161986338661
0.7805580756963699
0.7683557824736071
0.818140363993474
0.5280740014202782
0.6695597542061531
0.7186857269780209
0.9962517590245892
0.8960619722735421
0.8911462974753236
0.5502702454311881
0.7415151125153078
0.93009058261325
0.669780400132147
0.5736970203452978
0.5589666644155229
0.6488381944977337
0.946793453683433
0.840953053135484
0.7070853285869323
0.8651189755226503
0.6216928974906132
0.7620442638806402
0.9282282221457332
0.8878905458695161
0.8328562343174353
0.7293675035642488
0.6127477744150447
0.8324021339168641
0.7287319205671648
0.8691695975634282
0.7418937006902474
0.9897905529186255
0.9272617329011508
0.7673714798293816
0.9431056649026566
0.8651822701571168
0.5959873679004015
0.6655442800417547
0.6042059127866133
0.790230773007955
0.577398677789213
0.8853391752852414
0.6506655423068115
0.9151727300310938
0.911380923297406
0.6945902211348695
0.6864768285472431
0.5118198127847375
0.7365436920087383
0.7704508328822095
0.9675216889880229
0.9585721522440576
0.502164176168898
0.6158029141880704
0.9210387643859015
0.858211608763259
0.7085282654408425
0.7469385378206019
0.7002753655040409
0.6116506471270526
0.8950120241186178
0.8597399599734687
0.6998280393801284
0.9350037429691633
0.6804790566705274
0.7887334007919689
0.816484869896785
0.7669704212038098
0.9291103050411573
0.769387627141507
0.8039851499001032
0.5355032331500467
0.7500880512938622
0.709543027115394
0.7120955062737766
0.7500947691147956
0.9519527338386977
0.6813286861518295
0.5302110771595279
0.7832004307786936
0.54497998385446
0.8893475982618273
0.8670744615915691
0.7002134918728923
0.8468775551539031
0.5883428199252294
0.9723514264964059
0.7448376963711274
0.888664780672963
0.8426969157761688
0.5606177815489082
0.870491008186133
0.7221911638535121
0.9356454340398787
0.9147692622016138
0.6513735958862166
0.9318129155805075
0.6431040315868864
0.5511817262263705
0.5233352881846643
0.7855500959611057
0.5372071982636184
0.7471424611467162
0.9867756254401052
0.5973117514216162
0.9782416808034102
0.9157279228856983
0.9492148358791843
0.8114845693636383
0.9239172219586083
0.5921231394140101
0.5053838128350511
0.5959881685417503
0.882896867027299
0.9151822203114325
0.9753833260319016
0.9054045908143085
0.8213306329570949
0.9813296673348676
0.8734155712001135
0.6649826138236934
0.9256763255836622
0.8098146781667563
0.6590322418751264
0.956189131797273
0.5626279693234846
0.6021944645466971
0.6015233809075131
0.5776797368730173
0.9389363194431708
0.9884992624030324
0.8873792426445615
0.6824344978857892
0.5794746926090807
0.7706978747684756
0.9571435903630524
0.707002513973563
0.7489752205317666
0.7337035302999488
0.5162423999780208
0.6639323209372664
0.7267008837986371
0.8828362601808257
0.6701003237338408
0.9837553184654326
0.9527076273909696
0.5638077576826952
0.9801789927037616
0.9918870742040582
0.7990061938183499
0.674254974941972
0.5370246322892902
0.7338948070728533
0.7958658386464226
0.9062188297468237
0.8028323810739256
0.8995017977374618
0.917448651903535
0.6459042466198772
0.6787957833432661
0.9884590489977487
0.652857912553505
0.9418212580399165
0.6159776515099615
0.7658551917882526
0.6421806976208074
0.8557316989816426
0.9538850106955599
0.9338631075390004
0.5238335389679435
0.5266719448650399
0.7133749054072218
0.6925242418036486
0.60114257227131
0.8970789337330578
0.9229374419721789
0.9012078776935479
0.5157788436058317
0.7773452630725475
0.652447237831326
0.5409881906822461
0.5570663038064327
0.6621612947675514
0.8309873358839754
0.7759578105603497
0.8290598452705311
0.5412315027948549
0.5553741669211797
0.8960959927504815
0.6565157718574557
0.9221650809706873
0.5115017272292592
0.9746777557978046
0.8426870313032386
0.7401074539990167
0.7710614348174363
0.6684688135912443
0.7429854255102735
0.690598515902085
0.8812413647357276
0.6555495449331507
0.5403730104417768
0.7400659343816347
0.5470461261056492
0.9044412199187547
0.9153163692394395
0.8717217523156058
0.8347836634301746
0.9529685901710819
0.5213521294622545
0.6496561690407732
0.9555857598141039
0.5777442236837352
0.8685963843594765
0.676545691657071
0.7893155758475179
0.7316712921584481
0.8901045023180822
0.6130285845390366
0.8244846173702514
0.7473521340234552
0.7024582494637224
0.6624008589715478
0.9010945072659575
0.5115384315309129
0.7403799156757994
0.5281044435056249
0.6558494391494536
0.8155697049865491
0.8442512493567907
0.750791812468707
0.8647604426267246
0.6922412353513698
0.5751635968409314
0.614819286272887
0.9910397173058978
0.9744977011607197
0.674778216445816
0.7985620618746103
0.8946530146842516
0.9651971229059098
0.9916928556005868
0.771215759523644
0.9479463187436097
0.9226328336376453
0.7750696575894225
0.8623257891551537
0.7398860170069256
0.5783287652791386
0.8391623967486095
0.6243630799804617
0.8309548036860629
0.8822905224145665
0.7843452381830027
0.8184167402257763
0.5233098589645184
0.9232644969179344
0.5250828037597883
0.6223372882173628
0.9665977318248157
0.5138068721584591
0.667193603029331
0.7377901343090152
0.678345489541226
0.9193077373380143
0.6818210975397697
0.9424301086058833
0.759050685257449
0.8727888327104966
0.8600648953211958
0.7773999022698752
0.8116938385684236
0.5932722846254638
0.6860999706117158
0.9008140019514611
0.7461200331435665
0.9371916457388889
0.714836965715243
0.929963271656491
0.655632838217429
0.924483641095758
0.6369566093002103
0.5649401232704917
0.5547678309757735
0.8241271864911908
0.5987469311452662
0.5658409577579602
0.6011830568004508
0.5072037410758037
0.84580485474277
0.9595224512411777
0.6989986035190883
0.8219634243365785
0.669223535021917
0.8419976211627087
0.7327165190051104
0.8133134383374183
0.7839666377220872
0.9852387120606358
0.7432562844122825
0.726449064907807
0.885274187584683
0.9392060078154423
0.8593032078354677
0.9367299898162308
0.5393230181230011
0.9636732970545299
0.9614758287679765
0.7748506378312235
0.6134080971147033
0.8914684892399454
0.8423723946401189
0.5304909356465568
0.9428261151402921
0.6179151894406754
0.5175837970274756
0.6969328063916318
0.8366803013943052
0.6048105390866447
0.655772278755653
0.8827996603987378
0.5120758726754564
0.7656377739557416
0.7416416219516369
0.8545109057642588
0.8522179875382231
0.7367382500748809
0.867333389810856
0.5378288110668334
0.6564918310032868
0.9231523731566522
0.7084542940270999
0.7700406085697864
0.7763493582013666
0.9544665379404983
0.7348489035155502
0.7352709209165489
0.9866870180456422
0.807616024021991
0.817998348838687
0.6872971471521622
0.7611792738495444
0.7042062937227852
0.7099082664434426
0.6609883830100426
0.9505074861148131
0.673650808808773
0.5010444337272191
0.966828140950996
0.6516600482627763
0.9468383487014999
0.5353047137828666
0.717778944226743
0.8646889336604928
0.5993242362179141
0.8253755444461125
0.6506266997443928
0.9980382099836298
0.8662822724680418
0.7680081092919577
0.8269605228472254
0.5144444231549197
0.859634957102205
0.8947588604095241
0.5276105883289048
0.8805706413713813
0.6097355161166581
0.707553397222068
0.9568859671382284
0.6524684057223658
0.5667664494177209
0.6218081219168066
0.9605173387330845
0.6912550244774697
0.8371778897880485
0.7713657169099979
0.5406310099047044
0.8536399927339375
0.589345011477149
0.9176741069288191
0.9229810414245347
0.9356862647017175
0.5988235729385022
0.5615531479393565
0.8074793015698363
0.8986673646713835
0.8878236429504894
0.5093641882179627
0.9511069338863525
0.9176843694776551
0.8512314808446286
0.7172092745985961
0.9772621318188228
0.870212506784345
0.7100735394648623
0.7171975791758047
0.9509036659380783
0.5744482550890813
0.6417885343836183
0.9389740548703818
0.6164601764244766
0.7919763251209925
0.6058916375540611
0.8050522412186725
0.5845452537451319
0.9010381843403314
0.8970561239123185
0.6395226233215185
0.6693749684848305
0.9468428312093242
0.8833169027108922
0.6352159176559853
0.5491503949760534
0.6514759444975748
0.6808921183438593
0.7427194812589089
0.7687682622742917
0.5435568823329733
0.9500803448789173
0.9095083730602018
0.6003000941829469
0.9630977668569864
0.7633419580170488
0.5736799146131926
0.6367992842749162
0.9657606805308696
0.626552475317557
0.5493764924629136
0.9497846698960378
0.6084790171167859
0.8462671943942961
0.5735949495519811
0.7230358121042264
0.6162196574861865
0.9363308862788593
0.8180954927290047
0.8333428689324744
0.5459263151112648
0.6609784006815942
0.9897939510897151
0.7656155655259244
0.742618779143145
0.5404656480297556
0.8429868265877952
0.7852412662332448
0.7119375564584023
0.506009341702645
0.5771508001364856
0.6103167138880801
0.9791832315167142
0.8630702183882267
0.6156213511160198
0.5620447401023869
0.7323655915093383
0.8241782960530991
0.6561370439332799
0.5824193507066495
0.7160622859395913
0.7394484170335874
0.5476963046431791
0.6057877679625994
0.8920669909246128
0.9769231340537141
0.5044647021727244
0.5069886485127348
0.6226530402405397
0.6362747330399021
0.7733148452458194
0.7471621168543741
0.9731360062775019
0.8964563518514641
0.9808946194293386
0.6555753309106911
0.7839173543119509
0.6275730004707561
0.6004165029677585
0.9315302156454723
0.5899736092483613
0.840678368254449
0.9023564364302107
0.7000486197553091
0.7941373861127565
0.7332009525814572
0.9462045122165299
0.982220332178698
0.7379819931154606
0.5498716183882443
0.8716015873517171
0.6167450835804811
0.6097677266815844
0.5110401629262328
0.9400682482340464
0.7096359151064147
0.5014657871049943
0.5147204458218022
0.8815843979734703
0.9637373706943166
0.9121344848505123
0.9726208238576316
0.5969212051941926
0.5699071624155367
0.6688829074923315
0.5680580393951401
0.9352626006814911
0.5808086851711907
0.8613253449950876
0.7029258096769607
0.7654819853147041
0.7525382893547861
0.9817527487594427
0.8606589455983217
0.7560137490477954
0.9948779076461987
0.8450704174117765
0.8309988378816267
0.9110603792137344
0.8375355356341345
0.8088396050896514
0.675040870036426
0.5978884547286296
0.9339822553010846
0.5889760091328855
0.7415890933126277
0.7115059646316231
0.8443284461392344
0.773437437414038
0.7473055864708249
0.6264139489500438
0.8974623981907783
0.8078256981954595
0.6918988332439169
0.8176485384128249
0.9464394605176645
0.9112586728157097
0.9732060166495288
0.6403467436844142
0.6154452960601332
0.8248287587995875
0.7048178405805906
0.9866117359939456
0.6427687423856966
0.7357496435020615
0.7360243194523841
0.7579457031104766
0.8986767521991543
0.6665628648112899
0.9747959034615343
0.8553093965612819
0.8853618043246606
0.6271484504447693
0.8397709261332631
0.5828639154180995
0.922693677591835
0.5385733674109128
0.5238755960058177
0.6709390007838825
0.6079140015106939
0.5693812105548388
0.5465154661445979
0.8652295515769634
0.8204034355186899
0.6781634959712783
0.5064827012831633
0.9045266131975527
0.7214233171871205
0.7720253924190212
0.6973321324349833
0.7578723263661764
0.7899524883203096
0.5501311966033193
0.9340527399484486
0.5414938542560368
0.5537411755317444
0.9484221615845628
0.6215089844605316
0.9934590793071598
0.7534882501316265
0.7701577943992173
0.7709656611579596
0.5486800830614642
0.782017775626544
0.8869478509358234
0.6960944101941172
0.9951536925916814
0.8697934319826741
0.5118240906629494
0.9749188972145415
0.7764936587611947
0.7561940757951777
0.5283625208632345
0.7820508113212739
0.7241186540406432
0.611437123046078
0.5861868474230627
0.8921519831634865
0.5880226669741522
0.5873362853889108
0.9035667132222271
0.6104181707724325
0.7841401392610894
0.7997255321134079
0.534392282964101
0.7492588762875676
0.7498615665347234
0.5707647663561313
0.7480502011100327
0.9676284861232465
0.8328262372820716
0.5828161844538825
0.5914073797810162
0.7129127710117718
0.9385048133198943
0.9094119583853963
0.7887532840045282
0.8626896498212562
0.7545284380513899
0.5813809305091924
0.6556083032454034
0.5233334801291143
0.692549156602265
0.9002049973383808
0.7420060117473316
0.5803847190930334
0.6158216594727557
0.5719539692699851
0.8789002907630425
0.780497055582243
0.7867484997086114
0.5892478689244394
0.8860466420978365
0.7011207938107313
0.7067988587956751
0.9352467915272833
0.6399645235746841
0.8244629716132988
0.5208455765675196
0.8677802402514746
0.5517389154898364
0.8010750790997867
0.9269697820097857
0.5888655214940466
0.5072246705093513
0.5172241652707947
0.5744070331404961
0.6837443209306537
0.7671303521315516
0.6517683449877016
0.5515083885729053
0.6204043932739326
0.949484059782846
0.8056172833071207
0.5281906951436935
0.7490691884918399
0.8421137698459226
0.8150499450652166
0.6687382093909258
0.798523361928593
0.5473893430356623
0.5655936547112428
0.6301279568029168
0.9420745559474821
0.7123235093261269
0.7967677640014306
0.962815199852816
0.8524121598402742
0.7573901741930632
0.8923835309593184
0.8350333256458262
0.8906187069548612
0.9891298055059969
0.9514610681760824
0.6226196499000616
0.7031036185603243
0.6097918920187417
0.8631115151638632
0.6510168914525656
0.6364945046469985
0.9038507832287859
0.9219207416663134
0.5789797752477551
0.6077855802991738
0.894948154070795
0.6233952804359806
0.9839584408106734
0.7168733953688475
0.7010829167455126
0.5390174156641734
0.9211981484284514
0.5086352833054503
0.5909111021632332
0.8135302071382438
0.8803228376380354
0.5380031902578021
0.9996342295481655
0.5966592121751368
0.547641224538965
0.6321474058265543
0.861575815077587
0.6543097340353847
0.7039800972208579
0.8195706879807916
0.5547429388308454
0.8656198177934762
0.7138601799599162
0.9342557857074163
0.8598378978866765
0.5044049697267357
0.923168256739352
0.8635248758589584
0.9181897565241808
0.7566904446109437
0.8260449816307681
0.6593092504166465
0.6691293107904109
0.9136898379766557
0.8714694049277389
0.731458870598536
0.6578079166134823
0.5871693845756345
0.5962547752885915
0.8959678376001163
0.6427130975629176
0.6376763562347836
0.6750768289920461
0.9582439481177014
0.5947829701274727
0.6965644009290399
0.7342580348606904
0.9434175943030889
0.8809867570717577
0.802996876654599
0.5975278707108364
0.7345693407068599
0.6993721610361999
0.7174227316647477
0.7114507647346515
0.6875204762364999
0.6807296536521372
0.6640875990010036
0.5242235447334815
0.5923935639326721
0.5928911301995583
0.5174846141175917
0.5971881495425364
0.6291491111290906
0.7849872601748229
0.787722921734235
0.7659367709784894
0.9667931446766882
0.5239363895829909
0.5442729313145812
0.9875769717122684
0.9184187265599153
0.8962788894265297
0.7318814955859653
0.7647968166360747
0.5215493971017688
0.7513244019432167
0.5500984374518534
0.7452419606871238
0.714988663590004
0.8199912159823648
0.7315994089489445
0.5182514867919765
0.5123445260584523
0.5044974471234058
0.5416688217526304
0.8093527453750942
0.9664276467992092
0.9166508936018675
0.683052798842404
0.927828820695979
0.5563139601103895
0.6911383830322733
0.7605792704752581
0.9541944160717007
0.6130556014087538
0.8576796982879584
0.5124367394880855
0.7856029838449066
0.5956233205830264
0.7809084171138521
0.5947383024954539
0.6763517120540385
0.8773179517249003
0.9056822122068542
0.5821206268867225
0.9876765422256855
0.9734763036632534
0.5562779382261254
0.7210694274429283
0.9365964648498408
0.882696972968979
0.9788179562532655
0.5220194365360504
0.6239617625227875
0.5368967081150198
0.5679527921831209
0.841167667270968
0.9680371075424424
0.6761187830816366
0.6440137778466917
0.7454261416868146
0.8772843359631526
0.6250653681890909
0.5575010712822275
0.9235012901180487
0.9542345932774348
0.6520012110040053
0.7922803762424513
0.5441169241525019
0.7578469231687988
0.5003312591802365
0.799706407568961
0.6496067308782434
0.9931868461101676
0.708877195797196
0.6523919307834184
0.727047767812391
0.8895284542915725
0.826943844424118
0.6662872749486662
0.9958019105471078
0.8779404289483941
0.9600385211129735
0.5674095222597095
0.715410070447482
0.780166479663558
0.9193685848252273
0.9523830127848063
0.9529383849796011
0.8105463632891406
0.6447896819378588
0.9639464661208652
0.6813498470615051
0.8942778472830416
0.5430841083781367
0.7521820188284686
0.5987399628648473
0.7585854641079336
0.6465739040232554
0.7592660109938842
0.8394865573031302
0.5934687363987436
0.9636190608586368
0.5115662660721879
0.8326394892630552
0.6819896975293483
0.8592283491814334
0.7430363440268699
0.5058412883390244
0.6953327270410451
0.570632148828355
0.8737555005256101
0.6712391016221873
0.6164736471630985
0.5886451588238557
0.709602311887795
0.6466822217977873
0.8701565610305249
0.5885583623834849
0.8653669222602076
0.6124144406236153
0.5318019379629645
0.614084538460033
0.9750516961267528
0.9526045989639247
0.9359223214757669
0.9368814278392451
0.9503995163128917
0.5105798756768607
0.9814184227047508
0.5841682465045683
0.6507329941946036
0.5224798150234585
0.7690616873556673
0.5812247660150848
0.8849096340676065
0.713667427818134
0.5052943753416901
0.9440777527195019
0.5357773421731324
0.74953015830497
0.7893578019794523
0.7781508260246603
0.7787587119396158
0.7293539062219062
0.8808345732194427
0.6151131650804356
0.5728686935608671
0.8021320123492864
0.6231492438073196
0.765988360509618
0.7260422316565506
0.9978596014084286
0.988700522909302
0.7732120587701008
0.6173214766095511
0.8240851401131393
0.7956008248910083
0.5789621685753386
0.7698615123825939
0.880620421926123
0.5548830176616258
0.8534590334071759
0.7782582159821083
0.6963593020606337
0.8261580300437914
0.616944461866931
0.8557280491806838
0.6613492674764465
0.5510967101524713
0.686648278357721
0.7804247045859243
0.7122229676232757
0.6964380132898667
0.6029772500106401
0.5374846582354469
0.5017181071000525
0.6931158813492122
0.9300888950389613
0.8983438539063797
0.6326864869725765
0.7205870893687214
0.5870281806724691
0.8894570428162775
0.6320509955451531
0.7340365167992255
0.7723189704853219
0.8367515223959274
0.8403325348873578
0.9082934578713345
0.9639246862447677
0.5624139513254058
0.8395870722803411
0.6723001283289984
0.5064202827554178
0.8895797520403687
0.8458189440605329
0.6201148199989999
0.5713815264128308
0.969967337932985
0.6614462200757678
0.5085667341611881
0.9805164135799016
0.7146914999959569
0.8735533944402569
0.8812627491477061
0.8808077313780531
0.9542852400965547
0.8339373713748811
0.6064721092599494
0.7492238639323741
0.5725850696874087
0.9020247082419361
0.8830781934741746
0.9753324808280087
0.7310039979678626
0.7226287519452256
0.8391805513044392
0.8274093179308579
0.8341237488989781
0.5639772526344238
0.8257027621499647
0.8652811976838105
0.5827685737057618
0.6751807136551078
0.5074577284783467
0.8610089199039088
0.6505474231539601
0.8767927869995684
0.772408583554857
0.5942983926231855
0.6151443034178
0.8716074333744056
0.6264553850831966
0.8477719957004628
0.9873400565541313
0.5189454138182817
0.5156381790083684
0.5270675783631089
0.7460359979539779
0.6220920432059349
0.8654343821810611
0.7847279274460426
0.811206545130529
0.9272061639726084
0.5698530642539583
0.9302977157796304
0.9061916217665629
0.6701492747701909
0.6789528856915604
0.8683856768954955
0.8474882584365324
0.8912395220529413
0.9614235870260188
0.954324873006478
0.5222464179232397
0.8325344219071198
0.8132564487230276
0.833709992343882
0.662093838119769
0.7011263017941944
0.5731525495240775
0.9599209875481673
0.7358083409038729
0.7579742587711373
0.6668771895114893
0.5051946039257387
0.9374261571136129
0.8359598934028106
0.7114715257163821
0.8056162332619603
0.5235828019745263
0.5002069291287898
0.6172556414391961
0.7739282090285639
0.6810470155712125
0.7476872358785024
0.8389921973864709
0.6032391725864548
0.5764050013676896
0.9162180157286026
0.5639573568183578
0.89689189002402
0.8152467452261221
0.815559308980131
0.9300899331179334
0.5290498101406956
0.9115573986916707
0.727850915680157
0.8922172865162863
0.6003356310781736
0.987752262990075
0.5519699335707238
0.7871664701398463
0.8285336907985488
0.6408730283638036
0.5190647934803378
0.500811460983318
0.7069865634421009
0.6080909428723913
0.6468169425352311
0.8604201928461424
0.9654654808624746
0.8143680225418706
0.7808918710835766
0.8208912789810752
0.5438278812671631
0.9695586500860325
0.8237649579984069
0.5809483902692693
0.9694145793371391
0.905202685729533
0.5343408402818968
0.9119436213149239
0.6374898663853121
0.7595915450883856
0.8687722425758633
0.6272654030920588
0.8045320401905308
0.5924150291536177
0.5591192258245212
0.8956937427940412
0.9111397248243315
0.8257142080988789
0.5976071410547582
0.9713811303553367
0.7515704351715407
0.891329356899307
0.7402590862362595
0.8733931392916655
0.8691546058631908
0.7204613873974257
0.8845656231707972
0.834390718675393
0.6397546597812855
0.6810956682039226
0.6445082645738689
0.6656576782504613
0.9179105645193029
0.5639292330415169
0.8209658788240909
0.7757757181810877
0.9281091176709867
0.8357110689837408
0.7778732468954881
0.5787948177122464
0.9973430974342135
0.928004370422393
0.8476795542327089
0.8986791205526268
0.5976746572854654
0.8207098512624684
0.7098116056435823
0.6706018774318463
0.5038208862392524
0.63873276494565
0.504407527829273
0.9183050106496774
0.9623838083376421
0.6330755066559064
0.9580598663809494
0.7056631983302915
0.5064852549488728
0.56792305388629
0.8270254375741353
0.9455799918118588
0.9082556139812403
0.564093103924691
0.5596140561968537
0.8166965370591728
0.5025655791695138
0.960606189488235
0.6791031906510001
0.7363778774902641
0.8209108747508491
0.5785308907080758
0.9048599680615002
0.5097858512010707
0.9868347613497892
0.8376462844830415
0.6620729027865799
0.7873707028785915
0.9577257911764379
0.9243895302500036
0.8243735983834339
0.7462868825766378
0.9948213273975535
0.6581858193221588
0.9821952993428575
0.8227154849916046
0.9234104754572581
0.6848231335865103
0.9057876026978964
0.6732719910754227
0.8559563778935195
0.7583582327316188
0.9457956309458273
0.5935501055249177
0.7069947525587887
0.5230677774523049
0.598964981523413
0.5353586129330328
0.6522841221424143
0.6111135107322041
0.8880697899640664
0.950626138663937
0.5432253680414003
0.8621359227054074
0.6618407426950371
0.9127695577999553
0.8083168542898491
0.5849118778992375
0.7039951381859557
0.5267771765939187
0.7764866056950837
0.9862260217732255
0.5667426192557229
0.6077773748029633
0.8478869592820966
0.9425058615646568
0.6319692618848649
0.7637853128773804
0.8835860798306243
0.9004172610204804
0.7327836983474136
0.5152454967641049
0.9546652086233338
0.5193277087096901
0.732357195311821
0.7517142543462334
0.8979778416936051
0.625356866905372
0.7824745881932
0.9522722404178003
0.8988454210484138
0.5512476583067707
0.7477704051834446
0.8677788533664472
0.5423770811170623
0.509639055496941
0.7361383482663884
0.534435989247902
0.7541677958294277
0.587671568281012
0.7932053784973772
0.7686206229862023
0.6222390139923992
0.6988685914077426
0.7226586726513782
0.9883844756814055
0.8428075576455101
0.6909225640238227
0.518669498628679
0.7473079488317542
0.6663891964831488
0.8825242136691921
0.9651647361089072
0.785271419436659
0.7801592451003414
0.9794586260218507
0.8798302831782114
0.84546680097208
0.5053160574890123
0.5598213570375139
0.9148444955044648
0.6898699723126409
0.5548771764569109
0.7973313224088927
0.5364222608056073
0.8781867423224763
0.9473252422571361
0.958942309189917
0.9794218267492614
0.6302322152493662
0.7113018134284522
0.598833249807913
0.8350303516968429
0.9883336392350551
0.6629220980801341
0.648687664912835
0.759115341911283
0.83882430009226
0.9573087802466466
0.6532545297897423
0.7619275384716193
0.6005604784613757
0.6621505997419505
0.5369644845473587
0.8230203075880049
0.9064726108267154
0.5397011072796043
0.8422765583366243
0.9157940452756439
0.5563646233107642
0.5369673136764919
0.9288707744053102
0.5214943728996697
0.5586159721499312
0.8683707104067142
0.9002409665984987
0.9131468257223887
0.7335932433161685
0.6603391314842435
0.722788645025916
0.9768011165020214
0.6234153504570624
0.793931473637451
0.8282242551462988
0.7887332186978219
0.5286837267643271
0.8073722180531894
0.503971120026351
0.7154440290707392
0.6174059019834682
0.6656594128791272
0.6623036640450034
0.6929840482423668
0.761324941081298
0.6545194089395668
0.9596774317639796
0.7561137892224639
0.5377522338122395
0.7383359358367312
0.834565110247468
0.7594517382693903
0.5851292733824358
0.5773058464308576
0.9297380024164089
0.6566226162080768
0.695537326026952
0.7276006227640248
0.8056028217339477
0.6912107504496957
0.6345459525608175
0.8615897776244599
0.5692517110107185
0.6464612468878065
0.7813914197843166
0.7406597858927058
0.5157855411880417
0.950692166849554
0.8636267780628875
0.6898337375433221
0.9119893111291506
0.5084321122506902
0.6074937483773275
0.7394958695920002
0.7572899828085691
0.6054014662920535
0.9763278255417642
0.9149426887667649
0.7634489193905649
0.5235955664948735
0.786126002455676
0.7981106061424048
0.7782646552540073
0.730907688462721
0.7048932306534031
0.7837336211382315
0.5312181169299215
0.5590967268922717
0.5535779167550869
0.8186444763244486
0.7548172197737419
0.5590116827572754
0.855013315482219
0.7222444883345545
0.7425088207080828
0.816765837369943
0.6510944996511838
0.8247966318061135
0.8290475281793541
0.689465802866388
0.5247589431231735
0.9650495760197868
0.7025487680560634
0.9441767167210464
0.9488294968664657
0.7486969922269489
0.7531069147906708
0.5120157306784907
0.835688564183956
0.7197391723144579
0.8072354717495978
0.8025608360333438
0.8073440205747091
0.6999463019072873
0.7156764276068586
0.6238750981828477
0.5019566152947702
0.8102896133973938
0.6409950200035592
0.6076484900661556
0.7660809459663451
0.8198102806896483
0.6121378123765031
0.5733691701908656
0.5168145843724405
0.8305551637683628
0.945748091929457
0.6112947312609127
0.5403959010602111
0.5521267602364577
0.7478948489622319
0.9778338366339802
0.9953371486379596
0.8798252435321738
0.9428943407398305
0.8991957311625407
0.8392157843426016
0.9103466538130301
0.9196743977991158
0.9673041705237408
0.8558742289703438
0.5332233350678262
0.6143758765804425
0.8811338576555888
0.5108166740219514
0.785070043891031
0.9786923682434394
0.6614399926253547
0.7071732292685102
0.7749541458650375
0.6088228106717638
0.9345043173135712
0.9836568996004962
0.6341719894372513
0.5113512487057901
0.7712462751977629
0.7318211565227788
0.884999653275439
0.9696896765123706
0.87973618285645
0.6277550564020906
0.7790584544361385
0.5482735596609771
0.5835928690545839
0.8100497408499746
0.9567058646639506
0.7982987721143426
0.6310801655536991
0.7623257977116378
0.6376502916154712
0.7369066284812671
0.750310516529257
0.5481571290208542
0.9620335511043515
0.9589880454665307
0.6619408263505528
0.7444090760980691
0.8265676770683137
0.8470234876344307
0.8479304052726132
0.9744985790403844
0.7428932030624308
0.5842815318991248
0.7756700704629276
0.7365316358809779
0.539990908062504
0.7510914281210088
0.7398393632284745
0.5395103829451118
0.9260089195384056
0.5970737930354058
0.9229117289753809
0.5441362226333377
0.9549703921836028
0.6749653819217745
0.9858825589111232
0.7591921125726964
0.6236333170593849
0.6102328179354587
0.9846250132219447
0.8949515448409946
0.5943444289045647
0.7062512806940591
0.6840442728863103
0.9462238977398056
0.7030980711122343
0.7094508473921803
0.544608008026739
0.5804381230104285
0.654304592465593
0.5044154610165285
0.8753077715192688
0.8095052108608396
0.5633801417376301
0.6344065179857957
0.5586122839774581
0.8733405077100769
0.7808531262199884
0.5587599812792903
0.903627072971906
0.7326742349299415
0.9781025513972716
0.9722883736624027
0.7780786596615166
0.9406658074584782
0.588511396287039
0.6379874713099682
0.8648870191673748
0.820084753897625
0.8923935563539642
0.7595367233507448
0.8788455640782511
0.7536043904702794
0.7852045025544423
0.5070318181121559
0.6914591919115957
0.8062661911086685
0.7026121244961266
0.8968649928508072
0.9142739604829706
0.5088349532965856
0.5867297952768784
0.8248146360064015
0.8079422393023747
0.9280742912177473
0.6408173300240307
0.7929146149695686
0.7407215817174438
0.7636945735951062
0.7719581352022873
0.5475580471842256
0.5807524540223798
0.8165976243054556
0.9071712230596107
0.5065669874751724
0.8394206093790577
0.9974931437143746
0.6484074545860419
0.9417966111140809
0.6051364535282592
0.9443552756177476
0.6210560014839531
0.6683641456658578
0.9753500007582614
0.7006357164758823
0.576117797970802
0.95811205603802
0.8256081862075695
0.5447781935365552
0.582252213597756
0.8463991612543335
0.9688545092295993
0.9866051183856583
0.8426512464263136
0.7490314566872696
0.5055456154858076
0.7892829364012685
0.8407513058315155
0.8551138032472718
0.7427660416917836
0.7472031589914068
0.9045955724631083
0.9995248375051705
0.9408899675862906
0.9386443301253349
0.8337117406443002
0.6740861590206392
0.6518480060504928
0.5403381155955771
0.886471492572543
0.556905730240844
0.9219180586075855
0.784460069493599
0.695328663317995
0.524201058416969
0.7798188326937293
0.7221785685717745
0.6343016687599523
0.930746380576436
0.5168506131881623
0.5797490483540609
0.5777002033147982
0.6565029759796042
0.7860495274670367
0.5794363387560122
0.8909910882287835
0.6165209948516202
0.5190625885137672
0.5478054469847979
0.8191695984719912
0.8815842149023969
0.8396900728135688
0.5869886165580941
0.603545572200364
0.8515988408238868
0.5004927781903346
0.5319460404770822
0.9765796743631798
0.8839033528938947
0.8519064832689351
0.6248934415586396
0.5481794648125706
0.8909852946639296
0.6961813835737646
0.5052853022145738
0.756886929658374
0.9431823389394169
0.8610344775352807
0.7657625250190581
0.5229949979190547
0.8041476099142792
0.6617811157554742
0.8333600126163068
0.9757406449490418
0.544217488094491
0.5659108539719361
0.6498693497174575
0.8839095563363553
0.7039978901169037
0.8511453906837003
0.736528152895672
0.7669040005366531
0.7159941126011621
0.7253729820064356
0.8692827815107771
0.958003276345037
0.7477396667511806
0.8641316323709126
0.745556125523156
0.6604904340920081
0.8583416314365263
0.9310966601702901
0.9250609993218961
0.8181865018987182
0.7404850887437234
0.5255200805375564
0.8368524747744225
0.9451388685061728
0.7211913619759484
0.5569445178602384
0.8700118557533039
0.6385615796689758
0.7633703196155723
0.7253337301973227
0.5803026614614043
0.9240229466415135
0.6126789219814675
0.9603514700865482
0.5441869609639155
0.7324882543032576
0.5666423914206626
0.7049041842704655
0.51174044500651
0.5909916725804321
0.6944244793327679
0.6968067213280091
0.5236524034698501
0.5373109524227156
0.5633125489552868
0.944383535574302
0.5509152565143302
0.8786367021382588
0.6572587528212946
0.5269216140518196
0.8181284393588899
0.629667048538801
0.809449135500536
0.7248909232282131
0.7575633199152698
0.5377263418675986
0.6682630704011896
0.7828542686912494
0.5117383986568711
0.6954285079879472
0.8657334700144326
0.9821350302723371
0.7884927896331757
0.6736774943624195
0.6156418947486891
0.816375981222254
0.6229287174809138
0.8132975795518212
0.8875254336100629
0.9965207664396372
0.6287730408876677
0.9411976840725764
0.5216005316980721
0.5383957103698715
0.5951823435385806
0.5916585149600315
0.6980479410617382
0.5324394740137572
0.9964864390341437
0.5349109178109552
0.5324686851577936
0.7410398025792317
0.9581369188846476
0.8761852384649118
0.7428335462496573
0.9017492415684595
0.783734125546983
0.8526034553007781
0.9789091141294382
0.5306746762892312
0.7777014020944018
0.6665534173964021
0.5769774742701788
0.8414099012678458
0.7502184062089035
0.6571521597752311
0.7997365085680832
0.7312875631241343
0.8616222569738832
0.9268474593214427
0.5356749717424885
0.8309016132246025
0.994236906302514
0.978592994053838
0.7127418625208315
0.7651525524944122
0.8787802996412262
0.8623006112817564
0.8339874928868165
0.9060990632823902
0.7620262320421056
0.8818973873748999
0.5100017564790991
0.9973086250923209
0.5753511519655669
0.7412759756698584
0.9048093825699834
0.6951000176807074
0.8084059413724775
0.9260472251047607
0.5337299430059648
0.7778570902614272
0.984100295062365
0.548703436644266
0.8637519723357616
0.7782477508967627
0.8623052549336574
0.9031974229620063
0.9352671269815731
0.8268924301560727
0.8064798608508694
0.5204489571153332
0.901073556730466
0.7508393982077857
0.8379440416105146
0.6383799009435216
0.8771906621365194
0.7616561845647212
0.6627068743726765
0.8383043106152872
0.7344677421104556
0.9919973202334237
0.5368850697425334
0.7389551311147429
0.7705993835394837
0.6117932812925877
0.6479415780869903
0.6043354681323637
0.7921923336287324
0.6713142825079619
0.942883370692406
0.6816838165574005
0.9456881603831386
0.8942718596841777
0.8671640613792257
0.548260192097036
0.661856082589632
0.9064315566166059
0.7386011401524826
0.6449035316237484
0.7628844472826357
0.5997584181680202
0.5584649369125099
0.7680832469225196
0.9811758436313678
0.9875884821853393
0.5989007381644136
0.7147504374895032
0.5890565823254863
0.9244019504173522
0.6372142070044466
0.6746061580277083
0.983868038625549
0.7645151513629224
0.8189207879379417
0.5830695440623187
0.5083313412188005
0.7598383365641415
0.6323582372544673
0.5024828025881123
0.5266334073939576
0.9339047445757875
0.6558574790202296
0.6195684322310095
0.5651464725424742
0.5331147422140113
0.8609747153878567
0.9473676093056134
0.8161578250716046
0.7725306168666184
0.6465105603319006
0.7414129906558977
0.9403321051919548
0.6852618994683342
0.5896131680031912
0.7838360471209955
0.6560897639419254
0.8906333968167286
0.6756823330298944
0.7259716220871378
0.6919846604195994
0.9255435187405829
0.7700243257052661
0.6611011123910158
0.6284999653966745
0.7286045719918279
0.5713835586562654
0.873272349287981
0.9347739048852493
0.8776347572429437
0.9750702554749142
0.9800340775196534
0.5426517023013102
0.705363986007107
0.9126440432282817
0.9036091202219748
0.9503018635427773
0.8256768461583126
0.720314542455192
0.6012441019274841
0.8487399312107051
0.5084925456637004
0.7710955298540612
0.9429978818422939
0.9399290087012321
0.7146259551183989
0.692601158160987
0.6064339379376547
0.9492391217728131
0.9153995165864799
0.8252577948732172
0.8728762048654484
0.7496195287180614
0.7166253078911127
0.814010596458612
0.5530322432153818
0.9410374374231925
0.5224563124629167
0.5160848478677222
0.8038662872023592
0.7130266153319474
0.5713734388762317
0.5387088399282287
0.9561202134831719
0.646749031099166
0.6823732180697148
0.6529950282841572
0.684123861384708
0.601390979871979
0.6170294363122858
0.8021615569549134
0.6108887168869167
0.5532166128708096
0.5884471371409304
0.8301312300958481
0.5726549360497798
0.7269145490994895
0.6606503005144035
0.6643651284456453
0.6094270166548967
0.7857090137293046
0.9660942475520307
0.8670129603600045
0.81690994497947
0.6427529626884622
0.5699512551154746
0.6846326135282099
0.5877628270479631
0.8366297900024255
0.6898434122807937
0.5433503986798585
0.7169461833969606
0.7265034921444475
0.858249422370478
0.5317214752853007
0.92830977508886
0.5944612348192493
0.9750778344109753
0.5499880133682814
0.8073512356589116
0.9047610964402586
0.6289426963796478
0.8571079565602076
0.5000701446317769
0.7364331224553977
0.637798187731195
0.5581365114751101
0.6356092013407175
0.5427320160461478
0.7900024423035448
0.7382730047846306
0.5232400901211252
0.5488082275179047
0.9346663588773839
0.9261581044212759
0.9581418576498422
0.658458665161614
0.8076910372411285
0.8563301845302996
0.7356029778111259
0.6655909311066461
0.6520336873704544
0.6376503586416203
0.5218850749094139
0.797505381029537
0.8474192312435694
0.559825372577476
0.643513169900551
0.763078873167836
0.8029603316823822
0.9905461029502678
0.5317709129824085
0.7312577972762925
0.6289317329655946
0.7509053343755425
0.9152146536247315
0.9230939816390944
0.8043390717133552
0.5037119092336593
0.7189354963684902
0.7140801382447843
0.5805588935298203
0.8714124377727683
0.9639611854530208
0.6849894627050799
0.8246839691191712
0.5859649802841815
0.9865336703663576
0.9741407671717373
0.7925526425190679
0.7116165339210683
0.610420257193737
0.5094645236721425
0.7838114139539183
0.6833161012363718
0.5802192639209749
0.522984306500245
0.9637910433105082
0.8057121632313842
0.8327242918756673
0.6752408489596001
0.9744520079415683
0.9029849921076715
0.708008867082401
0.5982650558371003
0.9061982286741712
0.6973353632161596
0.8477563785735241
0.9589752824828783
0.7410168247402014
0.8324166863596005
0.7441444201951002
0.7647084557099395
0.9368696775260132
0.9710260315405574
0.9533106739787092
0.8811796796094903
0.9311290140722419
0.7848724119817894
0.5098493623305864
0.9623338010899766
0.6268244598913926
0.8036157156364312
0.9343437682150656
0.8067728620745593
0.5498394848012026
0.6730867558517915
0.636125822751274
0.9498701120989024
0.7537837478795137
0.9313149326144414
0.9575569212871667
0.9583180447312962
0.75996385303413
0.8299761980589223
0.8238628344117691
0.6286048109966427
0.5553913690188379
0.8709758813582745
0.9110231517060967
0.522352677794253
0.7511536523016507
0.6257002204452091
0.8865256442211509
0.5265043683845017
0.7750020975735332
0.9435109124695747
0.9291894115259018
0.9077304301955729
0.9287634963109728
0.7458201564424161
0.5191901180137901
0.6640664456245072
0.9462245739726265
0.7407819182595138
0.5243001970838697
0.6160200627958335
0.7841400856602059
0.9077755799361886
0.9907468988735783
0.6380364935424028
0.752750822957968
0.7680623262534649
0.8520311157848688
0.9844509476926396
0.6081825529122933
0.9506874484938074
0.6145591132530439
0.7581281913731799
0.5195724679154843
0.5196122237298625
0.540534534688417
0.9928757113899211
0.6860177913116312
0.7279704682953287
0.9054556468891497
0.9387648980759508
0.9879111211211287
0.6239310606581527
0.8320308507419112
0.6238842786871994
0.5788127668464202
0.9520693194650143
0.5687115578303685
0.9324437811546149
0.7284958592843652
0.9661812034697228
0.7503128887019354
0.6003582185809467
0.9994424553906223
0.630071049299897
0.5922975830115753
0.9242796966520139
0.6135044913350672
0.8109487834398559
0.6950002231862886
0.9520914275860037
0.919455401197907
0.5197029854845354
0.8104758024205213
0.9791777258490144
0.8007977462312827
0.771994096773093
0.6493015217387174
0.9612916971531418
0.8495592084550287
0.5781363555511168
0.6981332608641544
0.6750834616468
0.5894026099433907
0.9129744006648005
0.5355434755578619
0.6080022482264161
0.9564079180552716
0.8543698157749859
0.5727969388622559
0.5189296860100077
0.5457148799065921
0.9182030833154992
0.7036003461649825
0.5943614571928773
0.6798674951194602
0.622981620578999
0.7447190968147328
0.6225344156551693
0.8856732604452986
0.6048955795202895
0.5203784253898134
0.9393526971503317
0.8816913720809427
0.6193139747197296
0.9061296934353886
0.5466057300256152
0.9043069960774501
0.8977699018227816
0.7571192718395593
0.961793609938703
0.6117856210536861
0.5026174740872914
0.8495787128005312
0.7043808557909297
0.7516378104679273
0.8026986331370262
0.5927268805573749
0.7075914126405896
0.9232741501024256
0.5924425457255658
0.9168752523768071
0.9163803273051676
0.8413319630463305
0.8409022820329971
0.7971454470528965
0.750487228156886
0.8925237333769166
0.9008086776769609
0.8280078910525284
0.7678431531567981
0.6141648293914646
0.9543091144453086
0.5486957459932909
0.9019920156000646
0.8003710001147307
0.5834528547654633
0.5094422293263912
0.8473584411048009
0.9935169128605637
0.9261578067776253
0.8213969963454534
0.7952377623334931
0.7152246606957933
0.567511319658319
0.6626291515631916
0.5017312949584686
0.9094449397815558
0.9733638026052243
0.6126823409063282
0.5713027306737359
0.7478382458849425
0.8798368645294267
0.7849460097694847
0.8396882726035677
0.791583984612414
0.9810644058383835
0.5452252964067603
0.8183673687631257
0.8289098650457778
0.5272926071267419
0.5371162404983069
0.7709335492116588
0.9277495252505852
0.6809290872673509
0.5999799816034319
0.717925484301935
0.8942904345571783
0.9987041702608124
0.8089255762997312
0.6827280956968538
0.6672194533047204
0.7155094910092172
0.6867569931681655
0.6467958844590465
0.8562081492520133
0.6595808865970408
0.6601796902103099
0.9031466314990731
0.5240462015167104
0.9130549786183472
0.8634015271383277
0.7664163459578218
0.5487445995581747
0.8597840994375376
0.7184570091916058
0.70967556276026
0.8591865669496653
0.9014609596067471
0.8677519119971022
0.7176209694549183
0.6345749938260961
0.9013641045024825
0.6072108757705494
0.604459297256418
0.7645657611384213
0.6357157127727487
0.9812845957682538
0.9020593015763707
0.8366729869637857
0.5305788518331958
0.7974606435385957
0.58180319450198
0.6831884882807611
0.8581372823473323
0.7366256136076497
0.7538120654720462
0.5904301498756548
0.5808901149373982
0.546452251822408
0.589203174328208
0.9924243403516086
0.6400795730578683
0.5226938278451216
0.7803384401489076
0.8974602506063745
0.6214348122791675
0.5393892027871416
0.9756407948714211
0.6692596592459531
0.6757289651223661
0.5325208356241731
0.7209475583073484
0.8650351612806462
0.5792516043222882
0.5800167458679519
0.9578505980103188
0.6745967273987163
0.7407526298333311
0.8879913925864591
0.8447823436724613
0.7766112296531893
0.7157009180420352
0.6270987071360083
0.9332277233096895
0.7841209005231917
0.9903917868582632
0.9954887037889116
0.6432052559034473
0.5480319849497267
0.562254353034269
0.613025656457713
0.504896583954989
0.725345812752122
0.5347532643253071
0.7093579939950796
0.7738143003311098
0.6312811401643894
0.692961738689745
0.9708613289097296
0.7767720400650509
0.8441143952358763
0.9390353527678742
0.5177638113429941
0.8049982796000361
0.528315294189254
0.6962452799809786
0.915965299525894
0.8634548664989488
0.7458412802563421
0.5828341919483664
0.5766441357071905
0.6797389330399933
0.8318590377102159
0.6490058370535805
0.614171164437942
0.9578400497704489
0.9737979743729066
0.8095055691450284
0.6676856372804896
0.6353681111091753
0.5472767979905256
0.9020305403488642
0.5409729787946895
0.9436639715648512
0.6728813271000188
0.7346498245368625
0.8967853366052303
0.801876457420492
0.7781744150154233
0.7572800491340541
0.8702973039392967
0.8058675256776535
0.7787303275422202
0.5332057930578082
0.6477274023793242
0.8467938190281401
0.5134465594935893
0.7157650852582462
0.6157447654343589
0.614041156221382
0.6925277938165153
0.7103920469023103
0.8282071878114989
0.9387008701855502
0.8346791123138155
0.5110779060907473
0.8029146282587211
0.8948781018275007
0.8919939961368533
0.7886095293490805
0.9628522054190305
0.8402937975902448
0.6285883732979323
0.7644627623146619
0.705817143101314
0.5048762573450741
0.8341138283136339
0.6836818032894774
0.7911962406856181
0.6382372221409498
0.7742302443877747
0.7543077464994306
0.7256155202622889
0.7144346698987314
0.6699573820473413
0.56607564377312
0.7823507455528846
0.6728836803997607
0.8548846766576836
0.6360684696392922
0.5199177223673905
0.7178118722740464
0.5986178381322207
0.9824489414636375
0.9214328953838813
0.5299852762009949
0.981846043887405
0.692145946820903
0.8488756598418232
0.9025071488627194
0.5139065892105839
0.8730877973914966
0.5772078029834788
0.6424242135853704
0.8407514012783496
0.5178122072314864
0.9793303131439035
0.6672096993198393
0.7303427294424704
0.7076195228041811
0.6363326827627629
0.7230913701151265
0.7760807429241368
0.9794622178271337
0.8087211491248034
0.7799722883359894
0.788419030222482
0.8497343164851077
0.5184290161887084
0.7300910046181941
0.887579226891756
0.9828431729339785
0.7950478347257665
0.5992602470386913
0.7439289584487999
0.8177780491481629
0.5159044814032945
0.6043787202315811
0.8662915561019551
0.65297611408832
0.5857077048353938
0.6490371903761278
0.7515618999476253
0.8321872950005468
0.8654224000245896
0.9270834262910007
0.8582275608476602
0.7167402762716639
0.6788417807875364
0.8721665093785473
0.7103579614630079
0.7514433877023764
0.7799916692995692
0.7343779688935853
0.931686371082781
0.8127648058023054
0.6292332938626242
0.9285812492013771
0.9815011523104575
0.8099735919086778
0.8339421597560106
0.7812109094557893
0.6123365597785786
0.7044882517046704
0.8174082334350671
0.7285552769088322
0.7794922241095721
0.9946163380020884
0.5766948196473057
0.7226069799776969
0.5674167394299366
0.694726051455361
0.9520215462702807
0.8037586906214444
0.825555672832799
0.7106573158303946
0.5095560285518131
0.5367341074398253
0.9633735305782252
0.6860892311128473
0.7573176545666058
0.646756495827034
0.9593417522927233
0.5793687534567054
0.7082794953000112
0.7884562702133613
0.788845544842024
0.7364293776703479
0.9020708815601828
0.6677592240670331
0.7139759440927262
0.8115141261716246
0.5294626935436302
0.6471145587880838
0.8942061337177594
0.6431859552111152
0.9706828927990331
0.6292964075651855
0.9405239710400491
0.660198734460327
0.9700215000152115
0.7473056922162233
0.5425762772625767
0.553776817976508
0.9346239576573018
0.5987644303331852
0.8300843105170643
0.6091082326754953
0.6331613214453891
0.9290649598254079
0.7050080934587515
0.6781382846698694
0.5267202427977415
0.7863578860085632
0.5567484320858938
0.9037065570820775
0.5463332123012121
0.8398089376405742
0.5828434212856817
0.8122989805054465
0.8410177592617556
0.9143919767404949
0.5071850252902667
0.7996666658228118
0.624798541159955
0.7889143722187644
0.8530661678461394
0.9544006708760122
0.5658267699663153
0.7031145185082501
0.9195613122163138
0.5066685724685074
0.951368622956615
0.5808371491736721
0.6966944723513897
0.9484193502197891
0.9496210890845669
0.9849857960468307
0.7903349353191349
0.6297904304705304
0.6549233207153449
0.803878130059434
0.5030599496732443
0.8151821979725109
0.9667484919917231
0.6156782566181436
0.812901862994329
0.6964302035000673
0.5393778545672225
0.7170719769254262
0.5612674303772776
0.8591840965580034
0.8180319310562467
0.7446234701842007
0.9112784585819051
0.8356828990877891
0.9528433913568359
0.5774912551216227
0.9374571561044446
0.956396679918768
0.5573140978239155
0.6993465425558725
0.9533545117257437
0.8124546590484003
0.9762284598375364
0.996229353777492
0.6109825089002241
0.7750889917632244
0.8865833427915061
0.5790634078675431
0.9526438618718347
0.6122378627683159
0.8373785646389672
0.8638207804399103
0.8878099163521513
0.8728453954004545
0.8563357204624809
0.6838544697612805
0.8717354896293924
0.620056354913525
0.9638425881258899
0.8473914875597857
0.8556056868328727
0.7850467262807084
0.5512110862021438
0.5216760046550879
0.5634019437769235
0.8362906889645803
0.8029017564478089
0.8800859397765706
0.5193766655958916
0.5615097618331226
0.592586846477025
0.8109969906700896
0.6417840170851321
0.7225018021821552
0.9503267081170338
0.9527207585132118
0.6782995955534801
0.8444846144807513
0.7137174904376963
0.7115311342978741
0.508808236934416
0.8761118216995611
0.6343860320188575
0.540420630631403
0.6508661995258826
0.7470734016161141
0.8151162815100936
0.5623882508608529
0.7890862578818341
0.9033639493749782
0.716506922980779
0.5958509234444134
0.8113088997396294
0.6416576793751764
0.8584449603534956
0.8480646400217097
0.6534967047167556
0.5937531990889964
0.7064407607347316
0.7767488027845251
0.8556256950449543
0.9602314703639863
0.8510092990335604
0.7514015643611702
0.564178342165728
0.680858458179885
0.7232958512358987
0.772007081002001
0.6861759413556304
0.7461821474628432
0.7961580590552778
0.9452931275227656
0.8773457238247875
0.9201765093022011
0.9085514956116466
0.8211854988129088
0.9470103167071207
0.9044954132647072
0.6677069258746989
0.7623466569718564
0.5575172387854801
0.5219060392031214
0.6889274852622456
0.5209549996599935
0.958202833847063
0.7418589229024366
0.991351600739454
0.6857072285320852
0.6715343461156362
0.8969070787308251
0.8102625757152669
0.6036036606355379
0.8946046217774084
0.7040584712159139
0.9760031224895624
0.9815492117268791
0.9475811875157015
0.848253427542246
0.6872885063679397
0.9477674743613343
0.9643400447991572
0.9116375553889227
0.9180404288354014
0.7276678885651893
0.887373100236402
0.9982891927586899
0.7405179742676302
0.9592078704248017
0.6892312513917161
0.8980082490737504
0.7109870737708874
0.7352119168748626
0.7217124012233086
0.8460764425985887
0.527867324915053
0.7582923611900487
0.9113367800612056
0.7030842506798871
0.5020606269753016
0.8088892130326157
0.6431854225464673
0.5513486799615493
0.8421933825971681
0.7909504713797877
0.9888394196855729
0.7779476870314825
0.9587201740288279
0.8101201122920305
0.743464992316073
0.9489309864323433
0.5597232620413349
0.9410380860242418
0.7273070100023116
0.8636592529627338
0.6633415879872425
0.7647330026391402
0.9285678052281867
0.927880054219739
0.5089126982711119
0.8632744560212915
0.7630049981844633
0.5619800012614338
0.7639062227554005
0.6924232043337477
0.8864648809620017
0.7399016759254047
0.6907636117252591
0.7971907891497645
0.7780228285578668
0.5755139971475318
0.7958699885190827
0.7307680220736122
0.8228690806175465
0.959871785137322
0.5324776294069824
0.7397747945473778
0.6956657973255256
0.9254854165457473
0.7801613068080347
0.6704638731557357
0.8870292500619152
0.7586879099569035
0.6322590918971329
0.9446160410787264
0.8103842344233945
0.9579959085269224
0.9604099728119051
0.6393791464863323
0.5492102107187774
0.7112176362549769
0.617607075269641
0.6405396436857589
0.9738660494084843
0.8973301870281847
0.6083275166725346
0.5822307347861724
0.9788501994714414
0.7873550182642003
0.9528863910136889
0.5228368343501921
0.8568786047903484
0.9510408204294265
0.9703173992870597
0.8331091134049178
0.8404263005917341
0.8789567340305332
0.9929407971903121
0.8346386849768531
0.9649911078768504
0.959326612027392
0.639086636959864
0.6269089759585291
0.8785027318659524
0.8380395798948304
0.6224598910787156
0.7706391991136201
0.9128061951220432
0.6082741185010262
0.5262233796452991
0.876816530097297
0.818914135412542
0.8527638088897452
0.9370823581021477
0.911536629000284
0.6322213683581961
0.7238458966307162
0.519915011918606
0.6437381279059087
0.9599850770604164
0.5488554581705162
0.8553571737682923
0.8696923715568171
0.6097207404234763
0.8424228435648193
0.6195677760238171
0.8557915426820903
0.9056860094546374
0.848080425052254
0.7521111098676982
0.5627833113762779
0.842311165102503
0.5662044720223243
0.9697742432544083
0.5522713316653469
0.7100619795689365
0.9003207258938871
0.5638160776849614
0.6824642326270169
0.7560061428619038
0.7918630569042533
0.9234949315083048
0.7088991542985803
0.699086937699424
0.8144461878560225
0.8648285951571897
0.8458143645745546
0.9801260171874746
0.9405941829159776
0.5059141536526439
0.6439861886807767
0.6941192171736552
0.9162481867222908
0.7118492893818984
0.6856797080195319
0.8273075483892227
0.5445551337226955
0.7095686437481501
0.6790429921364325
0.9789617926454803
0.8288016294001005
0.5850167180218997
0.7769830193132523
0.7419603195318889
0.7592430261410392
0.7534746320943471
0.7599711540429054
0.6210380902153051
0.6360790054253618
0.8815000215907918
0.729604124330453
0.6433212508716706
0.619927683277509
0.8814291430302399
0.9168585527221262
0.681187405741813
0.6176812076955065
0.6487268342415984
0.977794779930869
0.8909024084284971
0.873840153950687
0.7097337256391468
0.9058158028415875
0.7744013143297482
0.9804097291420286
0.6019187075245113
0.9581746255894601
0.8427289841626344
0.9529223302935841
0.6297030009742639
0.9426875908789456
0.5599334415691319
0.7028118947569035
0.8027676499837713
0.5283234704832882
0.652666924366311
0.9077674103945405
0.5190202965053998
0.7550314626859024
0.6323808027871115
0.8907787910633
0.7108913430220689
0.6411121395907936
0.6134645993960787
0.9631836509285884
0.8383559113035535
0.7804721544670319
0.551924678147462
0.8429182307505098
0.925723998164404
0.9725134559925783
0.9220618102649496
0.8508595528942404
0.5064843179431717
0.7103012542295108
0.9908539205297313
0.5788314856164201
0.822762879573419
0.5412990836685886
0.9538950687228777
0.9391279995154131
0.5779131767000238
0.5287136559925497
0.823167819574484
0.6149557921235538
0.9335559732185831
0.9379999673696118
0.5076578153782816
0.844483435867357
0.8917570435824724
0.7143862174448772
0.7399823090398276
0.8051647228964626
0.949542529171897
0.9204504061135692
0.8637784613454612
0.8828932398424312
0.8507320301394161
0.5956865570280497
0.8785320221135702
0.6310415647690745
0.6355170399886068
0.8355072321276564
0.7170051957874017
0.7760413437689693
0.8281456465318726
0.7207372515060206
0.8502640838599684
0.5090792845307415
0.9976722460274827
0.6583622771974571
0.8710954074765035
0.612414109043403
0.7096767736435023
0.624574404616812
0.6735009069978752
0.6560832337589488
0.7141837429709594
0.6931984008584366
0.871541842208663
0.857513447248094
0.5120643141317857
0.7381883158985549
0.5806628707779526
0.7188002099957651
0.7817113402055791
0.7803052849030457
0.6193265645541518
0.7484522033766348
0.5259954479156588
0.9051544524237559
0.5205074128238001
0.7067317203829406
0.7996731456842271
0.5713478309401313
0.8663037144280472
0.5519149557080643
0.9791606938155097
0.6709653884183062
0.9548689599070936
0.9931660357980916
0.8609192547242117
0.9430583160649377
0.9045753608307023
0.5083926770553528
0.8032371134394884
0.5285641387222766
0.8160883249047041
0.8009585322794238
0.6258082869420983
0.6387025512491507
0.5311649217400242
0.8611268432774353
0.5448738181588594
0.8136101010481878
0.9374561289719292
0.8881160448518272
0.8910935517326337
0.5476041442226545
0.6874178302545688
0.732000959653281
0.6015823725530528
0.9189786495844414
0.8488304261140698
0.9330813815394672
0.7503748877294465
0.9045020144245736
0.8707313603011355
0.7133343863021762
0.6045836766536328
0.8851236899102655
0.5588050954516761
0.5325509994094384
0.8785397056507209
0.5542826994321379
0.5495570218925
0.8514539932332641
0.8801095416477461
0.8164100023583859
0.9459165714857987
0.5723337350395268
0.7138767564983904
0.9467710894434682
0.5323395279684561
0.7986941581570601
0.5572325871601584
0.6590564420943257
0.5878083200630047
0.7189065158659907
0.6792705554169941
0.8680775138395216
0.7076488018782465
0.500374971132024
0.5929273122935363
0.9764490479480705
0.5967061222192966
0.929977250329804
0.5922936094930276
0.9918892070951711
0.7396824272298483
0.9439256849969848
0.9557038552759343
0.8511424771307959
0.6328473983549358
0.7754465580686503
0.5930356022243563
0.6877846094094637
0.5825523709556397
0.9118427958843183
0.889075251697934
0.8778449278496903
0.7423445999100706
0.9083323273079442
0.9416290945812339
0.512057537225217
0.5273768580515377
0.5369559251529763
0.8792060355092941
0.6290072906064892
0.9537512658819782
0.8993958291901295
0.6284127581860011
0.5525750365463099
0.645498307345171
0.941784736988083
0.5861674896036281
0.5319643522916762
0.6133752592152174
0.5041655548741928
0.7809232019921903
0.8917010099570695
0.9381477999993564
0.8210159300671969
0.7506583042466761
0.8247231703386007
0.7077280713285623
0.5548566372776781
0.5224561589597446
0.8010625206053557
0.8612499472682683
0.7439836496009198
0.9293965248541993
0.8342716341500949
0.5845389449428344
0.7544640376470642
0.6928650236978884
0.7615114398576678
0.5551199916102757
0.62441986363137
0.9153082953981422
0.5514593155957302
0.6563451483747108
0.6761897228633806
0.6616371679380593
0.6491507520196252
0.6812342535462901
0.5671137970983582
0.6350256539892902
0.7306195901928896
0.6338399515905802
0.5377020548672857
0.608072895439582
0.7442465961256542
0.8746898094366374
0.7155978654598798
0.5023432736054299
0.943127502268247
0.8782598129783207
0.6870157918048765
0.9097182764148781
0.9379784315926567
0.891436855879618
0.6465327234548768
0.7894030710636954
0.5957963961325845
0.7638223726098632
0.7553054573140296
0.562505637730642
0.5814566004117978
0.995050402820741
0.7134091943387739
0.9362582267480176
0.7857089330250657
0.8688919704602117
0.7234638027813567
0.5541731314858412
0.5473048375565472
0.9481775297350903
0.7492619855078322
0.820857831268688
0.7142222958802091
0.5353526454366129
0.8667288751701602
0.9369332187970963
0.9040999216571941
0.8248850789776938
0.6761424369688274
0.5753935307152087
0.507657330386317
0.8013424614453613
0.6285138082984062
0.5410707587961945
0.9057864587579384
0.9150287075602956
0.9546863908755976
0.7181928494034422
0.896127120499858
0.9894840211681584
0.5927125583531354
0.8467789836988011
0.9765875632815766
0.8874515458736834
0.8739380180880341
0.6306328352639333
0.8182727134236882
0.6261160526662495
0.9988295642940432
0.7025942775379721
0.5597668649194287
0.6438424657487709
0.9345417013167782
0.8356696491951954
0.7808875133503754
0.824286545528023
0.6930705501963552
0.5741379634483605
0.5080780212105738
0.6293144450768946
0.8483055808981165
0.7750157290083328
0.6278271902853638
0.9867071798614593
0.542103897824623
0.7206540683404885
0.8793484908707023
0.8804556056724461
0.996628936089907
0.9311457726294357
0.5699283851290573
0.6953223966143851
0.8502092191459533
0.8222112426431849
0.9818978795138833
0.7076401553483007
0.930263891695648
0.7863971846864507
0.7970361920389241
0.9913956326863029
0.7275462820898583
0.8854252519848027
0.5711226034383259
0.645883323680476
0.5283087015192911
0.627579424076924
0.6890670053492431
0.9763544993353053
0.5373794750362036
0.8915738302253713
0.556005223042711
0.5126934024136461
0.8747106671488207
0.7182678714929758
0.8088824198827536
0.8036548881763366
0.5017917713272857
0.5678448750107538
0.6933679904191332
0.9771637557816141
0.9165487049553271
0.5084184106286032
0.8686576275877829
0.8188726198718483
0.5540067246936458
0.9313843126341779
0.7514560055132351
0.5314843627203027
0.9963585281866711
0.95212738535987
0.7845849885992868
0.684991055502543
0.5651721908311382
0.5214818741670932
0.8365894328858589
0.8125173669249017
0.8209414923112062
0.7889552190478417
0.5087940630531271
0.9142001346659802
0.9511253748374293
0.9127921982712397
0.8260721115085826
0.8384055223455031
0.5594292377314429
0.6197086417307898
0.8520453767139546
0.9468010594611176
0.9673426651554862
0.9797346335174806
0.6548465077343127
0.5209065641576742
0.566658880422091
0.6607343248772066
0.5791752823856295
0.7087261227225929
0.8723113724251415
0.8106201404102619
0.9817689490778165
0.7922246776655346
0.79232651779439
0.7277666199355115
0.6372001447485537
0.8120116826569315
0.6837708039622774
0.6385595296250344
0.569018232860967
0.9132616533711422
0.5615433971237194
0.9095125323342538
0.983284634291415
0.5932271185135141
0.6087406184713501
0.8421481152590997
0.5960315971186014
0.9312643166033929
0.7303080333159517
0.5674946171379875
0.5289696844087546
0.9703695510971084
0.7657246739359544
0.9198931837989784
0.9045041236697158
0.9657231323550215
0.6750222480095506
0.6823919447797113
0.7839264331814384
0.8364807081491
0.7889786641801977
0.5171586676924251
0.696165893756491
0.5722828782117055
0.8397757238755195
0.7345903017401861
0.6458609970877782
0.7000375789127946
0.5478807303940669
0.6812318631181977
0.9283747754214561
0.6803219178876047
0.7844978261232313
0.8189360646062521
0.5519720427296735
0.7477732919656508
0.7267058759389509
0.8790381738398764
0.9419347374449181
0.6821421354974513
0.5738796120991956
0.6292979581317161
0.6861639161814685
0.8878497609152451
0.990954594292675
0.885072175488113
0.7128697164512703
0.7213747244774213
0.5260487188514911
0.6707397530359733
0.7606108681710027
0.9663110846263543
0.6663519181908921
0.778272252659949
0.5563548007784452
0.7239033678104274
0.9981091232322986
0.6311605994140169
0.5325570579137854
0.8124834476644356
0.6986538013172996
0.5478233066313165
0.6993528891898834
0.6591585397446488
0.9694095826354153
0.982254779455283
0.5882510700819975
0.859469290007042
0.8471800417774253
0.6108312816907004
0.913090904264219
0.6184290131832502
0.8634633379579736
0.6399236886605314
0.8021039485616521
0.5649664768900746
0.8175115574479459
0.5751118593115028
0.6007699878916894
0.6257116729177183
0.7236607170157704
0.9306169503063455
0.5091948901578438
0.5269980076784997
0.8260801543714258
0.770820755286748
0.73527495490693
0.5547769184014466
0.564139941399918
0.7836104732446367
0.8288802240969884
0.5890678666373718
0.8065206125793081
0.8712548206761921
0.869371572039974
0.9607202632478274
0.653942293764917
0.6706827443752894
0.7316177653341995
0.6270619751991422
0.5183161797116533
0.9344058833949784
0.7028954908729017
0.5633687645444385
0.6767699524578377
0.6002259346804586
0.9971927571370626
0.8299728831169131
0.8468497234176761
0.8563472812656294
0.5782818253739622
0.5166413724969139
0.8370966942913387
0.5542508730026141
0.6511657032815032
0.7829163965277841
0.9979306597952385
0.8780724011986587
0.5364757423099034
0.7076852522783703
0.5902297618205641
0.758452206560748
0.9028082807945688
0.8313358858560462
0.7950446034646685
0.5508694612616648
0.541904814735841
0.8835772901140424
0.7608706242798333
0.9946956445623636
0.7165083906287302
0.6029246911202863
0.7922955909766061
0.9479754216048923
0.9447853379627373
0.7533705823653223
0.5186422725120361
0.9282047813847554
0.8585347352777413
0.5534885888398018
0.6021861852060013
0.8902036723738075
0.5767317396564916
0.6959717446826966
0.9097774961866381
0.8968320070970296
0.7269036174752517
0.6105498173688954
0.5498690177022187
0.9492601264215668
0.9128174973605226
0.5507666918448604
0.9800543922475302
0.5413278698266305
0.6500752074667246
0.8410747300652228
0.6812544513469492
0.967765685386809
0.9883773546111738
0.7784204820704379
0.5834735209472826
0.9510964332595665
0.8228952298258526
0.8712309630155219
0.523850944239038
0.8451093726748736
0.8163158177169321
0.7958370111867675
0.6430357495845012
0.6286373098720108
0.6581398275970596
0.9733804041661978
0.7801796090363422
0.5395138061055529
0.8082287105659645
0.6881138215699716
0.7095053101357196
0.8002357773762366
0.6793028391097111
0.9142426564458804
0.5800259980385809
0.8721105672033953
0.5228566752071833
0.9034660652015807
0.6175982282147984
0.7191938234450077
0.6036201979159912
0.9922965131893426
0.7477216122424172
0.6987682178989365
0.5079840515234528
0.9509283171973928
0.9661477735136469
0.9610498141839902
0.9287015562018909
0.8720577927463258
0.666501882845191
0.6061700989626642
0.8686222742441093
0.8283023883935842
0.870296047415322
0.8803630530267892
0.7845360839734017
0.6150355653659185
0.5199302063904124
0.7132341954644762
0.5132121056795849
0.6809176697791025
0.6245191272248165
0.580718400457387
0.7400163441672254
0.6768691651967333
0.9309089410199138
0.9443503338654133
0.9279998875212301
0.5702077264516513
0.8577888863548224
0.9148771911349529
0.7455111198172022
0.882179927418699
0.9620805319800283
0.874348669587788
0.5634207106852062
0.9587095016821914
0.5022980637690904
0.928053500894146
0.8445282036565289
0.9552082388990812
0.864360121914285
0.8987556398676385
0.7085028062702874
0.8755115579633092
0.6206658811519823
0.8390830015283033
0.5868102639109426
0.7619958621987625
0.5235826949351984
0.7599763468281069
0.7531495227833742
0.7893087992625213
0.6682082182465698
0.5635688049292485
0.801021172490196
0.5615377460305815
0.9100623583958307
0.8602421895984405
0.811528423236474
0.7345453690426635
0.5883296461761729
0.9996353604162003
0.5757909844503475
0.6174612645662065
0.7848049882420854
0.9662476461112361
0.5104398470005667
0.514011782941767
0.8020958523039623
0.6187700440751713
0.7709634252136266
0.8699134971654159
0.7513092719217658
0.9552396484249728
0.7125735797513698
0.5347911557112268
0.8052411672313029
0.8784351592516961
0.9794490229808703
0.5289084424613338
0.847234946939716
0.6733235701525221
0.6405011850619146
0.7803106876822595
0.7941311100171116
0.922321280197083
0.5238012380997568
0.9844439620939003
0.5892616294970598
0.5862254141583494
0.5601748588097284
0.6243781829152346
0.5727804061870742
0.8098512091414423
0.5331411601731119
0.7142390511106285
0.9299721719454994
0.7839594385334511
0.9127743111685238
0.5416161222454121
0.644825138957647
0.7390400035171574
0.5406218792250086
0.5466354228608779
0.5914736977862076
0.9805732436048928
0.6785019068307847
0.6543272879989985
0.599871690670183
0.9255571712743274
0.6242301426565267
0.5895432924099857
0.8696701947318297
0.5983596880099997
0.6630576865937813
0.6110906583883264
0.5957113051798513
0.7200327705891636
0.6465070905973022
0.8584724099344532
0.8843924053167289
0.9930951327634826
0.9186752203950508
0.5620810865517338
0.6306153955581344
0.9711195725839059
0.6921604241870941
0.690875775461385
0.9948606074936603
0.8958727872564287
0.5125873300482068
0.688181900373819
0.7570705065600247
0.9849612283221901
0.887577422852906
0.7647127159006138
0.5973520399256584
0.7460379767924359
0.542655655376364
0.7716770692864297
0.9002603038623616
0.9047961840685586
0.8668826032956498
0.7596401997157659
0.7917246491687047
0.7345937738356259
0.6770537624260653
0.6120178305284947
0.7879651455893535
0.6559779270456307
0.7894910814449823
0.7127223061392431
0.8219399979808639
0.8989189191544998
0.9545343409587759
0.885785886815323
0.878533105899075
0.964246171230222
0.5727032273255788
0.6017139629137578
0.9397870990966903
0.7209445061126314
0.8304288419675823
0.8999736072076688
0.5695774322142786
0.5150290475931807
0.9208449730719253
0.5538117938039855
0.9014514103987776
0.9630718741692377
0.9071550332746565
0.6632290163875836
0.8793388730463725
0.8634650000544247
0.7119708546475871
0.6756374039738045
0.6519839734145346
0.7087558833423107
0.6996295417524555
0.7547544898898103
0.5145707259446068
0.7253757939985503
0.9068346765652209
0.9542786102394686
0.6293593721407617
0.6193640395260289
0.7313922247652507
0.5427561957664104
0.9438460102112518
0.5944257406623434
0.5820115879213811
0.9077740428794576
0.8127990771153893
0.5083662222268357
0.914723669535884
0.5501985230523816
0.7756196161294686
0.566994763414741
0.6895414436958356
0.9819013660070792
0.9753730909600686
0.5657879611862293
0.679324539591433
0.562560858031013
0.7742657937227064
0.5727495965885492
0.9730166502055727
0.7461820662867067
0.8848953437756566
0.7674837718532712
0.9232906912743903
0.9177621980458199
0.947777333524515
0.9430610267800346
0.829715741297192
0.9498654550944451
0.9489520950358885
0.9663051559708551
0.6367348261933721
0.7289066057574098
0.7723779265772145
0.7645631928941448
0.73146103722992
0.6946363116010199
0.9295812571095863
0.9064854081748812
0.7706707836936111
0.8300659562368757
0.907494806915131
0.7335857903713234
0.7897311303635071
0.6930497421978038
0.7162667127411468
0.810684901962389
0.5885804731169539
0.9476828918262267
0.823390992699037
0.7401235607776553
0.6896525170435348
0.821835401755502
0.6662141266888841
0.5819440758962812
0.8539784406200358
0.5203664104286592
0.9271467716337838
0.6258515328128813
0.6333418248784106
0.852048490179288
0.9537813304477865
0.971876969426533
0.914826129327246
0.6341452005587807
0.9298623934600889
0.5708919593111216
0.9603797393586502
0.7258241797399211
0.5887995477562715
0.9911452745659575
0.7712859415521953
0.6627672317488469
0.907928919245959
0.6840632437073149
0.5427048951712841
0.5027151689303534
0.7002983024598215
0.7283694594684103
0.9542863518977622
0.97584237948502
0.5621172296628486
0.8757049556542184
0.5747526879939248
0.907703056638319
0.8825692323139153
0.7321910617557463
0.901061639871114
0.868927564965552
0.5406874071189778
0.9416808693036098
0.9129503522482854
0.712429615976313
0.6424242823392483
0.8876937647316776
0.5229216170621562
0.7050111741427905
0.784749214020205
0.6849650438307291
0.5432149823908343
0.550676097744131
0.9311104160015662
0.9072059596258846
0.7961262810086138
0.8414261433651556
0.9758406935108153
0.7271258233078055
0.9070341095777544
0.9420878177267971
0.6559740105153442
0.8113238955891443
0.6709718873232366
0.5896080762621878
0.8675765106265512
0.8211369359760368
0.9419461755518672
0.6099973032900801
0.6135222075391172
0.557221425527402
0.8681244833363877
0.874047176865911
0.5256928639743507
0.8187491527134865
0.5183961387261751
0.5235888495718227
0.8491500353559267
0.7722955652303981
0.7642710477718477
0.7644522700350167
0.7800154792497677
0.5399475575154331
0.8885973719850602
0.7467736731240818
0.8374635184249151
0.6398618028478674
0.947852511911494
0.5270847567963515
0.7518502643202634
0.8156445289004355
0.9479212285293432
0.7982474603928892
0.8853092763025536
0.8435276165489687
0.8046336066597641
0.677740282466732
0.9346997240718224
0.6652841938032785
0.8745869092582711
0.8724242865126515
0.8997894953554798
0.9211580182659399
0.8135395640034044
0.8214239188676041
0.9399660420817999
0.8153548270713895
0.9604250594879431
0.714709223649189
0.8057789221563632
0.6356946541722917
0.8420132897385281
0.7867969761325111
0.6451625412481479
0.7279475159038877
0.6340461692281794
0.6604340687195294
0.8021752470879483
0.9317731013346273
0.8251061046623461
0.9651318813877982
0.5481276909029306
0.9985091657373472
0.8292905283633962
0.6478910805655694
0.6161545506822704
0.6057642755537578
0.8190709606064174
0.7703721707891121
0.6808575178761884
0.7565488513702479
0.9971836862913768
0.8132670217611148
0.6591539205089025
0.8827828384854475
0.5809835409216666
0.8837863777780572
0.767025123622278
0.6939476069428681
0.5861835722213224
0.9779719594435368
0.8707484144060424
0.7257707171992427
0.9004336470410143
0.8966105188269494
0.671938161020933
0.9930865319436009
0.8644317208732686
0.8540763023629845
0.7216787344636629
0.8142716421711377
0.7053120201395614
0.7038106498646624
0.8219761178718941
0.5945965153164234
0.7367571231075166
0.9382094308196627
0.6920733286688573
0.9273094572724844
0.5205583336068161
0.6905025659194834
0.7498371051560658
0.5717401714483493
0.8938151743512683
0.6934625979157216
0.9458884281106315
0.8498593881229658
0.8821719959023842
0.6445942259956445
0.785603116678425
0.5392109348049198
0.8225150636732474
0.8553069029645228
0.7452792058554376
0.8323313989222425
0.8349754836957215
0.8156462943823273
0.5527409333192281
0.9916335749197025
0.9305369857771408
0.6762525640082304
0.5334656668971377
0.7455592625833596
0.7842483936367594
0.7939011842053876
0.8585111067188267
0.7353400786114538
0.7822067848667771
0.9784827247971359
0.6422773877179427
0.6901253508446991
0.5537395092557209
0.6946494928390679
0.9814392025223004
0.5769729564975395
0.833203353783502
0.8303380161477875
0.7053749282911355
0.6785091532571369
0.7786096900183949
0.7569631465195068
0.9232755618877938
0.9244084529554821
0.697190262367879
0.8919233220528746
0.9827834782243023
0.6916458565686368
0.6397972602820409
0.7699508224800036
0.7332859997869468
0.7121486695495485
0.7562207127328826
0.8041332578998287
0.5099120787028046
0.6874264289464904
0.696423186421784
0.9659688704787177
0.9348774263907949
0.5931472836795915
0.5956175399612613
0.8417301175146596
0.8870960548945297
0.6050692676193258
0.6500567348766695
0.7464526312641848
