117
7
260
181
151
254
165
66
46
200
143
257
247
64
141
229
218
292
262
111
202
175
273
160
132
216
161
231
176
166
93
220
146
298
145
173
295
291
171
178
130
108
149
300
283
272
312
310
118
142
191
129
44
12
70
261
82
212
25
122
81
67
182
217
136
255
306
170
315
196
244
320
59
55
72
100
287
275
74
115
215
35
119
265
282
326
245
201
205
58
232
84
280
56
65
309
99
156
147
248
241
317
328
316
8
9
32
30
61
49
54
39
62
0
3
1
2
4
5
6
22
15
34
27
29
26
23
37
36
33
11
10
20
17
16
19
18
13
14
21
24
28
31
38
45
60
40
52
41
42
43
57
53
252
73
85
168
47
48
50
51
68
69
63
107
150
86
188
75
77
158
94
127
98
89
135
110
78
152
124
79
95
76
71
97
80
139
105
103
96
83
87
88
90
91
92
128
101
106
102
114
104
305
211
169
109
304
125
148
112
113
116
296
221
249
203
126
185
162
224
259
180
197
239
228
138
190
172
157
153
163
133
154
144
167
120
121
301
123
137
159
131
134
140
236
321
299
323
297
324
319
214
155
251
209
186
242
164
250
174
183
238
270
189
177
179
187
195
219
225
210
208
194
206
223
184
192
193
198
199
235
213
227
204
207
285
234
222
226
253
286
294
271
237
233
258
230
284
274
240
243
246
330
266
264
288
256
263
307
308
289
269
302
267
276
303
279
278
268
314
331
329
313
322
281
325
311
327
277
318
290
293
