7
260
200
46
117
181
151
165
66
257
143
247
254
64
229
141
218
111
262
292
202
232
228
160
132
175
216
161
231
146
176
220
166
93
298
173
145
295
178
130
291
122
108
149
283
300
310
320
312
203
44
81
306
182
100
70
12
82
212
261
142
129
255
25
196
245
59
136
272
61
58
74
215
315
309
170
265
49
115
205
72
67
287
282
37
54
57
241
118
101
275
248
326
8
32
39
191
84
270
0
34
9
16
30
62
48
171
56
65
94
105
99
201
156
147
317
280
328
316
3
2
5
22
15
29
19
40
252
273
75
77
135
124
95
103
90
102
296
162
217
180
138
153
123
321
299
323
219
194
235
269
158
305
91
211
304
188
244
168
249
224
197
259
79
221
238
285
127
98
89
152
45
119
125
239
324
53
110
71
148
167
297
250
266
60
55
139
169
157
253
274
52
73
150
80
128
190
236
286
271
307
28
50
68
107
76
92
126
185
172
144
131
319
251
183
223
258
1
6
35
11
10
18
38
85
47
69
63
86
78
96
104
163
301
137
214
242
189
225
302
311
318
313
314
4
27
23
36
33
21
31
97
83
106
114
109
112
133
154
159
140
208
206
198
213
227
204
234
222
294
233
330
308
289
268
329
327
26
20
17
13
14
24
41
42
43
51
87
88
113
116
120
121
134
155
209
186
164
174
177
179
187
195
210
184
192
193
199
207
226
237
230
284
240
243
246
264
288
256
263
277
278
290
303
279
293
281
267
276
325
322
331
