163
62
231
235
152
23
118
165
176
191
169
149
206
135
275
293
31
174
6
129
139
27
218
185
179
45
143
287
244
249
97
258
75
8
38
131
320
301
323
170
33
115
315
175
134
253
257
215
32
20
73
312
167
270
120
266
263
274
146
11
70
159
148
119
267
298
290
154
325
48
114
103
216
58
197
1
271
145
322
317
294
110
91
132
55
2
300
195
74
61
16
39
29
184
283
35
86
123
17
313
199
326
250
105
162
321
128
18
198
36
327
126
102
272
314
204
212
67
0
177
124
43
208
14
211
276
111
304
79
269
90
157
7
87
155
237
96
156
56
72
234
295
202
225
319
182
117
69
13
214
306
59
42
41
200
222
49
141
181
186
311
5
261
245
180
147
188
116
108
183
138
71
101
84
158
252
166
284
273
92
227
64
168
171
150
305
285
209
196
279
277
296
51
331
99
187
201
34
260
288
328
127
254
89
251
161
264
94
281
228
308
310
278
330
65
303
107
121
81
76
40
232
194
229
207
309
82
172
318
292
286
262
233
93
125
221
44
66
28
122
140
52
259
19
46
217
255
289
54
24
133
203
193
280
100
15
53
241
299
106
113
9
230
136
268
329
220
83
242
297
302
130
98
282
10
190
80
21
205
316
246
30
104
265
189
248
192
22
226
142
78
26
173
47
239
247
223
63
68
60
88
324
236
210
256
37
95
213
12
3
291
137
164
25
4
307
238
219
77
85
160
153
50
224
112
178
151
243
240
144
57
109
