117
260
254
151
181
229
165
66
111
200
146
143
292
175
161
257
247
46
216
220
298
145
173
64
176
218
310
108
178
7
231
149
130
300
262
12
295
166
44
312
160
261
141
202
212
122
82
182
93
25
61
196
315
59
81
70
309
283
255
49
74
232
118
287
280
54
58
171
245
115
129
136
320
272
191
265
326
8
306
94
67
72
142
201
296
215
217
170
241
205
282
0
35
9
16
32
30
39
57
62
48
56
65
273
132
119
100
84
99
156
147
275
248
317
328
316
3
2
5
22
15
34
29
37
19
40
252
75
77
135
124
95
139
103
90
101
102
162
180
228
138
153
123
321
299
323
270
219
194
235
269
208
274
10
158
271
76
78
278
21
297
91
87
249
18
268
163
27
256
234
244
157
28
92
36
204
85
164
314
68
98
11
207
50
144
302
331
109
198
107
53
63
329
110
230
1
167
237
134
313
137
258
42
97
285
26
322
251
73
43
253
324
47
259
250
266
199
127
52
51
60
224
189
330
155
133
319
304
246
211
172
209
307
168
114
267
186
154
190
263
55
239
281
301
284
174
236
325
38
88
213
169
226
222
197
152
276
214
195
120
83
288
125
179
96
183
185
311
23
24
227
86
242
148
327
243
225
305
294
291
240
203
4
140
20
187
264
105
303
286
6
233
193
13
89
80
128
112
192
33
131
121
106
45
71
79
17
184
113
116
177
277
221
279
159
289
69
150
14
31
126
308
318
238
41
188
290
210
104
223
206
293
