260
117
7
181
151
229
254
200
165
66
143
111
257
46
292
220
247
146
161
175
64
216
176
173
145
298
231
218
108
310
149
178
12
130
300
166
160
312
295
262
141
44
261
182
212
122
202
309
82
81
315
25
70
196
59
283
255
93
49
54
74
115
320
265
287
232
171
61
94
272
280
282
58
129
245
326
136
191
305
118
91
8
9
67
217
275
215
170
72
241
55
35
205
201
119
139
0
30
28
19
60
45
273
299
228
96
84
101
138
123
77
269
219
71
97
36
37
194
187
29
34
135
27
132
23
53
252
235
31
319
102
47
121
304
270
153
163
52
321
1
2
16
18
21
5
6
128
100
79
142
169
124
86
150
65
311
317
318
92
110
99
313
314
316
144
147
157
69
68
56
140
148
156
329
328
327
307
291
296
258
248
208
274
10
158
271
76
278
297
87
90
249
268
256
234
244
204
85
164
98
11
207
50
302
180
331
109
198
22
107
63
15
230
167
237
134
137
40
42
26
285
322
251
62
73
95
43
253
324
259
250
266
199
127
75
51
224
189
330
155
133
32
211
246
209
172
3
168
114
267
186
154
190
263
239
281
301
284
174
236
325
38
39
213
88
103
226
222
197
152
57
276
214
195
120
83
288
125
179
183
185
24
227
242
243
162
323
225
294
240
306
203
4
20
264
105
303
286
193
233
13
89
80
78
112
192
33
131
106
184
17
113
177
116
277
221
279
159
289
48
14
126
308
238
41
188
290
210
104
223
206
293
