814
1
424
55
219
109
152
355
513
38
42
13
61
111
412
160
154
77
86
87
403
473
714
114
35
36
213
224
78
94
335
27
591
186
276
107
151
658
189
343
695
694
18
66
45
49
96
59
413
241
530
514
404
261
158
23
689
395
290
434
73
369
535
244
145
289
728
380
501
441
250
28
34
50
51
299
496
173
479
81
205
128
571
293
766
344
796
188
296
332
451
270
16
32
40
60
548
62
331
342
312
378
76
397
103
532
576
150
242
220
315
127
203
314
235
300
10
21
39
41
438
43
308
113
71
325
79
377
82
85
93
787
398
115
118
810
396
409
333
295
137
405
180
211
215
216
599
201
292
641
247
370
256
387
0
9
22
25
57
161
379
423
84
510
341
159
155
323
110
374
489
383
125
440
351
414
511
512
240
283
156
165
381
181
231
198
202
218
722
226
309
294
253
320
415
2
5
12
20
29
30
37
319
210
360
53
56
373
69
64
67
691
262
364
399
271
492
88
313
98
106
108
176
237
701
266
612
233
450
236
486
635
291
135
232
515
243
217
443
444
248
358
437
168
204
170
531
268
191
206
208
389
763
487
483
539
534
317
493
433
297
349
384
348
457
529
4
19
24
33
47
498
52
185
286
353
356
357
72
485
281
68
129
288
544
330
264
508
518
90
273
91
346
182
99
105
762
536
540
209
382
665
117
157
251
121
318
566
307
436
122
458
316
422
427
541
130
538
467
468
472
488
528
345
636
164
167
773
245
661
172
174
175
503
504
214
193
392
393
542
310
338
456
500
372
502
452
354
698
537
280
526
92
580
749
560
626
715
11
361
709
753
660
546
600
416
551
601
146
587
674
132
44
625
565
638
509
775
178
134
258
97
481
411
798
729
386
556
569
324
199
554
490
649
770
681
102
420
133
785
246
615
737
367
267
692
630
212
730
789
744
8
670
804
525
593
555
671
477
656
120
83
410
194
366
637
754
734
807
166
523
272
761
417
733
639
306
617
376
140
506
254
781
303
497
533
736
388
687
425
712
727
577
390
800
592
116
616
606
609
402
605
279
594
632
421
589
756
816
693
350
407
588
104
723
100
704
824
825
391
613
652
751
790
545
278
666
640
200
623
442
771
607
720
802
454
655
813
461
543
207
646
328
792
629
597
482
520
622
708
817
750
524
567
63
153
772
15
329
818
784
26
196
445
739
713
54
340
95
259
426
136
75
459
657
304
774
3
738
190
602
284
801
552
764
139
228
668
578
547
812
742
710
583
359
222
769
699
195
337
797
633
147
767
179
719
558
582
474
70
521
559
227
703
631
327
645
563
619
663
101
428
688
608
466
731
614
716
586
432
678
700
277
470
690
669
447
494
48
465
126
238
624
746
721
223
375
735
46
401
463
650
757
163
419
234
339
724
726
557
765
786
144
302
141
795
460
783
732
821
491
435
667
285
706
138
469
603
453
484
263
239
408
611
301
760
672
495
553
446
561
142
662
782
793
429
745
707
651
464
476
659
439
475
183
696
148
574
406
755
162
305
805
815
752
776
747
634
334
394
89
112
65
131
618
519
717
828
499
585
221
702
827
252
321
385
653
326
462
149
550
627
648
282
274
711
562
143
799
820
249
598
620
505
682
794
778
572
768
581
748
516
119
418
74
431
684
455
610
230
58
522
664
673
643
595
171
269
806
809
579
265
604
322
298
803
758
124
596
471
628
365
683
780
621
777
826
808
697
654
352
478
287
718
679
7
347
169
257
197
779
507
449
363
517
229
811
743
275
260
759
430
311
123
725
225
549
647
568
527
187
823
336
677
644
564
6
642
80
368
400
740
192
480
675
584
741
686
17
184
177
705
575
570
371
788
14
31
573
685
590
822
791
680
362
676
819
255
448
