597
109
692
732
624
554
249
425
271
112
349
71
510
580
652
660
480
448
779
392
711
40
226
275
444
113
442
344
266
95
755
441
669
610
765
288
37
805
333
199
381
693
432
119
363
495
1
378
666
780
126
380
728
776
466
741
797
687
208
619
22
304
777
695
547
253
160
281
559
3
385
587
575
538
101
316
161
303
750
34
713
426
361
567
514
18
260
195
293
556
32
588
792
236
19
447
493
277
10
646
539
256
450
593
377
331
540
501
394
500
135
519
102
796
761
595
530
190
243
551
820
51
617
368
708
166
169
255
487
233
648
248
558
118
312
68
685
318
149
151
795
14
222
429
15
36
482
542
414
758
458
261
730
345
50
724
770
737
627
234
783
358
814
808
267
268
320
269
532
47
336
337
434
825
416
172
657
573
473
545
512
628
647
802
557
609
773
189
472
516
372
120
803
618
682
608
553
662
422
29
718
626
216
205
301
346
534
133
79
681
326
390
276
311
438
424
649
200
578
56
347
763
59
517
555
474
300
603
328
801
407
107
396
560
413
690
582
767
212
232
684
254
245
227
766
748
733
585
548
471
502
812
187
747
376
238
475
642
159
207
314
295
459
443
698
709
20
364
420
536
811
162
723
486
231
650
756
90
455
257
371
668
453
679
388
454
197
23
96
220
686
83
584
178
265
131
452
98
440
223
283
632
334
751
535
467
45
599
21
659
348
602
508
721
201
359
192
165
431
607
4
411
410
49
400
211
136
639
600
636
654
310
525
403
601
252
350
712
290
404
774
799
12
675
476
221
181
141
577
462
574
148
722
138
35
592
123
251
70
155
228
173
144
490
168
110
596
785
125
81
97
278
786
171
569
754
703
73
214
644
606
105
427
736
241
791
483
810
270
60
406
399
405
94
291
182
229
284
186
215
464
484
549
793
465
298
383
387
653
322
497
147
0
667
17
342
244
742
491
822
319
351
240
128
87
656
27
401
625
74
451
757
701
637
38
26
313
630
533
250
676
25
782
294
395
366
379
828
635
224
789
552
787
86
815
702
180
6
445
213
461
505
352
64
509
237
672
82
696
287
671
373
72
784
84
661
827
9
108
66
264
568
694
384
191
417
522
239
324
507
58
341
62
132
100
523
24
689
562
305
524
75
818
2
663
710
436
468
91
88
134
330
513
470
529
158
402
616
122
798
749
164
52
764
177
323
398
204
563
688
479
638
735
242
806
77
202
664
357
655
179
714
153
746
121
613
152
299
581
174
699
104
150
651
80
794
65
809
506
308
362
247
61
130
745
700
92
598
615
740
343
185
521
571
280
743
561
46
188
146
804
769
317
633
520
67
142
124
564
13
409
106
296
11
111
321
658
369
768
354
408
196
285
370
145
375
731
546
219
527
41
235
433
706
591
807
641
821
469
623
716
218
772
246
572
421
43
167
54
306
800
367
583
225
817
78
127
437
752
115
203
494
640
707
286
198
604
526
44
579
518
193
622
355
645
259
463
673
715
89
412
157
823
589
55
273
611
397
258
99
263
53
790
57
621
292
31
116
129
279
725
744
137
93
550
485
365
262
691
544
705
753
612
566
620
332
428
230
717
117
289
489
760
683
30
140
418
449
329
826
531
478
590
697
435
511
537
674
386
356
315
163
391
183
543
586
206
503
7
339
824
775
335
457
677
576
634
154
309
63
209
477
415
184
76
727
720
678
8
819
614
338
446
5
515
48
498
496
541
504
217
680
360
813
488
456
393
69
389
33
170
738
629
139
771
816
103
499
704
788
325
39
297
210
302
460
594
665
719
175
739
729
419
282
778
176
481
734
570
272
781
670
114
327
28
274
528
423
726
565
762
340
374
307
353
382
605
643
631
16
156
759
42
439
430
85
194
143
492
