814
1
424
219
55
152
109
13
42
513
160
111
114
355
154
38
412
77
86
473
61
94
35
714
87
403
78
224
213
36
189
694
186
658
695
27
276
290
96
107
343
151
591
18
49
66
261
514
413
158
530
404
59
335
241
45
434
250
441
369
23
501
689
380
395
73
289
796
728
535
244
188
145
496
766
571
50
173
548
128
34
479
342
62
296
28
81
293
205
344
451
332
270
76
150
396
576
220
127
32
16
51
532
242
103
312
300
235
137
315
314
378
299
203
60
40
303
262
53
74
599
383
118
115
641
333
787
201
216
41
405
542
231
317
387
810
215
409
211
10
79
71
325
331
85
295
43
113
308
180
370
256
247
662
46
37
510
155
489
351
294
105
110
57
164
56
93
206
106
323
218
415
181
374
202
161
0
379
2
722
529
389
165
397
21
381
440
512
398
320
340
298
782
360
100
368
322
494
414
84
39
253
198
240
309
377
438
292
226
527
338
64
482
480
471
120
808
502
33
763
500
319
52
172
515
423
419
233
685
382
364
487
175
143
547
310
549
636
307
436
827
826
279
665
372
518
357
663
764
358
751
534
288
536
564
116
724
544
139
141
142
291
345
286
488
159
393
392
715
167
171
174
324
540
539
538
130
537
267
121
443
584
773
508
228
72
432
70
596
765
375
265
266
69
68
67
281
499
498
192
337
573
330
678
362
31
626
316
91
607
258
47
89
19
20
486
523
634
119
185
361
318
691
472
798
655
586
704
117
457
442
7
8
29
30
183
222
234
632
633
643
659
661
193
136
721
313
252
509
82
168
444
239
260
102
469
101
566
97
399
268
156
140
170
204
326
134
785
311
248
817
768
600
269
770
717
384
217
341
582
580
371
437
574
123
329
461
190
692
147
149
476
620
477
712
635
462
505
511
153
577
126
706
699
435
243
122
491
490
450
428
433
54
166
232
22
418
58
352
583
354
208
698
280
526
92
422
749
560
11
709
753
660
546
416
551
601
146
587
483
674
132
44
625
565
638
775
178
481
411
729
346
251
386
556
569
373
554
199
649
681
420
133
246
615
737
367
630
212
730
789
744
88
670
804
525
593
555
671
656
83
410
194
125
366
637
762
754
734
807
272
761
417
733
639
306
617
376
506
254
781
497
533
736
388
687
425
727
701
390
492
800
592
616
606
609
402
605
176
182
594
273
421
589
756
816
693
350
407
588
104
723
468
824
825
391
613
652
790
545
278
666
640
90
200
623
771
720
802
454
348
813
98
543
207
646
328
792
629
597
25
520
622
708
12
750
524
567
63
772
15
818
237
784
26
196
445
739
713
95
485
259
426
75
459
657
304
774
3
427
738
602
284
801
552
668
578
812
742
710
359
9
214
769
195
797
558
179
767
719
474
521
559
24
703
227
631
327
645
563
619
4
688
5
608
466
731
614
716
700
277
470
690
669
447
48
465
238
624
746
223
493
735
401
463
650
757
163
157
339
726
557
786
144
302
795
460
783
732
821
667
285
138
603
453
484
263
408
611
301
760
672
495
553
446
561
283
793
429
745
707
651
464
439
475
696
148
406
755
162
305
805
815
752
458
776
541
747
334
394
129
112
65
131
618
519
828
585
221
702
321
385
653
191
550
627
648
210
282
274
711
562
271
799
297
820
249
598
356
682
794
778
353
572
531
581
349
748
516
431
684
455
610
230
522
664
673
595
806
809
579
604
803
758
124
628
365
683
780
621
209
777
697
245
654
236
503
478
287
718
679
347
169
257
612
197
779
507
449
363
517
229
456
811
743
275
759
430
725
225
452
647
108
568
187
264
823
336
677
644
6
642
80
504
400
740
135
528
675
741
686
17
184
177
705
467
575
570
788
14
99
590
822
791
680
676
819
255
448
