1
152
55
18
27
38
513
42
94
13
86
61
814
109
56
87
219
355
59
66
77
45
154
96
412
111
151
160
107
714
49
224
424
413
46
213
548
343
695
29
335
473
694
391
591
735
114
189
342
403
404
35
39
74
658
331
728
381
340
241
168
203
441
344
23
395
451
261
501
158
211
78
689
215
244
268
332
71
405
387
88
130
514
576
250
76
73
380
262
36
128
137
530
253
276
796
51
369
53
32
205
320
118
296
62
220
415
409
290
9
172
214
139
314
308
300
662
378
303
434
127
16
325
333
103
283
216
479
299
50
766
81
571
115
293
599
270
173
496
383
235
52
315
188
57
28
10
41
150
231
489
79
289
60
186
351
43
21
542
242
206
317
34
312
323
532
641
217
480
138
106
113
396
0
89
120
374
787
389
155
85
487
164
529
482
443
247
180
30
40
12
210
360
266
810
512
440
535
370
156
256
294
165
25
319
438
171
419
202
377
273
240
414
159
181
502
233
398
457
309
444
295
198
218
292
226
2
5
22
72
691
84
119
341
161
612
373
486
69
98
232
349
379
364
248
394
82
492
93
252
397
204
170
176
125
450
722
511
433
635
291
135
515
187
191
208
437
531
493
384
348
4
20
24
33
47
498
286
527
353
356
357
485
298
281
68
129
288
544
67
80
330
264
508
518
90
271
91
346
182
516
99
105
108
762
237
145
536
540
209
110
665
117
251
121
318
307
436
458
316
427
541
538
467
468
358
472
488
528
345
636
167
773
777
245
661
174
175
503
504
201
392
393
483
310
456
534
297
500
372
452
431
116
350
11
58
64
418
399
680
100
416
302
361
19
44
54
359
321
466
70
166
184
811
423
465
510
97
263
265
234
382
195
362
157
352
183
243
417
679
410
471
459
338
460
258
3
7
14
15
26
92
222
31
37
494
304
337
48
448
185
400
63
153
334
143
368
469
745
301
406
95
313
347
101
190
453
194
375
524
144
435
442
583
142
199
566
257
279
718
123
124
131
132
133
134
432
685
221
136
207
255
817
140
141
367
146
147
407
808
446
277
401
475
411
386
192
193
196
197
254
390
763
259
363
227
228
339
478
278
239
306
388
282
260
246
269
267
739
523
371
507
6
8
17
474
497
562
470
285
354
782
567
65
284
365
519
543
223
75
336
455
376
506
449
778
177
249
305
83
743
517
102
104
701
775
454
547
526
236
533
112
461
462
463
280
229
275
327
522
230
429
481
122
126
420
421
422
425
426
428
430
238
445
549
633
326
328
329
757
545
546
550
162
505
148
149
408
648
163
774
632
537
274
169
495
178
179
212
272
675
509
200
287
520
521
476
225
385
490
491
539
651
439
738
484
447
402
525
477
499
311
560
366
464
322
663
324
792
820
730
755
693
715
659
709
772
607
660
664
781
602
619
767
819
805
577
780
586
594
646
802
556
647
581
716
746
569
713
555
570
565
605
794
688
568
795
595
696
784
606
724
637
734
825
613
683
700
740
603
752
801
579
710
563
759
682
673
631
771
653
756
598
719
702
676
656
744
643
564
674
760
580
630
638
650
769
703
692
678
786
640
742
776
821
806
809
681
608
712
573
723
798
733
620
624
574
600
615
670
642
645
654
657
561
697
698
725
747
815
758
823
785
671
672
592
813
708
721
584
764
617
677
779
601
590
626
699
634
588
589
629
667
668
609
797
804
706
791
553
737
807
575
628
578
783
597
803
552
751
666
587
748
822
753
625
669
596
572
551
639
789
790
816
618
729
557
754
582
717
826
788
652
750
828
558
616
622
741
611
614
610
824
827
736
649
720
732
761
559
731
793
727
749
690
765
770
593
623
812
585
627
726
799
768
704
711
554
644
604
684
686
687
655
705
707
621
818
800
