814
1
109
355
219
424
38
55
513
61
87
42
152
94
473
45
111
213
403
714
13
224
114
151
160
412
77
276
383
107
496
413
548
154
335
50
658
96
36
343
404
35
796
728
56
694
735
189
241
244
332
158
130
395
689
76
296
535
215
128
591
380
695
16
73
29
250
405
333
387
346
145
576
66
514
53
662
331
173
243
86
59
451
342
532
78
27
300
571
441
51
205
32
62
530
252
57
369
253
118
299
203
139
283
235
378
409
289
172
64
362
186
181
334
397
315
344
49
23
293
501
810
262
231
115
261
46
216
479
218
9
18
81
434
11
766
188
103
168
220
10
28
340
415
314
171
159
641
396
74
489
351
79
599
93
155
43
137
317
370
270
34
290
323
211
303
127
71
113
12
106
242
138
701
180
247
787
374
0
379
85
722
308
444
338
256
21
312
440
217
512
156
164
165
320
360
782
368
150
136
294
322
40
438
60
325
377
295
414
240
198
292
226
309
20
319
364
423
233
398
257
515
763
487
483
457
2
5
22
25
89
72
373
69
67
161
691
84
492
88
341
98
176
612
450
635
135
232
125
443
248
394
511
437
204
170
531
381
268
191
208
389
539
534
493
433
384
529
3
755
4
6
7
8
14
15
17
19
24
693
26
92
715
222
659
30
31
33
37
709
772
39
41
494
607
210
304
337
474
497
562
660
664
781
44
47
48
498
602
619
767
819
52
448
185
470
805
54
577
285
286
359
400
780
527
586
321
353
354
356
357
58
594
646
802
466
485
556
647
298
281
431
63
68
567
581
65
129
284
288
365
519
543
544
70
80
153
166
223
330
264
716
746
75
569
713
555
336
455
570
143
376
506
508
518
449
778
177
184
249
305
565
605
794
418
469
688
90
273
399
811
82
271
83
465
680
743
745
301
568
795
91
406
595
510
696
784
95
119
313
182
347
516
517
97
99
100
101
102
104
105
108
606
762
724
190
637
237
734
825
775
263
265
266
536
540
234
613
683
700
740
603
752
801
209
382
453
454
110
194
195
375
579
710
547
416
524
526
236
533
563
665
112
116
144
461
462
463
120
435
486
117
280
759
157
291
229
251
275
442
352
583
327
682
142
673
121
183
199
522
318
566
631
771
230
279
653
756
307
429
436
481
598
718
719
122
123
124
126
458
702
316
420
421
422
425
426
427
428
430
238
445
541
676
131
132
133
134
417
656
432
538
467
468
679
744
549
685
221
633
643
564
326
328
329
391
419
207
757
255
358
472
488
528
545
546
550
674
162
505
760
580
817
140
141
367
630
638
650
769
146
147
148
149
407
408
808
446
648
277
345
636
401
410
475
703
692
678
302
411
786
640
163
167
742
773
774
776
777
632
537
274
169
245
495
661
821
174
175
178
179
361
503
504
806
212
214
272
809
386
675
681
608
187
712
573
192
193
196
197
350
471
723
509
798
200
201
202
287
733
620
206
254
624
390
392
393
574
600
259
363
615
670
459
642
645
654
520
521
657
476
561
697
698
725
747
815
758
225
227
228
542
823
785
310
339
385
478
671
672
278
592
813
708
721
460
490
491
584
764
480
617
677
779
601
239
651
590
306
388
439
456
626
699
634
282
738
484
447
260
402
588
589
629
667
668
609
797
246
804
706
791
553
737
258
807
269
525
575
628
578
783
267
597
803
552
751
666
587
748
822
739
482
753
297
625
669
596
477
523
499
572
551
639
789
790
311
560
366
464
816
618
729
349
557
754
582
717
826
788
663
324
652
750
828
348
558
616
622
741
611
614
610
824
827
371
736
500
649
720
732
761
559
731
792
793
727
749
820
690
765
372
770
502
593
623
507
812
585
627
730
726
799
768
704
711
554
644
604
452
687
800
655
818
707
684
621
686
705
