8009
2906
4378
2096
2721
86
3792
8442
128
1536
2749
418
1528
900
9625
1595
3647
9491
6196
6473
2050
5902
2780
10510
10153
2907
10277
4103
10147
8660
5362
5194
9623
9267
9832
9515
9137
3786
3430
8178
10580
8797
5856
3511
9239
4134
4663
4041
7820
9856
184
2830
9708
7220
7364
5637
4383
3154
7975
3517
2878
5561
798
10079
10296
6081
1576
3477
7588
1169
1191
6326
8895
4577
327
8120
4539
246
2457
758
4465
2690
8226
6741
6959
5634
8059
5382
5100
10486
3688
4543
8762
3749
10129
5352
3887
8590
9201
6577
3825
1740
2750
9295
10203
2692
6417
3196
8609
9374
8255
3855
1488
8940
7527
410
3751
4286
2326
8003
10499
6762
3960
6686
3356
4064
352
5064
1315
5955
9842
3032
8396
4548
563
8625
2808
8874
9346
8470
10012
10614
10459
5227
612
4928
3346
1339
2805
8613
5761
193
9952
9941
6726
9224
3798
0
4151
3522
6221
5813
793
363
432
2575
3374
1903
5256
1783
4125
10363
10396
2065
2051
3553
7621
9165
6353
1449
8817
1
4071
296
8527
8294
4289
7283
917
834
3294
8999
8409
3123
8466
4814
7036
2687
8392
1194
7966
10514
1123
6900
5712
6166
3398
5881
3943
7583
8807
2151
1360
5000
4149
10337
6684
9338
3428
4525
5442
6505
3221
10618
10440
965
8698
8352
4254
6998
5111
2042
7106
8717
4805
3094
4801
2384
8707
5150
5062
1613
3042
6415
5248
4211
7073
474
9121
4188
2067
7311
6547
2369
2017
3717
5237
7602
1134
9097
9983
1294
9704
6887
10087
4757
850
2760
9036
10481
7441
8800
6949
3896
1584
5780
10602
10126
7001
7306
5773
7390
4821
9658
1812
2137
1046
3554
2205
4210
3205
2404
9993
9009
4723
7896
3770
7637
2407
4545
2949
3964
5864
4982
4099
2865
161
4932
1646
9437
3442
2886
6497
4473
5668
9827
5496
1422
8473
7179
3570
5656
10136
3057
805
8581
1465
515
7180
2271
8571
6232
8608
3452
4053
5130
3827
551
8046
6556
960
7055
2766
7427
3054
2533
3794
10131
7095
5863
4641
524
2034
9562
10551
4798
7795
6835
1867
4730
7705
7044
3843
3806
3817
1628
10397
3994
7318
7331
77
3065
7501
3410
6776
7477
5395
7241
8602
7849
2113
1950
235
3337
7641
8845
887
5441
1822
4336
10273
10241
4108
922
6234
9720
3390
2208
6645
4884
5069
7209
591
9667
1793
3199
8537
3872
9117
4901
8961
8073
10311
8694
8045
9747
3539
4146
9298
7489
1675
5394
6011
7624
4842
1116
9055
3880
8927
1721
3284
9809
8382
4507
7633
6358
2056
8274
2578
10253
6003
3238
3995
8677
880
67
6596
10220
8670
9428
2222
8039
165
2414
10593
1371
10644
2197
9290
7159
5560
7109
1080
916
3415
4911
3583
6983
8516
422
7742
9380
6751
9974
1520
4991
2439
6125
5162
549
1848
3920
1795
8798
8498
2348
1361
3966
9390
30
9758
8283
7711
4030
999
6880
1070
4806
5005
8706
9132
4592
6230
1810
2232
2435
289
2762
9681
1259
2747
6903
8483
8811
278
3540
3018
8827
7549
3815
8514
8331
5882
2685
9535
1456
4359
7262
3605
781
2598
10081
3188
4362
9026
1124
3173
3937
10648
9264
7645
1380
2173
9958
9206
4261
135
8291
1205
10314
5623
10022
1770
10096
7990
6589
6297
1966
4831
9501
8088
10662
4897
7644
9586
8475
3038
3367
5614
6026
4034
3013
1927
1462
1122
5671
4728
5991
1727
5647
2987
6750
7284
6278
6233
3959
4615
902
5492
420
4482
8968
8177
9376
2038
1114
1638
2710
4696
10252
1171
2474
3405
7675
10521
5245
2667
6578
2121
125
9575
5583
9653
5537
5231
7827
1751
2880
3489
3095
1632
5453
3312
6303
7230
7452
2940
9668
6764
5954
7573
10410
9963
2059
6710
8728
323
8640
9349
3802
9094
2684
8506
2954
9141
1279
1651
5777
7445
9948
7356
8690
1898
440
5445
8463
9237
4874
9393
9371
4796
8773
4907
9244
10562
1930
3124
1180
6501
4296
7111
2237
8953
10244
6400
5388
8095
7104
6294
1544
4154
4604
1726
10068
5166
1836
3357
9356
5566
6552
7049
3641
1567
2258
8655
6636
1248
7808
7144
5065
3126
3589
1067
10631
412
267
2607
4192
2732
10181
6138
6164
427
3506
5786
9070
7012
4113
2599
9142
5247
9863
1665
6062
8632
2688
2753
6926
3219
8539
2261
5121
10577
6620
7541
4135
6697
6098
3267
7450
10380
1089
10516
5226
2717
6067
3804
2985
7531
10591
9458
4202
9318
5828
3808
4185
9377
9864
6032
1035
1482
498
9640
374
4226
2412
863
1391
4923
1943
9818
740
3636
2183
5208
1388
4335
3514
827
1264
7484
7706
2638
355
8417
726
3819
8106
1172
9555
2364
1100
2564
8153
5580
7968
236
2250
5221
31
5677
7532
9111
8482
5474
8065
4228
7890
7874
2634
5946
2438
6529
2745
3730
1214
152
7199
5301
6755
541
7632
6192
1228
7537
1785
5344
6184
3280
7760
5494
8101
3063
8124
4290
9252
3251
6791
3933
3851
9401
2563
1820
6434
1583
2499
7693
5193
8074
7859
5206
3360
3610
6106
6101
7642
1395
6770
5796
3157
8525
5624
6330
8093
8424
9337
6274
6477
3163
10269
5010
7074
4943
6973
5087
1767
4899
9712
5943
5876
3479
3427
257
8621
8435
6526
6167
226
1901
6329
4243
9816
1300
2983
4541
8852
5393
2920
6503
7033
56
615
9624
9426
4765
1480
2996
2601
4340
6688
6993
10395
2689
6302
4055
5775
2206
4750
2163
10432
10262
9733
2988
3181
390
6349
2740
2292
256
5374
1940
1293
1682
5880
1004
755
2941
1707
8987
1232
7140
7426
7856
2562
1542
3939
5324
5099
9937
9100
5778
8053
5328
9857
3763
286
4316
2566
10047
6135
9582
5339
2198
9959
6504
8477
10333
1466
8937
609
1894
8780
1614
2149
4442
8018
6637
9459
2347
8491
9520
9901
1999
2730
10326
1255
6866
7428
7131
6066
10204
3963
4214
6077
4061
3176
6879
1351
6996
5972
10373
9660
8383
10112
3652
10026
3186
4079
9311
2905
118
9727
6092
3884
3017
700
5020
1827
3086
3790
4483
9079
8588
8692
7438
3818
3189
5768
1774
1551
5797
2894
8867
8049
1603
2301
8789
6406
9062
6871
3612
5190
7521
490
3785
5059
8794
1988
3774
10149
5156
9547
110
7092
6561
5705
719
6444
6328
6661
6193
6435
5217
6941
3244
8005
2351
10456
9970
2919
8825
7787
2716
7748
4517
5874
1742
1408
6143
8558
10073
5178
3835
4523
6905
8559
10664
5549
5270
9227
9357
1833
9799
4428
1427
5818
8159
10626
3860
8804
1932
8112
5542
1276
955
6352
1299
8517
9988
2862
10362
3391
441
8488
723
7417
8873
3402
8634
10304
10619
6672
9508
10239
9255
4357
939
8097
5625
8696
7880
276
61
1202
4596
5731
6446
3083
3016
3901
7045
6127
10143
6206
9596
5432
9893
1231
366
5011
7680
4820
4414
1523
821
4836
9199
8875
8266
8034
8952
9384
2254
5850
4699
8273
5472
8731
4491
368
6150
4880
10011
8313
3702
2863
4
8301
2519
6616
6212
7344
2656
5724
7574
6178
7753
3958
460
7550
343
8306
2586
7340
6082
2362
7491
938
5643
10297
8379
4346
3165
3033
1644
10017
6953
9489
3002
292
5938
4522
4931
7884
3206
743
1014
6891
3421
7982
461
5089
8013
8714
7797
7129
10642
7894
10541
3685
1625
1336
10190
6411
8888
4227
7866
10255
2722
5383
1776
2720
8977
7661
7891
3073
1271
10583
1779
604
4687
9184
2253
3429
1729
3030
9734
4889
5456
3732
6347
3870
2252
145
7899
10661
8870
6849
5421
2751
631
2814
9918
9905
10290
7971
6338
4626
6246
5103
9737
10419
2748
873
4953
5203
351
7579
5464
4057
4007
5272
3246
5989
2959
6586
2323
8582
1258
157
8057
8768
385
6549
4720
9430
5463
9240
2079
2496
8391
7695
7437
8567
8399
2992
8378
4613
3495
3461
8231
8157
1321
1634
1694
8871
3703
8155
8868
6862
3436
2268
4721
6886
10114
3354
7995
2336
3439
2555
127
9410
7042
5745
3608
7943
4872
6145
1678
4298
8499
9784
2263
5939
888
240
7606
8848
10331
864
6217
6732
8328
5984
2803
2649
4021
3765
10480
8232
3175
7698
7280
6545
3453
5199
7138
7879
9056
9397
8439
680
2516
5307
780
3476
3133
2420
4571
5468
1849
4044
3147
9808
8853
6078
10085
179
10291
9735
5917
9322
6334
6383
4004
181
4310
846
4046
9688
3582
1040
2287
4561
9922
9774
7831
9754
4645
9930
3952
648
4388
2523
1238
9494
4253
7158
7994
9700
9375
2528
7636
5988
7117
8963
6991
6859
7289
9987
2055
1663
3550
8144
5233
4263
4753
7861
249
4325
5830
9900
4643
6016
1385
5862
6299
6717
9537
4060
1364
1197
4903
9057
3444
6945
7701
6058
399
1094
790
3954
10104
9378
429
2693
5924
2413
5621
8277
848
10515
4471
8426
5758
2309
620
2433
7200
6749
4865
8860
4975
4662
8030
7386
5407
7330
1235
5733
9320
9806
8532
9161
4164
3707
2139
3272
6001
597
52
1547
2756
10601
3533
7401
10478
10483
8280
10189
2402
9800
3677
9358
5038
5144
4810
4878
7517
7578
6994
2836
6538
5674
1278
10503
8545
6363
3213
2776
7032
10539
6168
4935
9353
6374
1075
3675
6421
9615
8395
5877
4611
6266
169
9453
4807
132
6687
463
10370
3144
10494
5291
9225
8918
4274
9150
3166
7181
6507
3255
7150
8716
4012
389
252
3512
2972
7449
7296
6931
1858
6122
1732
9772
2066
5703
1602
5017
5160
7257
2473
2421
6396
9285
4705
598
7556
8441
1965
4817
2115
1714
577
1585
8814
4563
3720
7662
8950
203
7704
6162
6346
8113
3526
3696
7141
4738
10424
1650
9953
458
1162
6753
1747
5559
9570
3394
9502
2552
10154
1666
2179
1200
7368
2936
8496
4464
407
5645
2883
8420
3747
6986
5912
6339
806
5982
3679
7750
9979
1856
6882
8629
4127
4476
5298
3637
9499
5188
8816
4451
5487
7843
4855
3848
4238
4841
437
9541
5280
5709
2107
5046
6163
1696
9894
85
8006
10075
206
4022
7725
3169
10094
7352
305
3195
10572
9186
8292
7233
7719
5722
3516
434
1370
336
7223
7640
5759
3973
4957
3847
8693
10421
1737
9693
8234
1642
8779
3211
3796
5838
2825
362
2060
6708
6030
1773
4280
4396
7317
5779
10117
2450
3686
8446
7350
3223
2622
5234
5884
7325
1475
4017
2480
9794
10620
9211
5888
9067
3471
248
2456
10392
7171
4834
10213
2032
9275
3105
7255
5686
1280
8951
3875
8078
1662
254
1237
7373
1960
6818
6663
7188
126
5628
3828
7772
7970
8411
3101
3644
763
4827
9908
658
6957
4423
10462
1106
348
3832
8375
9488
6839
8323
519
702
1998
3504
2103
572
7235
5605
10305
542
2769
7924
3618
10501
7544
3039
3591
1221
245
1615
3168
7696
6553
3898
10594
5071
1219
2668
8604
6487
497
7216
8518
7571
5070
5962
3705
1407
3948
9616
9272
5122
2875
6336
9898
8712
6833
2377
6023
2671
7700
1857
5597
5311
7656
4384
5522
6767
4136
6231
4536
3007
8438
4972
5191
1098
8755
403
6852
7142
42
7208
3689
4003
7136
287
727
8135
7183
3778
3690
4043
9984
5770
5484
7466
3020
7004
1350
6175
7972
6743
3130
9251
1859
108
672
7500
4133
8476
4707
2498
1457
10138
3930
8972
752
7357
9853
7807
7227
4588
4835
5002
2645
5330
10498
6804
6111
2861
6452
1786
1969
2724
2835
8859
553
2892
4272
4824
7076
7473
4448
4524
7812
2726
1590
8028
6362
6500
4752
3568
9560
5251
1139
6721
6280
1069
442
4712
10224
22
3761
6284
3586
7842
4093
8504
1572
10062
4962
2585
1945
8828
6629
8737
10302
9599
3462
1206
4731
7744
3893
3592
4772
4980
1424
4231
1120
7377
6724
778
5486
5711
5509
10185
797
9464
9028
4759
2418
7929
5086
3141
5577
1400
9583
5308
2302
5269
3446
19
5901
4038
1093
4685
4433
6282
1207
9354
4895
1556
9595
7643
9242
1330
2469
844
4856
8140
6707
5611
6508
6472
5377
7647
8635
8777
5287
1149
163
1880
6316
975
3236
4675
9781
9124
7291
1921
5769
6863
5875
7525
7404
431
1165
3015
2443
2015
7081
6554
8133
10377
1241
8826
8735
3262
5757
9138
155
8015
23
1655
1883
8719
9996
10581
9420
8600
10013
78
10027
4370
3106
3440
4406
3822
3925
558
1874
4781
641
9108
7782
5685
7926
1263
8276
4051
4587
6416
5090
10177
7595
3070
1053
8421
6609
2196
7887
2180
2284
5265
7895
8188
10653
6376
10353
590
1105
4308
8622
9406
10178
5945
2877
1621
4262
6848
4196
3172
9518
4818
3287
9434
9120
8314
5589
5510
5539
3117
101
8452
217
1283
5137
9050
9866
2633
4756
10489
838
2832
9309
3659
4809
3214
4978
800
415
6255
496
5216
4920
8862
3014
10431
6951
10243
9714
300
962
8974
914
8942
7513
9739
426
10414
4867
10548
5568
220
3289
10145
1519
4642
7841
4287
478
3179
1804
1962
9590
4579
8736
9445
9890
499
8580
10404
6824
6247
3412
1552
1807
1648
6601
329
3323
9611
7727
5047
9262
9718
5124
1133
2530
1643
4076
9461
8249
2
10160
5207
3523
3691
4618
4602
7499
1204
5033
7420
4084
5727
1935
2612
4970
6136
9140
6723
171
824
8668
8898
10451
8376
7027
275
10313
5425
4131
8305
344
2191
6113
3387
484
8809
6470
2961
5760
10344
3978
8170
7553
6984
6116
7634
3347
4268
9047
2161
4348
11
5372
2343
8451
9232
10645
6443
6681
1362
2167
9440
7462
2337
1706
5977
2061
9921
5782
9389
9177
7120
616
7560
4844
8742
5641
7614
4910
9620
293
2040
9435
5485
10491
2003
3986
5262
5476
879
3031
302
4940
6831
6160
106
4745
10517
2570
509
1860
3567
482
7802
5076
111
3450
2405
10633
3397
5744
6154
10533
7100
4066
10412
2616
2969
6671
6696
2565
964
1631
9919
664
3426
9379
5340
7775
2659
6394
1954
1676
4916
6867
8494
839
8298
7474
5720
8592
9436
4165
9332
9965
4052
8200
6665
8575
3985
10623
8167
5607
10442
1265
7011
10076
8308
2436
6876
9925
402
3617
7569
9312
9207
3868
9709
5116
2502
7383
5776
10263
5250
993
1146
8143
4422
4603
2207
1144
7529
2719
221
6952
2554
6979
3465
8147
3946
4474
3671
8129
4355
4085
9736
7728
2013
980
237
7465
3500
3527
2792
1071
5102
9416
9889
6474
6089
8971
3311
619
5809
5853
6458
10558
8838
670
6478
10110
9066
9614
9273
7949
3850
1085
928
4913
828
3122
6943
1379
4829
3613
5123
7828
9729
3265
4616
4472
1575
3012
10109
7228
7811
4734
5555
6758
825
3666
6322
5147
8991
7146
5431
5710
7232
4999
584
8289
2361
4915
1066
2782
4013
10218
6264
8084
5142
7020
9167
7854
9185
3888
1790
511
3193
2270
3619
7271
4062
376
1026
2834
4697
6272
2798
8685
8536
6735
198
5600
9686
6484
10596
10054
1982
6869
7766
3496
3956
892
1996
744
6614
3731
2635
4360
6799
6044
7946
10037
7022
5134
9561
10453
588
874
6466
3840
1957
9040
512
5219
2359
10043
10565
8846
8270
5529
7783
6420
1227
433
528
3750
1334
1493
2211
2611
1939
4367
868
6096
7652
335
4496
1633
9519
219
7526
6572
7687
2893
1864
9112
9881
1010
3362
8850
3320
4178
4415
3469
6997
388
8415
7809
1617
9858
627
4736
9218
7543
2874
2621
3493
2098
5533
6128
174
7201
5419
3654
6133
6286
8979
2965
6462
467
1512
8587
5313
2705
10193
5887
8354
8573
5622
4660
2334
6901
306
8969
994
9019
3372
4825
5016
9315
9553
6368
5181
7162
10656
55
4139
2839
10356
7672
8803
2841
1125
6391
3441
38
10324
970
8605
8541
6018
10156
5742
7089
1246
10643
4751
2468
5619
4843
10102
7867
3053
2447
3871
667
4297
4059
8299
925
679
3422
5976
2423
5094
1622
4564
1991
7992
8945
6642
9793
842
1854
4614
7221
3488
7639
4595
6241
2195
5679
7520
53
2494
7905
4237
224
10040
2155
1503
1210
10502
3338
644
1616
4850
3187
1813
1718
7251
1392
9486
6459
668
2215
2238
7063
1438
9063
3645
8359
2945
7206
7670
10434
6733
1687
2248
8272
10217
9859
8644
10162
7229
5669
10341
7287
9939
3099
6320
485
1719
913
5375
9845
5812
10599
2833
632
799
3416
10166
6289
6946
468
4800
8538
4269
3624
340
9656
3138
10286
4175
7148
5772
8317
5141
1225
566
6512
2063
7444
8667
1016
1161
4123
8024
10447
5068
5187
6676
9740
7650
9480
7512
5515
6310
10205
10288
9462
2755
5852
1487
3185
7862
7749
1959
2680
6499
4787
8180
133
2793
1968
5691
5396
8362
2670
121
4120
5944
1386
8241
2691
3229
10519
7927
6651
2521
2093
5986
5282
4462
6277
3915
3846
5696
5926
1196
7298
10526
7307
3183
8338
167
9119
9069
2440
4754
3164
2002
1508
3231
6757
774
4440
89
5254
7046
9556
9343
3687
7683
8221
8616
8085
9497
7143
856
5404
6555
7088
3447
6463
6103
3237
5446
5893
9391
4639
6319
5667
7960
5657
1429
2229
9144
853
6524
9091
8414
2389
2143
7222
2930
5074
2802
9589
183
3882
1554
9835
660
724
2313
2014
689
5543
996
10400
2273
3538
4527
5271
409
4716
5035
7126
7607
7763
1578
3990
7314
4531
815
10064
773
2134
10010
9942
2728
8591
2080
4351
373
6253
9748
372
5008
9698
6007
3055
956
9495
6713
6562
4653
4949
7058
4530
1008
593
1712
5360
5292
5556
3098
5785
9762
10077
8293
10270
8162
4746
1068
6700
6201
1772
8127
8203
2527
789
5683
8250
1868
114
2354
10458
10525
7503
5598
4718
8290
6807
8405
5171
2265
9538
7913
3298
5197
6896
5054
4538
4350
7292
308
6612
1095
6345
406
5552
6689
7600
8182
599
6535
1170
712
4657
10176
1669
829
4177
9977
2640
3812
3037
6682
8741
2381
721
2736
7132
10586
812
5215
10448
884
4768
1986
1244
6711
508
1031
3764
1819
6971
4417
6910
3143
7102
10445
8373
6653
9278
5337
8238
5077
2872
7506
5803
4849
6712
5829
1297
1325
7087
8336
2054
2321
3598
7627
10542
2114
2850
716
849
8019
7572
3788
5564
7648
9507
10139
295
10285
9126
4307
501
5532
963
8651
5212
3145
10576
3358
5140
8928
318
2999
3271
5885
6283
6841
5317
2995
7941
2859
6892
10221
7746
5859
8236
261
2609
2095
9466
6738
7964
3069
4680
8022
8513
5503
3674
1661
8572
2742
6881
3325
7873
2193
10089
5052
7961
4956
9049
10198
1946
331
5430
630
8385
9407
2304
10151
138
6344
7267
25
1545
1494
4981
358
6747
6894
9294
2025
3116
4513
4912
4468
8823
898
5437
8150
6207
7407
2654
5692
3919
2507
3088
8051
4877
707
4425
1309
9978
1766
1987
3742
1314
10621
3001
8813
8054
9886
6837
8183
5228
2591
9008
8064
3834
8715
6457
1153
10612
10041
903
2446
205
8748
9427
2679
4430
3924
4693
6427
6471
10295
6598
96
9967
436
5932
2994
6678
9412
8374
4158
7310
5285
748
462
10335
7848
1047
8938
5316
841
9532
10029
1700
2029
9037
3202
2558
8522
10488
3955
6792
6617
10209
2539
583
87
7516
3204
1472
9874
443
1421
4372
10613
6025
10417
6649
6706
8738
1222
8511
4184
698
10403
6074
1296
8721
8161
2858
6920
9717
6211
6830
4311
9364
5183
10123
6754
10124
6854
1748
782
3574
8709
1291
2477
10420
3203
8434
708
2166
10259
9283
6610
5482
4683
8048
817
2317
2058
464
5612
8228
10382
10343
4461
6060
158
7523
7629
1526
2870
5466
5037
2593
5297
5229
9287
1000
10034
9175
3149
8610
6999
1514
655
6988
1914
704
8321
5438
10423
5500
5435
9594
2428
10032
2785
671
2571
8615
3635
9618
7948
682
5098
3625
2791
1269
968
9851
6956
5680
3006
6514
9603
1507
3233
2579
2047
10268
10350
9766
4887
4622
2816
4124
9813
6040
2429
57
9646
4387
10574
3484
1808
10113
5992
676
6737
4729
7161
4234
5791
2088
9792
9877
1478
578
3505
10278
5987
5338
5225
3813
5467
3178
10530
10358
9872
10361
4929
7678
9366
10605
3962
4979
5581
9552
7198
2495
5755
771
9281
9828
2631
1267
6568
9053
1417
7582
10529
10509
4858
9105
8725
7962
1534
1329
7155
7931
5967
8530
8829
9029
2262
9812
5613
3913
7882
995
9059
2857
2422
7239
4266
8017
8720
9270
6372
1699
2500
6388
1652
5222
10512
5323
8329
8197
3775
28
10660
7800
5894
4162
4353
1467
3510
214
2074
586
5289
3341
1878
1806
7735
4115
1870
5458
5519
3547
6159
8905
4823
10227
3874
791
404
6813
1022
6071
7568
3224
6051
1311
8663
4779
8230
1994
9388
7903
9581
6796
9418
601
8063
480
7720
6208
4505
945
10095
4519
5512
7900
8312
6369
4371
4105
6141
3499
9749
753
1755
4534
10500
6441
8225
7592
1332
9348
1164
2525
2683
9442
886
4537
3736
5903
3784
5133
4283
564
669
7967
6816
3588
10099
1635
1353
9492
6704
8052
3092
3036
2290
2185
1104
2702
401
438
8447
5787
4727
3773
3756
2595
500
266
1405
4145
7907
8229
3331
10347
5024
3998
8388
6844
8932
9742
6846
4126
4094
1463
6442
1604
706
6962
4490
9601
786
1582
4937
279
6513
2128
2041
5277
6403
4374
5726
285
8681
3693
2374
1624
3587
9178
3259
4882
783
6729
8628
2049
4221
3865
8708
1423
7851
4802
8271
3485
4098
8055
2743
364
2390
1702
1846
4454
5244
10
8830
1101
9220
100
4994
4797
8339
3633
697
9703
5620
8163
4764
7822
2260
2694
832
10405
1771
5651
10276
9217
4255
4559
8349
4816
536
10219
6
6760
10301
7093
3080
659
7936
10222
4515
260
164
7079
6155
9323
2068
3254
1671
1756
3027
6305
9815
7542
1223
3982
9365
1402
7974
8973
8355
1683
2467
4830
10322
662
10625
381
6447
6981
1698
7196
5335
2201
3291
9125
7996
7411
5739
5658
7433
5230
602
8978
2493
7504
4219
107
8994
8801
5436
6670
7454
4395
9957
7737
4116
10639
3710
3045
1458
2307
7646
9759
833
5112
9521
3842
5766
1290
6798
6911
7757
8104
6197
6084
9209
9325
673
1486
5996
3281
9002
2889
8282
9577
8554
4075
3826
6475
8020
8324
710
6140
7928
1447
1828
5336
5660
1496
2851
151
8214
8556
3718
6930
9443
5957
1109
8786
4285
5697
9602
5595
10428
5615
665
6052
9103
3200
7430
2618
10446
5004
4481
6083
9580
1936
2120
6483
8068
6522
1154
6925
1985
2431
6964
10265
1919
7979
4302
10150
6915
6215
6820
633
147
10038
8769
4996
1443
10103
93
4349
6669
7806
9303
6301
4689
2504
3572
9302
4291
1229
9753
2387
9574
49
9964
7397
1007
7062
8287
1250
1895
5021
8082
8
8534
9261
8067
2947
3737
5331
6365
5774
9339
871
5058
3816
274
9402
5506
802
9573
6448
1354
5890
5558
1563
8242
4656
8386
7533
7998
8936
941
7732
2233
9687
9023
505
1928
3861
6583
417
4111
3071
2827
5460
10523
4573
9719
4086
843
5243
3234
5104
5601
8310
6057
3093
476
10271
5899
7122
1527
4110
10058
5931
2603
4921
10467
13
3256
890
9446
4955
8526
9751
6936
8500
2031
5009
8695
8368
5999
5043
10140
6375
10490
7587
6367
5716
9699
7231
2560
5763
991
3490
820
10146
2932
5981
6005
9844
7580
8357
9129
1304
6970
3025
137
1757
9243
6480
2177
4447
4331
1151
9912
9629
2923
4894
10487
571
3329
3011
6418
3800
9600
3627
3139
3542
6151
4197
1899
8360
1674
3385
5969
3404
661
1909
607
10056
6366
3595
9084
4755
921
6117
4625
8377
8295
4681
4087
3931
3972
5695
2490
8077
3628
3841
2318
1973
9305
692
6805
735
9798
6825
4875
10669
3364
10578
1565
8110
5734
1188
4581
8311
4544
8752
8489
2898
9044
3912
1320
4598
1131
2358
2926
4593
7151
4925
1922
7552
6826
5528
1198
9621
10567
4570
3330
10463
6312
7319
7993
9304
3738
1981
204
10482
9381
9076
3611
5911
8831
8156
2526
2226
1577
9657
1433
3158
10547
9046
8520
5319
4500
4466
9359
6889
1359
5274
9644
5675
2416
4822
10251
9345
819
2136
3571
2935
7594
8901
3600
2368
5872
6878
966
10518
7369
413
2130
9080
8746
5480
9153
10254
2458
10280
9090
3776
8648
3451
7010
2661
10632
3669
10352
8103
6674
6797
8062
6398
1006
8087
9871
3521
4606
2896
7872
4446
4326
3862
9526
4033
3616
3437
3443
1338
5948
4239
6240
1216
8941
1012
247
3667
2471
4027
5631
2584
6142
1535
10148
8919
1529
361
4118
4898
2738
5185
1434
2019
762
5113
6468
5320
5369
2937
8337
8109
10088
1186
9279
8108
6744
7060
4892
6269
8455
8544
5910
488
5051
4275
88
1052
4418
7479
3368
10030
9468
10460
699
3342
9767
8285
9777
9078
2779
807
5928
1217
3470
8061
2624
6989
9975
2551
2855
322
5018
10399
10174
8122
2075
4199
10312
9626
1464
7348
7768
2486
6916
9373
2807
2775
7367
718
7858
1177
3712
5306
9463
565
5599
8995
6401
7622
4661
8191
7916
6105
10049
912
4363
8413
6536
931
3463
5922
1065
9183
7950
10472
934
10318
162
9663
10025
3740
10005
5663
7250
6360
2266
7688
5398
3118
9171
8832
5642
9885
7090
7593
8680
2931
3247
10248
3535
1608
4000
2487
4584
8278
7699
2602
2401
10242
6546
8026
9022
4323
2912
7024
2783
9145
5034
7657
4789
731
1691
486
1967
2385
4870
3252
3113
8540
6715
2899
1531
1378
5019
5713
596
9780
10057
7371
3435
683
4599
5471
5688
8965
43
1254
9545
1394
4873
304
4846
4965
2646
3355
6774
10007
8976
10386
2629
5422
4610
3028
3333
2625
2991
3423
2462
3309
5869
1284
6063
8040
5386
6608
8139
6043
4679
4230
5548
687
5263
6102
270
6800
7815
9423
5039
7813
3286
10511
1474
9411
9870
310
5610
3894
6509
3047
1924
5152
3190
9802
3651
1003
7029
7638
5837
1889
6379
1510
10169
9838
8904
7762
1365
4742
7577
10659
10473
7586
7898
9566
5357
9015
1761
313
2451
6650
1005
1917
8075
10111
119
1245
7394
6248
316
9003
10101
9256
2099
7112
6073
2628
5652
5569
9869
7336
8550
10564
3079
315
9313
5653
5333
1257
7981
7986
1168
9980
4321
2298
5204
8327
7628
1949
6781
416
1654
7082
3781
6621
9367
8954
8497
3621
5284
10557
5563
4938
6969
7689
8211
10455
10505
9726
7953
6173
9457
3814
6014
8474
6056
6257
9722
3695
3836
7774
3599
5041
4989
8577
3408
2800
3957
772
794
10093
7205
2568
377
675
1096
2557
5423
2122
7078
325
3726
5706
9292
188
5898
776
10020
6109
6425
7391
8369
6275
2316
223
5341
1904
1600
6488
3225
1282
4470
4919
2366
9452
5845
8633
3883
4682
6519
3698
5092
9944
881
7237
3876
9732
2072
5929
7040
8410
9477
10336
2146
6597
9296
7096
1083
1009
10310
8754
779
9115
8704
5174
10610
7037
1272
527
5513
3646
8643
7730
2709
4691
9755
9694
72
1018
9493
4813
265
4045
7174
787
3845
4366
3449
6110
1156
6567
7999
7791
5626
4804
1441
4207
46
4393
961
9235
10216
8866
1199
8646
3603
7398
4408
1539
5488
6647
10513
2194
2269
2235
2934
861
3084
8058
215
2960
2550
6059
290
5392
7039
40
1884
5405
1537
6100
826
9868
1345
2204
10606
7021
5959
2868
6265
1119
1626
5403
453
610
9525
4954
7457
9400
8653
1912
9101
2218
688
3885
9619
7883
5848
8930
1115
6179
1942
8394
4710
384
3348
3891
9052
9723
7915
8688
1454
8802
920
2921
7248
6736
10105
5800
2489
1815
8485
8366
8423
10634
987
5854
6493
9972
3363
4235
1181
6410
1020
10369
10247
9277
3220
6847
4847
7511
3744
8467
4896
4518
4409
6861
9847
1182
1310
2838
857
2909
8152
10582
98
1701
8304
1561
2170
1875
8631
5662
8243
9265
9257
656
7197
9157
291
33
10617
9879
6068
6761
4392
75
618
9878
4097
4504
8566
1011
5575
2234
10611
83
9761
8885
1715
6131
5242
1045
5114
2548
518
5855
8900
7190
4633
8759
3127
4977
2955
1746
9506
7446
4963
4365
9910
3642
2442
9321
7555
8627
321
1288
5870
470
2639
3353
1882
8682
8269
951
1166
8654
4828
7983
4217
3534
8196
10550
2162
9524
7258
8519
2202
3107
6648
7382
3010
8193
6895
7919
190
7419
68
452
2788
10568
4497
876
7685
8089
6615
5180
9172
3230
10152
185
3721
50
1057
4339
8111
7518
1992
3694
3629
196
2000
7247
186
5359
9677
4155
3472
156
7805
3315
5993
10474
2989
6072
339
10229
4632
9095
8674
8684
6137
21
2957
4862
9024
2821
1137
8607
9836
893
10534
495
942
1530
8820
4010
5708
8764
6012
2449
7925
3864
1803
4832
7847
5241
9475
1538
3672
5578
251
5239
3411
7215
6292
6451
10250
4565
6557
9146
7918
9291
1318
3639
7353
2299
1799
2943
905
9441
5196
9460
6759
8202
3459
9334
9336
5608
5356
7019
2761
3352
1485
9483
10071
3261
1111
7653
229
9042
386
1236
2213
2948
1809
2320
5252
2445
809
5495
6624
10470
5673
714
8008
8734
3734
4156
8964
6613
7194
2916
5332
2767
2917
7976
3711
525
1692
9897
99
5823
5045
717
6287
4793
6966
3531
9691
2408
2118
788
4869
9061
7522
8916
5172
652
7329
5012
6883
7322
2581
6050
2133
288
3159
8184
9386
9702
3795
3658
10207
7816
8586
3991
9212
9713
7778
5125
8400
8843
3502
8562
9544
1266
9306
244
4976
3537
6623
9228
984
2831
273
614
10650
8286
4128
1108
5470
6976
10018
989
8071
4585
6528
9118
7824
9299
5916
7358
4143
1497
5066
4785
6397
7669
5693
1056
504
9971
6940
7263
1976
1980
1452
9352
7613
6582
5325
10531
3497
9448
8691
1824
6858
5365
6392
1331
4220
2021
1489
7313
6200
9268
5260
1302
1623
9961
5839
8151
1268
2010
3697
7564
8316
3927
910
8747
8620
6985
6429
8195
2675
6176
2845
1606
8126
8594
4026
1157
9484
1941
2576
8256
1377
733
6691
9382
2797
4549
10055
2801
4715
5609
479
10292
7631
9316
8096
795
935
4737
2669
8501
243
7023
6975
8454
8450
36
6845
5399
2036
9088
5825
4293
10272
439
3626
8957
8099
3917
10226
5937
4520
3965
8132
9743
9731
574
3216
9470
7286
2092
10194
1393
7443
4193
9909
6604
307
2888
8579
7904
4153
709
2890
2016
5424
9432
1609
6788
7835
1574
8849
8929
4608
4647
3601
2395
6430
7064
345
5449
869
8419
9308
3983
4791
3306
9534
10082
592
4401
4861
10360
2541
3369
4144
8985
6874
4885
1002
4259
4760
6314
7734
1580
6123
3283
7934
946
5630
3303
6220
3657
9643
9690
9649
1760
1167
9585
7301
10033
7418
3212
5179
561
8700
5210
7405
4644
5469
7176
172
4382
9572
6893
9652
8894
7987
954
7708
5952
1865
852
3584
6148
2512
5368
2891
457
8793
6787
9986
8989
8493
7118
1855
2035
5440
3543
5201
7562
4612
1657
2148
8461
1455
9408
7392
2911
6963
5293
1564
971
2711
5168
10590
4997
4024
567
845
4668
5635
10520
1287
1369
10409
576
1341
7408
3222
8596
1768
8599
4688
5820
2592
3026
6680
4811
9362
3424
2349
1906
8893
8521
8908
2484
8448
5985
10540
7137
1461
10307
7225
10402
2400
10393
6731
8408
8259
1667
8822
4168
5014
10585
9592
4416
9500
7413
2138
2069
8783
7889
7017
5067
8468
760
9189
7686
7604
2104
6309
2856
759
7403
9168
8478
767
8902
6775
4031
953
8218
4250
8165
6958
4379
10108
3313
7954
1418
918
3314
8909
6146
2849
4095
6558
10566
10164
1024
7410
7901
3388
2297
141
7224
8168
5545
7423
3375
9860
10116
7819
3908
3630
10658
6929
6423
7957
3108
8881
357
8361
473
2256
4664
8118
2282
5170
4171
284
1312
7069
2077
10544
2455
10125
9662
1340
927
8812
5576
10595
5381
10647
8697
10496
3768
4332
5452
7877
10485
1524
10274
5264
8469
5995
1504
3432
10339
8244
10573
2091
6130
10622
4338
9425
7985
8569
8330
3858
3332
6384
2655
1141
8503
4058
3977
5883
7923
7321
3811
2643
8880
8404
5640
7110
1140
10449
324
8975
8547
7425
6261
3532
4766
4509
2524
6065
7839
4635
2652
1064
9236
2241
5205
9204
7412
9158
1739
7591
9166
866
6783
5409
4560
5348
4958
1384
9139
3399
10072
5827
9533
2178
4803
3932
10589
1780
3393
3467
7751
8344
7416
7601
7053
2245
4204
4048
6746
5082
8007
6995
7380
7123
7238
7153
4469
7959
2291
9891
4032
7930
6657
9745
4317
9795
5951
6355
2698
4140
5380
2026
5847
7885
9873
2388
6908
1555
6080
4922
5783
6627
2102
3250
9819
4477
6008
3067
1593
6829
8138
6842
9221
4670
6298
2556
6634
492
4863
769
1442
4166
8427
3300
3425
7958
6537
1852
4631
3552
9558
5249
7846
7937
1415
3716
3491
1540
10303
8892
7315
37
2914
9776
4109
6389
2078
4983
2714
2274
3409
1775
1977
7952
720
5478
10415
640
544
10120
6124
5714
5604
9082
4883
8981
10641
10537
234
1975
9194
6405
9148
2962
6840
201
2842
10441
10430
3392
466
8652
573
2398
6965
1758
3839
9039
4788
387
9487
4018
8322
1440
7712
9630
6318
5961
6579
5148
5717
8425
1215
6625
6748
5
3228
3662
7366
8060
1887
737
10201
1709
1832
7135
10042
2978
1277
9025
10524
9678
70
545
7261
9516
6461
9465
7299
10188
3103
4264
8117
2308
3699
5821
7370
7389
8673
2846
6702
5629
7830
2826
8683
531
3400
1328
2510
8799
2240
4714
766
7823
7169
8641
6337
1333
3464
9982
562
9001
9511
1375
8765
9528
3068
2312
3414
5749
5508
2117
6974
2073
2012
3024
6413
746
328
823
6806
4102
10046
3290
3951
3713
192
10384
10300
76
9143
2876
3566
2817
10202
7173
7605
2517
1192
1557
6126
4741
4551
5659
8967
5253
2306
6856
3984
3240
8459
1044
3529
4206
3111
194
2293
10348
4232
73
8303
10059
7043
3324
10379
60
6703
10232
4257
319
1073
8819
9099
3474
2970
3968
8014
6079
510
9473
10364
5031
5361
10584
5048
6424
2329
3046
8083
8164
9865
3501
2626
6489
1078
2332
5540
2976
4860
1306
349
1560
1591
10172
7124
3853
5044
4924
2681
7709
9557
4719
3551
711
8835
9904
5314
9913
347
5743
8705
371
8561
8676
6948
8758
3288
4201
2664
2342
4236
5295
1077
4174
6139
8056
9162
9472
4868
4170
3304
2410
5462
4516
1664
729
4161
115
3132
2790
90
1499
4385
6742
4851
6559
10175
3961
9231
8568
3918
8509
2713
6933
1829
3328
1218
8912
5573
4775
4733
4950
5266
1050
5013
7710
1039
4106
6460
10588
8372
2513
7077
2813
10327
4902
3801
7723
34
3207
5108
9635
3807
7534
10070
10319
6565
10052
4282
3050
7007
2946
7014
5155
3904
9994
6112
6331
1121
9065
8335
2704
9191
9861
8079
6361
4260
3979
1446
8000
9682
7000
2272
1346
3648
1019
10106
8833
1425
2461
6433
4767
7355
7338
9293
3115
4101
5465
1030
9314
7333
5906
4794
2823
6202
5707
6990
6281
9571
3767
4222
7436
1138
7790
1281
4242
5491
4678
7051
2303
6992
3377
6709
2147
7226
9522
9674
6803
7691
5304
924
5897
1902
6491
10328
9797
3866
1934
2544
5719
7434
739
9849
5824
3483
5498
1984
6296
444
8247
449
8775
9147
2580
47
3719
9756
9947
4252
2144
6219
8983
6808
6351
1358
6324
7460
10210
3569
5793
8730
5822
1187
9181
231
7421
2924
8215
801
8782
1184
7496
5735
7031
8175
8743
4684
2614
8529
1251
10258
2399
8824
4132
3104
9536
3631
594
10555
2380
9006
2630
5702
7249
7599
5443
2279
1679
297
8776
647
8245
10044
7300
7302
8959
7755
7217
7327
10308
9830
7424
7814
3383
4251
1811
8606
2123
6563
751
8121
9421
8576
4224
6439
2383
8810
6306
280
539
1680
5153
1142
9250
10475
5169
81
1826
6851
396
7510
4934
8154
6153
2243
10008
10133
4995
7456
3873
8021
8788
7694
4553
9370
7535
2355
862
10345
4511
2514
7152
3544
813
1541
7260
2737
4926
6028
3513
9414
9259
7084
3389
5236
8149
5095
2168
6777
4542
1476
4826
8031
6024
6237
253
4529
9783
7385
10309
10080
2464
4966
9711
2794
5268
2847
4815
8703
9639
4906
14
10180
9785
6378
2344
3349
10179
4244
8222
3684
9676
978
686
4082
3299
5414
4774
1327
4397
2604
2371
129
469
4329
9578
3334
1789
2219
1099
3316
4557
8614
5418
7481
4574
4601
8114
10651
4951
4591
6279
232
7396
10452
3890
6273
8090
66
4918
2822
9469
4256
187
9229
4782
6656
10407
8260
2549
8711
816
1426
7855
6399
54
7888
1090
2472
1349
9233
3049
3926
6311
5391
5055
6414
5167
6276
8341
7660
10479
7067
730
7906
6819
9205
5701
7845
2984
10552
606
2824
3318
7455
3249
7195
8998
10246
5784
2286
3029
4743
1830
9551
3833
9326
6909
10654
1262
4304
1420
8364
6719
6144
8081
526
2968
3508
9127
6662
465
6752
2864
7378
10069
5511
5085
51
1342
1195
5420
9081
311
1295
10066
5666
7429
2744
8531
3854
5971
9883
1178
8637
8130
3562
1963
4479
9071
1015
908
6778
2990
4240
383
4345
176
9074
8510
1127
8659
972
3218
1213
4424
8806
2419
3076
9509
9383
2848
4535
1955
3021
8756
7804
1444
2045
6271
2508
10538
1352
8422
6315
9716
4449
3810
2452
180
1668
9005
5524
4572
4119
10065
8925
6191
992
6114
3678
6035
3276
7469
5358
5276
1483
4439
9651
5892
5416
4460
4512
9068
5521
3180
9263
8169
2227
7663
6152
8102
8863
272
639
6209
1403
6795
9606
6132
6293
6857
7121
7359
6531
8984
10009
613
4646
7984
4692
10293
4305
408
3156
3563
3307
7770
7065
5950
6980
5223
356
4441
10411
212
9837
6054
6815
8855
8603
8988
4445
2479
2708
2300
4876
7075
9768
9169
808
7414
3746
1072
8751
8176
2537
4674
7850
3824
9563
9613
2538
2376
2853
3656
6431
701
2370
5232
7546
8890
4799
1947
9805
9248
7565
8471
4786
9419
690
9846
6300
5878
20
5389
6036
9931
9579
2441
10629
6780
7977
1725
5596
10211
7277
15
7557
5350
5798
2285
3407
7467
9176
1498
2127
359
5747
6639
4402
9505
79
9969
8480
3454
3849
6904
1843
6147
9665
3831
428
9976
2666
8990
8189
5554
7264
10223
3634
7297
1234
8428
2676
3239
2837
3655
6409
238
9995
5489
1513
1432
2223
9597
3558
6087
7963
10215
9276
1845
4671
1477
5151
2033
7539
1658
1805
2350
8288
7951
9286
4292
520
5278
1492
3620
9548
9455
6332
4434
4036
3900
756
8213
7030
4271
1160
6897
4361
9884
10289
2636
1601
4988
6560
6533
2070
2087
8955
1376
851
713
8749
8661
6517
6734
2491
7781
2379
7461
1382
9409
24
635
8836
8913
4566
7776
7486
2852
4936
7091
3941
3043
5805
7175
9839
5530
7193
2774
7853
6918
5305
10476
8678
6002
1562
5451
957
5590
2176
9778
459
4090
3809
9855
5022
9226
7876
4676
9914
6308
8623
10321
6404
4343
6921
1484
6679
9085
6432
990
5096
2933
1641
8546
3243
9631
2644
5286
5606
2004
4107
10628
5050
2157
9234
4623
1589
8982
1176
7276
9807
831
65
2610
4028
10225
2789
4258
7071
3844
7086
8842
4203
4458
2869
7305
10315
5370
4864
6177
3321
5334
8854
1292
7908
262
7794
3673
7664
5507
5753
2540
2619
2678
1550
9319
7741
4724
4540
7070
3709
1450
2184
6699
4389
7667
7347
6938
5165
5737
1681
2112
312
9880
10158
2156
605
9539
6588
621
3136
5326
2929
4837
6955
4138
8727
6134
2057
9543
4368
8011
4992
8767
2169
1647
1061
6033
9188
1863
3530
4532
10388
8933
3528
3609
7909
4499
7844
2044
3945
3838
7395
9104
3940
6093
2224
1586
4941
10655
6402
8781
4137
7354
10600
5367
1145
189
6161
9990
2108
2904
1409
7524
5412
4959
4074
6773
7372
674
3594
7611
6644
1323
160
1754
1825
2295
5638
8050
3245
3787
9999
8636
5741
3928
4562
1431
8840
10261
9607
1559
2476
10579
9907
7018
4886
2356
7716
10330
4967
5007
6821
7316
2187
2372
9341
5650
555
7743
8481
1152
5427
4703
8194
3209
10454
1036
2966
5345
9096
9190
9149
7242
1412
923
792
3593
1645
8549
5309
9933
10257
4777
7332
3382
4790
4117
9399
3044
3253
1509
448
4301
9415
5198
3434
2882
5385
3987
10183
3350
9060
5896
5792
5327
8390
4081
2024
7285
1021
8732
3167
3056
7836
8548
7130
5730
6327
7947
5139
6195
6584
7409
7989
6786
2764
10667
5525
9372
9715
9075
4347
2703
6390
9632
3268
8172
3714
9529
7747
2647
7266
10429
4413
517
4215
9850
9746
2084
5457
6655
1896
7558
8702
10320
6199
8047
8066
5029
2071
503
3406
1594
7204
314
1733
8790
7459
3741
10137
6811
2700
5192
2534
5587
5371
1566
7431
10214
3771
5321
1993
9280
611
6064
10433
9102
5913
9123
7598
3856
4121
5516
6683
8844
7829
7538
8432
6570
6872
6268
2437
6158
8574
1147
1571
2958
9444
548
3431
10365
10192
7103
4795
168
6769
3153
3004
2608
5073
1208
9510
9569
10438
8363
5980
8092
2267
9876
2778
9288
1419
3936
3194
9927
8235
4648
3996
6785
3602
1964
6335
4381
454
9072
7769
341
7362
7234
1911
6765
4457
1313
9086
10492
7480
9092
9317
8956
10014
6469
104
2153
9664
8657
1155
5497
5444
6763
10167
8261
9549
9151
140
8227
9788
2008
899
7482
3545
10240
523
952
1448
10635
1143
2296
4627
8523
9671
9882
5523
3005
370
5299
1728
5968
1347
1736
7780
139
1356
2812
10168
4489
5840
6727
650
9763
299
1841
2915
2001
736
4456
7910
10464
6575
4419
10098
2425
4567
532
9666
937
8043
4986
4506
4129
5257
10236
8346
9685
6606
6260
906
2411
3892
9862
6426
3135
8787
9512
8617
6730
8076
5736
149
1596
5789
10426
2731
487
5956
1570
8619
2741
424
2048
3177
6343
8016
3458
4514
3293
4701
9955
9750
2982
875
9829
5283
2729
7673
8886
9588
1970
136
8645
9213
5846
6875
3683
9803
7676
7470
3241
6229
1086
4436
1888
2409
5504
3663
7567
7545
8791
6440
10560
3640
5801
7837
2620
6450
10130
4122
7399
1953
6380
985
202
4029
10061
1893
6227
7945
6225
9329
369
2927
10002
6784
4130
1175
8980
5905
3134
1972
2109
8944
10554
3061
5349
1103
4039
6218
7798
4163
7651
8903
1436
1275
1387
9705
2660
7278
2481
8208
6121
3971
5454
4190
1303
7759
3565
2251
9791
400
3227
8307
3614
7886
7281
7692
3264
6740
2046
1693
9058
7038
10349
8837
4035
7492
7610
10006
4726
6492
332
4638
1337
7796
8038
7013
8865
2594
3263
5676
4386
3326
8340
1092
2465
213
6226
4771
8841
6690
8931
8281
10366
4708
6899
2944
1659
5886
5832
5699
330
734
1023
2759
2542
4223
5794
4640
7933
7551
7309
5128
263
3909
9297
1568
8851
2053
2763
2028
6942
3653
2587
2426
1847
3035
3724
2701
3279
8402
9134
6385
5028
2879
9636
4486
7270
233
3137
9449
5459
8279
10237
9949
2023
3783
6594
3418
8543
5030
867
4114
5811
5182
4411
4819
9648
5738
4650
4459
200
1042
9179
8072
2373
10355
7463
9513
3942
4023
3793
6967
4279
2596
4848
3008
6673
1074
4320
2463
3681
3226
4706
10235
4704
2020
5473
1373
2674
8647
5157
5110
9801
9210
8744
7690
5224
3274
3877
1686
9659
7212
7134
6630
6626
6408
3344
8284
6843
5553
2244
7115
4334
8869
6822
7323
6603
8992
2908
836
435
2280
10443
7268
9395
10187
2391
9627
3789
3085
338
8190
1778
7308
6041
3780
1558
6550
3258
6189
9888
8671
7098
7920
8430
8701
2097
10028
41
8515
222
1548
4147
3974
378
4725
5294
6591
2432
483
5649
4694
7108
6530
6677
7101
1546
4709
173
9258
2132
3192
6377
2632
896
8993
7978
811
5400
1406
7514
2928
9517
9628
170
10416
10284
4732
7917
5723
10171
8739
1054
346
2310
1368
2522
1305
530
3967
715
8128
7871
35
5979
3480
6812
3121
1581
317
6095
2939
4971
1891
2658
10592
3308
6214
10238
4854
10119
6097
979
3155
3766
2294
9989
3585
8882
8318
1703
4352
877
1769
4891
7094
3373
585
9355
7186
589
2820
2360
142
4659
281
7254
6714
3969
7509
8601
6171
9938
1428
8665
4667
3989
5126
10323
2561
7054
7172
1242
3339
9136
6571
10527
5914
1958
1792
4169
7487
2076
9133
8495
8207
9152
4833
8878
3023
8847
9892
4011
2511
6181
10063
8733
6922
3327
1247
1639
10504
8185
2171
2276
6034
6088
3993
7938
3997
7192
6046
1734
5834
4942
3727
1239
7282
6210
1390
4070
9498
9822
1910
9481
9612
3649
10115
2453
6622
3140
750
1481
2993
579
2770
3361
45
10163
8347
4294
854
9471
7097
7406
7840
8585
6090
4905
3777
5764
2718
105
9915
10465
9821
8563
3059
695
9814
10338
9840
9770
8098
8437
4300
3278
1956
8119
6013
2771
4503
9282
9182
342
5143
7944
8710
5867
7202
159
8879
10329
6539
860
9368
8251
10184
7860
8444
7458
7554
9825
547
8343
4773
7002
5518
865
7875
10191
1948
9485
2589
4669
997
10048
6611
1763
6325
4762
622
2338
747
9523
4568
2573
7435
10107
4364
9113
7988
8778
4376
4569
8907
8275
6902
2181
4556
2277
6356
4629
5814
9032
6534
4690
9567
4484
9584
5983
94
10646
5433
4948
4273
5535
6428
4150
2715
4342
7881
9820
6551
1885
2225
5819
1610
8433
9360
7665
10378
10615
5109
10444
4893
1798
4792
1335
6053
2333
3728
3041
8134
4677
9661
405
4859
3590
9757
1713
6947
847
6548
738
4521
6935
2606
9554
7597
9960
1521
3082
6254
6290
2470
3401
10354
7478
8962
568
6705
259
10627
2393
5602
10283
9433
7363
3433
8618
10231
9
9564
1062
333
5202
1113
4634
8210
2322
958
3546
2164
8774
5781
9173
2672
3914
5081
7052
4006
9724
6934
2327
3365
7764
8464
3078
2064
5288
7048
2124
1907
8440
8638
9392
3335
1372
3215
6543
10603
8240
4091
1873
4968
5684
3753
211
6739
5752
7393
891
1032
8332
4630
9331
10609
6149
7682
2574
4492
9223
1201
1076
1079
5040
6932
2278
560
2871
3704
4649
7878
977
7056
8589
7788
4069
3722
10381
10394
10340
8753
4014
2217
7057
4672
10598
909
4501
4552
1029
4337
3473
5461
6885
10031
3269
3715
5644
623
2975
7015
5296
7726
1051
8914
4888
8557
9417
3378
9852
5049
7623
6722
5795
1129
1974
2819
7939
9327
582
282
5501
5387
4141
8158
7789
8507
9540
3077
5184
1636
8041
1640
1397
1629
10608
8002
9350
2653
5949
6939
7497
5550
9045
5390
5119
7272
9249
95
398
10624
7566
8943
2752
1041
3201
7718
1289
5517
5402
7061
26
2605
7590
9787
9638
5238
4208
3273
4939
8345
10281
6157
9923
703
6118
4100
5176
6205
6479
9503
3340
3664
507
2214
9617
471
2497
10497
1240
9110
1435
8996
9985
2509
9917
7006
894
6853
4299
5117
646
1025
6525
3445
1249
8726
2815
1049
4200
8145
5765
9034
8551
4104
5541
8722
5351
8044
5053
9546
4187
2665
6370
1708
1048
2216
334
1933
7684
9843
4695
6836
9608
8948
7253
3670
6817
6664
8686
6104
4205
5490
8595
7244
8750
7168
1897
1913
27
8770
2363
9219
7464
3487
6668
8029
4358
9310
6914
10587
9200
1533
6725
6573
10383
10561
7439
9160
4369
5281
3345
9266
9899
1627
393
9920
1389
3976
4167
9831
5346
1838
1743
556
3097
1189
6779
2192
3733
5721
9031
10228
9692
4945
8268
4784
5061
9689
9490
7388
5353
264
8263
1102
3494
4341
8115
130
9164
3556
5933
2572
9344
7697
2942
1034
803
1367
3949
2918
4212
10569
8265
9438
7724
9981
3102
10083
10342
10142
1233
2444
1797
10275
4049
9527
6541
3561
1588
2483
7025
5725
932
3580
4655
9789
7191
5965
8429
8418
4617
8205
7163
745
4658
3292
10024
4475
8958
5729
5665
3597
6216
10401
6455
3762
1185
6120
5806
5998
9896
5025
3897
546
8125
455
394
1107
8771
1938
8358
3119
4195
7488
8246
2712
10657
5582
1791
9998
9429
7715
2081
9675
9439
1569
4673
8100
241
684
10469
5072
1688
6437
4399
5450
4686
2884
120
4180
8351
4698
423
6238
3859
4435
1532
10325
5843
7771
986
9196
2239
4628
5799
4249
3548
6495
3743
6877
1649
6188
3857
8718
10159
4246
5936
9093
7792
7784
3650
1741
6972
3525
8219
5904
10652
9087
1923
10484
3916
7777
2547
7187
7575
7717
4179
2289
10157
3881
7589
624
9823
6745
6465
7451
7817
4400
7182
228
7548
4637
2695
1203
10559
10299
9020
5570
4589
350
9254
4739
7494
5907
830
5322
6129
9943
1324
3019
3578
5646
600
7402
3492
6640
2022
6341
6055
5835
5728
301
2553
1872
3210
7703
9730
5879
225
8212
8887
9041
6605
5592
5408
8689
4480
5817
6357
6527
10436
367
7026
2799
859
8923
3371
10122
7495
3999
4582
6039
7293
7177
5536
9744
1835
575
8174
7779
39
29
8348
5502
5857
2339
3003
557
9906
5315
1673
7617
1881
6850
2027
1453
2210
1711
5973
1801
3902
7721
1363
8560
537
9875
8896
6393
2963
2212
4624
4186
6823
1599
5815
1516
4319
2567
552
6590
6009
425
10427
5681
8763
9514
1920
6288
6250
1840
2922
10437
446
365
1501
6454
768
9887
8839
3275
9695
1307
4812
2895
4284
3064
1490
1317
4437
2259
9163
2866
9576
3379
9669
4426
4547
7731
6223
6222
10287
9786
6304
7570
4554
5493
5159
4092
1028
71
4578
8785
9369
2997
6532
10298
1088
8883
775
1620
4431
4576
764
8248
617
3607
6834
9333
9550
10092
421
8004
10374
7440
3615
1459
1685
2979
8630
7483
1243
678
5808
9911
7339
3576
6544
8724
534
7745
9195
1710
5579
5802
4636
5032
5700
5213
9706
7274
4964
3622
4152
5750
10317
9741
6317
8533
91
4652
6520
8401
5670
9728
5698
4495
7324
6496
8416
472
6165
5565
7170
4778
6600
10294
5748
2100
6652
7502
855
3975
4148
10127
8857
8792
2264
7603
5842
6048
1916
3468
7584
10616
6654
5439
4142
895
8166
8262
1027
6599
6204
7498
9187
749
8486
2150
8679
4318
4344
5161
3708
4974
9946
2315
1717
4157
10196
4961
930
7243
2154
3151
3066
5036
4654
8593
3805
1117
4808
7116
6888
7612
10016
2768
2101
4607
6574
983
9992
3700
477
9647
9804
8224
1925
6419
5154
10003
2140
9752
5027
7785
3128
1990
1273
6194
8309
10375
587
5164
5740
7294
626
4404
8457
2977
150
1517
2188
10532
8947
1834
303
4763
7290
3725
6756
1193
1260
10607
9622
3938
3760
10418
7154
7303
9991
3260
7609
7246
550
8315
5481
765
3981
8675
6542
6628
4309
694
7345
2281
6019
2699
9940
6772
3509
4354
3170
8642
882
1298
1001
4420
6017
8254
2325
2662
10260
741
919
3661
1112
3232
2341
6693
3171
491
8302
9479
7343
239
4478
6262
7374
7825
3692
2125
3438
3182
4550
1684
7448
5302
6020
1319
538
5964
5447
9230
5026
5866
2531
1587
1660
9956
1598
3899
5355
4025
5851
5175
59
3110
1110
10471
3396
1087
10575
8891
4073
6027
5477
4651
6490
4050
10535
10230
9159
5411
7342
10546
2257
2030
5557
1253
7911
9605
7821
5240
8966
8201
7922
8233
5342
3755
7041
5849
5788
2492
9710
6602
9012
1850
8253
8479
4159
2403
4375
5873
2971
2247
6685
116
840
2810
4533
6387
9260
6789
9198
2083
6982
8986
8204
8389
1851
4303
5318
1505
5947
1677
10563
2129
380
2288
7608
936
4040
7752
3081
2806
9811
8757
3886
3455
4586
2765
10245
7655
208
6091
7616
10039
818
637
4390
7980
5273
4747
6085
4068
742
1470
10118
7649
8326
5958
6031
657
7818
1301
227
10208
242
1261
191
82
628
1759
4080
8023
3729
6960
1877
3560
949
8300
4909
494
9609
277
6373
7942
9027
2018
10051
7677
1764
2160
8412
651
124
9447
5200
6422
3575
8570
9950
1445
10200
6828
6449
653
3906
8535
1653
6766
4493
6107
2840
8672
8296
5434
4558
1173
6350
7114
7059
5211
9246
2772
7050
1468
6632
10015
2903
9824
4444
7969
1084
6213
2559
3524
10035
4248
3701
9966
4546
7105
6267
3051
9826
3557
9482
10050
3581
6486
9073
10390
2105
7349
1989
9684
4077
9916
5163
2725
7547
9673
8805
638
7493
3921
2986
9773
9170
9048
5672
9568
4427
5617
7635
3752
1399
10264
5042
5401
2583
4213
6695
3380
2897
5135
2623
804
2090
5259
8796
8723
1983
4412
6675
522
10266
9587
5925
2613
6047
6585
3579
3417
3184
7864
146
7119
4927
5534
10023
5214
6069
80
2182
3072
2786
18
3507
4276
5562
1220
177
5097
8086
6045
1502
7615
7869
6898
5255
8370
4621
1765
1672
2910
5115
9928
9721
2367
9269
1212
10604
3910
2094
8906
2116
3596
6927
10398
7213
5970
1788
998
7833
5146
4330
9810
3466
5079
5514
1630
10450
7674
6631
4229
1326
10461
5001
5636
9245
10408
8380
2657
9769
5861
9924
8745
2843
7265
2152
2597
4327
5618
5505
1174
3336
10346
3911
4990
4838
5807
5865
4380
1355
4083
3879
6482
1784
691
7384
8035
7863
6323
785
7160
5921
3160
3748
4225
7214
7107
9760
5149
5063
1135
5483
1411
2172
3799
685
5632
8997
6333
7528
1469
4485
4182
6906
4410
5762
2811
6456
5189
1525
4407
8116
2110
643
8142
5908
3277
8252
6646
3660
6592
1720
9035
4295
3745
858
10413
5715
4019
6070
6580
2950
9968
9300
6187
2953
8010
6633
814
182
3638
6494
1179
5648
2319
7165
3060
9018
7236
988
10086
6832
1735
6295
10570
2981
677
10493
1995
9106
8025
4065
6042
3034
10091
5131
2311
1979
4281
2758
9422
2006
5935
6659
9051
6094
2424
7400
5056
7210
5075
7468
889
9351
5746
3632
8861
9253
1753
7625
3100
10161
92
7761
9997
6667
1908
7530
8760
5106
9655
1348
8181
4063
10067
3305
5858
2460
9203
4047
2165
5831
559
3606
1357
122
7702
8141
4054
216
9962
10649
354
2795
6716
10282
6809
5520
3174
5312
2454
2230
9154
4172
502
4377
3198
2913
9342
2106
4270
4403
1159
5974
9775
8508
3555
3541
2396
6381
1037
8032
5479
3668
5594
2600
3009
2663
796
3062
5527
10522
1890
8920
2459
3564
976
705
9680
1876
4904
4947
7240
9670
2535
1796
10100
9413
475
2735
3296
9135
6364
7083
4042
8699
1366
4233
4160
2175
9155
2648
6928
3074
148
5586
6263
2131
7834
6954
10165
8462
3475
10371
4665
1553
8407
6961
6701
9064
2375
6291
2796
1951
9241
207
8206
4998
4508
3953
7870
1256
4713
4394
835
5790
7432
9951
3089
131
7707
195
9017
5572
1081
1060
1401
2365
2466
5531
4001
5406
973
9385
4526
7295
1861
3366
8381
5997
7955
5329
3403
10637
7576
2386
6049
10351
10021
493
2330
5889
3242
1926
2543
6919
9033
8922
7361
7475
10439
4002
6802
1918
9848
1618
870
1374
9010
6464
10663
7304
1704
10074
608
1929
3319
2617
6236
63
7273
2283
10357
4198
7540
8795
4917
1744
4009
4717
392
6498
5633
7740
6244
2111
4176
1416
3947
5816
6698
6183
2885
3739
1869
9387
3922
10508
5279
1781
7376
3680
6977
7312
3343
74
7654
4960
7320
7219
7365
8960
4620
6180
6203
8856
2706
1931
1731
7157
4761
3191
9361
1892
44
4191
7139
9474
2353
9238
5751
5960
2887
10495
1055
1224
3322
7897
4770
2039
7009
7379
7387
10195
4015
10457
10316
4005
2406
8772
4438
3460
8872
521
1716
4857
379
8910
2637
5934
950
4930
2427
3820
5376
3148
5942
3052
8445
8564
4944
4467
7561
7991
9476
7714
6313
6607
4078
4088
4700
8650
1724
9454
1130
1794
8398
8484
6086
10387
4498
4839
5639
5810
6814
1491
5860
5718
7471
8012
6010
3970
5841
10279
7381
9764
580
10597
5347
2754
10665
10545
1209
10249
8465
9456
9174
6511
9833
6190
1128
6950
3235
6099
3769
445
9043
1473
175
7189
2545
10668
8353
7275
7066
681
8217
6855
907
7003
9307
9633
3448
9403
3301
153
6540
2951
9107
7360
1286
9116
7668
3152
3087
2089
7005
2159
6076
8403
8505
268
901
7072
4900
2784
7256
1097
1158
4555
3515
9591
7799
2142
6593
3549
7902
3048
5415
1163
9672
1745
9654
4852
5690
5754
7085
6768
3317
967
5379
7259
1821
4455
4324
58
4740
10212
5084
112
7793
8460
3162
3297
570
5975
1871
3895
1619
283
3934
9405
725
4575
2515
8761
10391
5567
10182
309
8915
3112
9122
3498
9926
10507
8406
810
4173
6371
4711
2392
5920
3208
10422
10060
2901
8342
3863
535
8297
3735
2844
7838
649
7997
8042
959
9208
7940
7935
5258
5891
5584
10640
6467
761
3772
9634
7681
154
1844
1752
4315
4769
7865
3125
3559
7
2397
5267
6913
2974
1886
419
2773
9021
7713
5209
6395
2723
7178
3075
6618
9109
6382
4356
3929
1818
271
2967
10078
4749
10466
5195
3837
391
5173
9530
6873
6912
4313
7559
1013
7269
2488
5428
9083
5448
757
6865
4037
5091
10425
770
2417
10549
2482
1866
4783
2174
5373
1787
2228
8611
7328
10199
3285
10045
5093
7914
784
9796
1043
5410
7245
4450
8186
696
947
4879
1308
2582
5571
6860
4067
8365
2352
8187
2734
9854
4594
1695
258
8453
10233
2642
1971
5963
6581
5915
2126
8512
7422
7211
7932
8924
8094
84
430
897
9467
1343
9192
1252
6476
7596
2998
8666
10435
4722
4908
10256
6638
2189
4510
7288
3867
3577
4183
6354
197
4453
1579
3923
10234
2952
9340
10406
1749
4016
6169
654
6923
911
9156
4580
543
7767
5129
2686
4328
2220
1915
5919
6182
7508
326
1506
3
9011
411
9330
2873
2860
8223
6810
10173
6870
3120
728
4735
6029
4278
10666
2900
3040
6576
9038
9431
8173
109
7047
8384
298
4247
9867
3823
3413
7619
4421
3386
7733
8387
9902
8350
360
3266
3758
9782
2818
4333
3248
397
7658
9504
1522
4241
1937
10636
5060
4890
3096
929
9701
9450
7756
5654
103
2086
9000
5678
10053
9642
9696
9098
166
1611
6108
5426
948
5655
8171
2209
883
3150
3643
451
5546
9604
6243
2346
7620
2787
5909
199
2190
5756
7127
7826
9271
8555
2199
6720
3536
8884
10556
2902
7671
9247
3131
1270
7912
10004
6245
2973
9013
4072
113
5080
8502
2733
1592
2867
7080
6224
8639
6635
7016
3022
513
4181
8490
554
6518
2804
6000
5300
6481
8864
4840
7505
1471
2881
6022
5120
926
3573
7218
6239
3457
5145
1831
3759
4502
1944
8458
9197
2378
395
2964
1802
2007
9478
2448
5918
9214
3980
4373
1738
2231
3665
1597
8091
2529
7279
9834
6924
2236
2641
2203
1451
7149
6340
3852
1404
6790
5953
8199
3829
8713
4881
3000
4277
722
8148
1543
5455
10144
1058
69
7956
5603
7736
4463
8584
4583
4306
9030
5290
10389
5804
5588
2119
8740
5136
6801
4952
5107
1837
4600
5310
10197
943
2938
3623
8598
9531
6666
6249
7337
8669
7765
9202
9215
8449
3903
5057
10528
353
3905
1762
5118
4398
294
7485
8597
7507
4987
4312
4020
6038
5235
2677
2520
3486
9895
6523
1118
117
1226
1705
8431
5771
6564
143
2085
6510
4405
9274
8808
8934
7585
4853
9004
5366
7739
2382
9598
2331
6907
5687
4776
4452
7490
6321
9007
8325
5591
1782
3478
9565
4265
7857
6436
5354
7128
9496
5138
3310
10506
10132
178
9707
8198
5844
8136
2141
516
777
7801
9973
8818
3481
1316
1814
16
7334
3706
4597
7666
7184
7832
8939
2828
837
3676
9934
533
5088
1637
3395
8899
6453
645
8926
2478
6794
2651
1839
5941
9284
6359
3142
885
2221
4494
7773
2009
48
8858
4096
1690
666
1413
8131
64
8528
2345
1383
2854
3456
1607
5003
8123
481
6348
595
1211
2135
3351
1230
1817
7630
8492
1605
2682
5940
5363
1500
904
2246
5627
10084
5023
1344
8209
529
5923
5526
7164
3782
8070
10372
9645
7351
9817
9130
2052
1777
4008
4391
4267
6782
1656
3295
3270
218
2005
6438
969
8001
7868
8626
8834
255
3381
3359
1978
6660
7472
9683
6004
8664
1322
10367
6485
10468
8542
6342
4933
9396
2757
9394
5499
9679
4528
3109
2043
9932
6252
1091
9131
6006
9077
3757
414
2809
6185
1905
6587
4780
3197
8037
6256
6978
4488
4443
1150
5544
8456
7028
6521
9697
3604
6037
10334
10571
4209
10000
7515
5689
5978
540
8917
7156
269
6115
9289
6172
9559
2324
2781
2505
4216
5417
6186
5927
5246
8069
7034
4914
9180
981
2430
6987
4609
489
447
4871
8784
3370
5538
3869
8105
2062
3797
1495
5006
6259
5384
3282
9128
230
9945
7147
8921
10553
9328
1722
7581
5868
2777
7810
5585
6251
872
2569
506
102
4112
1439
5682
9903
4702
5078
1670
1862
8612
6968
569
2158
5895
1573
3090
6285
8393
3889
10155
8033
1132
7008
6228
10036
9954
8935
8367
2335
6864
982
915
1723
5083
5833
6944
3146
4432
4973
8729
6694
9542
62
9765
6270
210
2357
4969
9114
1952
3830
1460
1430
10543
1136
1515
1853
2532
3161
10477
4322
4946
3519
1842
2011
3376
4194
9347
8264
5732
8258
754
1063
8192
1823
2696
7519
9841
3821
940
6156
5261
8220
5218
1900
7113
7754
8970
3419
1879
3907
5966
3114
1518
4666
4845
636
5132
10630
9779
1750
2536
9016
8487
6258
6407
7375
6307
10134
5101
8524
9089
2415
4189
933
2145
6015
8815
2727
8027
2707
6021
8333
5930
1285
2925
3723
9593
822
1511
5551
5397
8565
4218
878
9404
5015
9301
8649
8239
642
1017
1437
603
10536
8662
3482
3384
8237
2746
7335
5177
337
4314
3944
10368
3129
9936
6515
3058
4288
1082
6174
4866
6412
7563
8897
7803
2340
8146
2242
144
625
9398
5105
9193
375
9790
9216
10121
1190
6718
2475
4744
9771
10376
9363
2485
5158
5186
2037
8656
7252
9014
944
7167
3420
6793
7447
2673
7729
10306
5994
6445
134
10141
17
10267
8946
1059
7145
8578
7893
9929
8766
2186
7068
2255
2200
3935
5574
10332
6198
1381
7738
4758
7476
6884
8267
4619
1398
3878
7965
693
629
3988
9222
663
10097
7921
5429
4590
1038
7536
2275
8216
2394
6643
382
9324
8397
4245
6658
2980
7442
8334
8553
6868
3682
2577
1800
7786
5767
3950
3257
514
1730
8443
7326
4985
2588
10359
7207
6917
7203
5871
10090
7453
9335
1148
9738
8371
9650
4605
8658
5364
1274
209
3302
2590
8583
1033
10001
6506
7133
5593
10135
5343
2829
6242
4748
7626
1183
1689
6170
8911
10170
10128
2314
8889
4487
10638
2249
4429
6119
8877
1126
8472
4993
8624
5694
6838
9637
2697
5303
6075
97
9641
8876
5475
6890
5413
6569
2434
5826
5704
5547
8436
9610
5220
2627
6771
7035
250
2328
9054
8687
1961
5990
6386
6235
6641
1410
5661
2739
6619
1396
1549
10206
2501
8080
2305
7125
10019
2503
6566
320
9424
8552
5616
8949
32
6937
2506
7166
3992
3217
123
9935
3803
3503
3754
7618
7185
450
3791
3518
6728
5664
7722
1997
12
3520
1612
8320
2615
5900
5836
2650
6502
3091
1479
7341
8356
1414
8137
6061
2956
7415
8257
7892
8179
5275
8107
7099
1697
4056
581
7758
10385
3779
10186
7679
4984
1816
634
6692
6516
5127
8036
8319
8821
2082
974
7346
6827
732
7973
2546
6595
7659
5378
9725
4089
8160
2518
9451
7852
456
