1309
1321
47
125
5315
5337
448
787
45
454
109
5332
103
791
36
68
5342
55
451
106
108
789
1313
995
1334
98
788
86
4753
57
64
1310
806
1506
492
78
1336
772
158
163
84
780
7052
3700
1077
71
260
6442
5437
60
127
5343
85
190
509
1014
7056
919
541
191
7002
122
5532
93
6773
145
3717
794
655
4244
4398
7427
5754
50
3721
116
3714
1385
137
7051
192
487
70
3724
434
7161
7360
5534
91
5409
131
7426
3307
1630
90
151
16
1492
62
3319
453
1848
6717
1847
429
2
539
996
435
195
239
616
6947
7199
7876
452
6771
4199
1839
1226
6921
7200
7490
4895
1372
432
10048
7948
6782
1338
8759
6445
6941
6670
7890
6777
5195
7169
3948
7054
83
1660
8215
1215
4805
7006
762
568
804
3660
9090
790
8768
6785
8596
130
8425
2771
7879
1206
792
793
1626
1275
3950
9244
8757
97
5351
144
2080
1499
1
546
5213
3684
5191
766
998
1039
1399
6792
8405
1515
9865
7893
1177
850
1320
1195
885
1365
1317
8506
56
9309
1485
6828
8583
9907
9372
9165
4185
3662
7877
7959
1094
1331
8662
783
8543
4772
7953
476
8130
6557
5857
110
1342
101
7659
6380
1608
1219
3518
5355
5816
6395
1512
7757
5212
6668
1716
544
4313
829
886
458
981
7425
1327
862
960
3798
15
4229
6833
4279
1212
1559
8625
774
9413
3323
7651
768
9294
4241
6733
9142
1677
4216
545
1329
1004
7412
146
5242
6011
8523
7672
7470
6783
5554
589
1079
7265
4263
8616
3872
8179
986
8838
6366
875
656
9823
1524
7927
3459
6461
77
4897
6703
8128
7312
8885
610
8127
7154
9555
5395
10026
1216
72
7455
6245
8761
1249
4296
1225
7944
1526
7883
35
7022
658
1360
10036
1009
3661
1155
8766
1411
9730
8149
7771
1095
629
1208
7895
5944
3716
4749
4282
6423
6015
107
1008
1455
911
1390
7506
491
777
9223
1081
69
3828
488
7891
8861
1274
6764
7536
9366
8285
8763
30
53
7758
2116
611
4382
4170
1583
1851
7886
7707
49
1350
266
1550
1422
1058
6702
6006
1440
5563
1010
1842
4778
7882
5192
8626
5338
1973
844
612
873
1228
3873
5357
6512
6098
1564
128
485
8775
630
10021
4305
2309
7451
5194
5365
7378
94
406
3969
3568
628
1549
10229
899
5334
9879
1214
5393
10189
10381
2591
3715
6772
6791
9139
10209
799
819
5345
6926
3682
1186
6364
1375
1815
2633
3460
7385
8420
9407
9125
7779
7885
8324
9148
59
102
859
2710
462
481
3650
1504
1191
1210
1561
8122
8191
4787
1774
3374
5956
7439
8489
7012
7949
10131
778
2085
79
1899
5389
7873
6991
894
3576
2598
8769
1245
2696
8208
1535
1661
4245
4306
9904
5813
5544
7018
9401
7968
8758
1374
4242
225
8711
4203
1563
2285
689
1184
1055
924
6014
1265
3995
1558
1860
7795
4781
4871
7887
9181
8767
8772
9425
38
830
631
1728
478
472
5397
2611
637
834
5408
900
984
1179
1221
7945
5531
1555
1410
6001
1510
4208
1642
4255
1802
3490
4286
5624
4720
4769
4804
6807
7701
6781
6799
7965
8953
7453
9288
9327
7658
8346
7929
8804
9591
58
4764
941
6454
510
524
1552
1424
7434
769
832
1857
982
3573
1076
1100
1181
7747
4251
1289
1373
1596
1546
1498
4195
4343
1598
6424
4338
6763
1840
10396
2324
2566
3719
8139
9708
8182
7761
5216
9036
5709
5957
7774
7444
6787
6848
7070
9616
7499
9610
8152
7686
8649
8371
8383
8699
8976
9132
9351
9390
499
87
6592
6041
5724
7940
6046
449
540
8185
1449
8216
920
4068
10294
10518
3308
1833
1182
4807
1194
6019
7108
1271
2093
7854
7697
4205
5377
1841
1844
6287
6651
5682
7866
5372
3563
5358
4218
4330
7182
7112
8088
8404
8778
7859
7171
8222
5317
7727
9651
6248
6631
8418
6705
8101
6775
9628
9126
6835
6851
6864
7802
7168
9518
7383
7569
7808
7928
9918
8646
8948
9357
28
54
63
81
113
132
149
159
216
289
329
4247
408
5568
5542
5402
2059
4943
2120
638
657
6087
786
801
10009
959
1133
1017
1082
10261
1241
4189
1261
8408
1394
1415
1502
1520
1597
1602
5417
1680
1713
1737
9256
1896
1972
4396
4777
2745
4258
3857
5762
6089
2982
5447
4248
4349
10258
9719
3538
4385
6745
6590
6511
9691
7102
5179
5340
6666
5602
5771
5817
5958
6016
6374
6410
6662
6755
6780
6786
6829
8788
7005
10141
7059
7068
7539
7463
9116
7488
7684
7773
9331
8231
8878
8322
8619
8697
8868
9140
10437
9267
9530
10332
76
10379
100
105
118
129
9779
623
162
10524
5404
1322
243
2343
301
5175
402
7275
477
6993
5577
505
2248
508
525
528
1703
548
554
7733
1590
620
7187
701
702
764
815
835
853
5225
5280
933
1141
1158
1002
3603
1316
1099
1108
1109
3304
3657
1174
4797
1188
1236
2799
7107
3172
1264
10256
6737
1341
1345
2966
1393
1417
6739
1444
4565
1478
1481
1513
8060
1572
9989
1595
10400
8074
1730
1785
1806
1858
1859
2069
1906
1959
1963
1975
1976
2000
5521
2158
8124
3952
2311
2425
2434
2538
5467
2809
2610
2735
5850
5549
5504
3454
3735
7999
3746
3747
6718
9554
3792
3854
3856
3916
3930
4011
4049
4157
4193
4428
6467
4794
4824
8709
4905
5058
5908
7189
5203
8007
5214
8590
5246
5320
10172
7124
5446
8084
9690
5663
6634
5814
9721
6250
6003
6005
6028
9688
8041
6372
6448
6458
7063
6669
6675
8014
6730
6747
6853
6855
6861
6870
9486
6903
7759
9619
8312
9640
7167
7400
9862
7898
7429
7443
9454
9925
7492
10554
7564
7680
7669
7753
7763
7781
7894
7935
7950
8044
8078
8129
8178
8292
9339
9464
8367
8373
8378
8421
8461
8499
8572
9272
9906
9586
8676
9964
8896
9389
9579
9143
9145
9652
9308
9375
9959
9566
9667
9641
10212
9833
10058
10373
10529
8
12
17
43
46
48
66
88
92
95
112
117
121
143
150
152
153
164
165
167
168
175
182
183
208
211
228
235
246
259
276
285
291
296
304
305
308
309
310
315
335
340
347
356
384
392
400
407
440
444
461
467
474
484
504
513
522
530
563
593
599
600
609
613
619
641
650
676
732
738
744
747
776
781
795
800
803
814
818
821
843
857
881
914
929
937
946
953
956
957
962
975
983
1003
1005
1031
1060
1091
1106
1112
1114
1124
1125
1130
1138
1156
1166
1183
1187
1197
1230
1239
1248
1279
1284
1292
1294
1308
1315
1339
1349
1353
1363
1377
1388
1395
1412
1413
1419
1420
1439
1445
1466
1482
1490
1516
1528
1541
1548
1560
1562
1565
1566
1571
1582
1586
1593
1594
1600
1606
1607
1613
1627
1632
1645
1648
1653
1659
1687
1705
1707
1708
1729
1739
1740
1749
1767
1772
1776
1783
1784
1791
1810
1811
1830
1846
1855
1861
1878
1931
1956
1979
1980
1982
1990
2011
2023
2046
2058
2067
2068
2098
2105
2122
2185
2200
2213
2222
2249
2294
2310
2336
2368
2405
2459
2469
2474
2508
2516
2531
2582
2592
2609
2709
2716
2796
2906
3005
3113
3167
3232
3284
3407
3452
3571
3614
3619
3627
3640
3695
3697
3701
3704
3709
3730
3731
3739
3765
3781
3846
3904
3920
3943
3951
3994
4005
4056
4150
4179
4180
4184
4188
4202
4206
4209
4222
4228
4237
4243
4256
4265
4287
4295
4317
4377
4564
4584
4617
4631
4641
4694
4702
4723
4739
4766
4770
4776
4779
4795
4798
4800
4806
4818
4836
4881
4891
4915
4939
4942
4969
4991
5021
5035
5052
5094
5200
5208
5217
5218
5221
5227
5249
5271
5284
5288
5289
5299
5319
5322
5360
5413
5418
5432
5442
5458
5469
5470
5527
5538
5541
5548
5550
5553
5586
5589
5655
5718
5751
5811
5829
5838
5867
5912
5929
5935
5953
5994
6000
6007
6010
6012
6018
6022
6085
6086
6107
6113
6129
6136
6181
6282
6288
6289
6292
6295
6310
6312
6334
6368
6378
6384
6397
6430
6443
6444
6463
6465
6468
6493
6565
6587
6599
6616
6649
6663
6664
6665
6720
6735
6754
6776
6784
6789
6793
6795
6796
6800
6808
6813
6832
6837
6838
6854
6862
6872
6873
6879
6885
6901
6916
6924
6930
6936
6946
6967
6995
6997
7020
7055
7057
7069
7074
7078
7084
7086
7128
7255
7256
7384
7388
7391
7396
7428
7436
7440
7456
7473
7475
7482
7484
7505
7521
7545
7546
7557
7558
7641
7646
7656
7657
7666
7676
7677
7689
7713
7734
7738
7762
7765
7769
7777
7792
7809
7814
7823
7889
7915
7918
7938
7946
7952
7962
7966
7975
8029
8049
8057
8067
8079
8094
8111
8113
8132
8147
8175
8187
8217
8226
8229
8232
8237
8261
8286
8295
8298
8303
8305
8347
8356
8361
8362
8402
8443
8464
8502
8528
8584
8586
8587
8597
8617
8621
8664
8669
8670
8671
8673
8675
8696
8706
8708
8712
8716
8764
8785
8858
8866
8874
8892
8907
8920
8973
9027
9038
9040
9085
9091
9113
9114
9115
9117
9164
9180
9230
9233
9258
9265
9342
9388
9423
9469
9497
9571
9575
9584
9655
9785
9789
9824
9913
9915
9938
9944
9947
9949
9951
9965
9967
9970
10005
10032
10068
10072
10088
10117
10124
10137
10145
10183
10263
10265
10324
10402
10424
10444
10560
65
456
486
155
184
204
227
543
115
1223
5533
1185
1536
1610
3789
5206
5326
7053
174
365
2333
5172
5318
5327
5880
6778
6831
96
489
501
636
639
720
1180
1205
1567
1916
2293
2421
5220
5223
5344
6307
6476
7462
10057
196
328
372
666
897
1259
1312
1368
1401
1408
1518
1614
1617
1657
1668
1682
1951
2079
2499
2632
2939
3622
3797
4823
5251
5323
5537
6774
6797
6805
6806
6839
6840
6849
6856
6858
7159
7166
7226
7441
7764
7767
7770
52
82
111
156
221
224
238
490
496
580
592
598
763
807
839
973
1068
1078
1083
1086
1192
1200
1242
1253
1266
1273
1496
1514
1557
1644
1671
1698
1720
1745
1778
1789
1829
1984
2065
2075
2099
2124
2221
2359
2371
2377
2400
2461
2871
2934
3103
3722
3728
3841
3874
3876
4069
4273
4370
4429
4547
4767
4773
4790
4993
5169
5219
5270
5331
5499
5818
5913
6464
6798
6830
6836
6842
6847
6850
6863
6867
6871
6898
7011
7170
7487
7535
7798
8457
9852
10257
10270
4
31
74
134
139
141
147
160
172
185
187
206
230
248
249
253
254
258
264
281
295
327
381
430
459
483
514
542
556
558
562
566
604
622
675
684
703
767
782
796
811
890
910
928
954
1034
1090
1201
1211
1213
1227
1257
1258
1260
1267
1277
1300
1319
1333
1337
1359
1398
1407
1416
1423
1477
1480
1503
1540
1576
1585
1611
1650
1656
1658
1662
1673
1711
1718
1722
1798
1801
1813
1889
1893
1912
1977
1987
1998
2007
2012
2014
2050
2104
2130
2153
2156
2161
2175
2180
2188
2256
2303
2304
2306
2307
2312
2325
2330
2350
2369
2427
2446
2507
2615
2667
2669
2706
2711
2714
2840
2887
3069
3370
3712
3713
3745
3768
3776
3780
3799
3802
3804
3840
3861
3939
3949
3958
4128
4198
4291
4298
4329
4346
4368
4593
4668
4775
4884
4941
5088
5167
5209
5210
5232
5234
5243
5248
5254
5316
5349
5368
5374
5386
5443
5765
5915
5955
5963
6021
6025
6122
6153
6281
6382
6408
6462
6533
6539
6679
6790
6794
6841
6857
6859
6865
6866
6868
6869
6888
6899
6907
6910
6925
6969
7004
7061
7087
7158
7162
7163
7202
7230
7329
7446
7450
7459
7466
7472
7485
7522
7562
7611
7675
7745
7768
7772
7775
7784
7785
7804
7805
7839
7840
7899
8299
8505
8519
8560
8585
8760
8805
8975
9045
9341
9800
9891
10166
10169
10217
10302
5
7
29
41
75
99
114
120
123
140
142
157
161
169
170
177
179
180
181
188
189
194
198
200
201
202
205
209
214
232
237
240
247
251
256
257
261
268
269
270
290
292
297
298
303
318
322
324
344
355
371
376
387
390
411
412
418
436
437
438
445
475
479
482
493
506
507
515
520
529
532
536
547
571
590
596
601
618
621
632
642
643
648
653
671
691
692
695
697
705
729
752
757
797
798
808
823
831
833
836
840
858
878
882
889
898
905
912
916
938
940
949
952
967
968
988
1007
1020
1028
1029
1030
1070
1087
1092
1103
1110
1131
1132
1136
1137
1149
1150
1159
1161
1189
1203
1217
1220
1222
1229
1231
1244
1246
1254
1255
1268
1272
1285
1286
1287
1299
1301
1306
1323
1352
1392
1409
1421
1426
1431
1433
1438
1442
1447
1454
1456
1459
1467
1471
1472
1476
1486
1507
1509
1519
1543
1556
1573
1588
1591
1592
1615
1623
1624
1629
1634
1663
1664
1669
1684
1689
1692
1727
1736
1738
1751
1752
1755
1759
1760
1764
1768
1769
1771
1775
1777
1780
1787
1796
1803
1804
1814
1818
1819
1822
1838
1853
1856
1866
1872
1873
1883
1884
1902
1905
1908
1909
1913
1914
1917
1920
1922
1927
1930
1937
1942
1943
1954
1960
1964
1968
1969
1981
1986
1995
1997
2002
2015
2016
2038
2047
2060
2071
2073
2090
2102
2106
2114
2133
2136
2137
2139
2142
2143
2176
2183
2195
2201
2203
2207
2208
2216
2218
2219
2230
2236
2238
2250
2252
2263
2266
2270
2288
2290
2295
2313
2327
2328
2332
2335
2339
2348
2361
2367
2370
2380
2393
2396
2406
2412
2418
2419
2426
2439
2444
2449
2450
2453
2472
2488
2496
2501
2525
2536
2541
2554
2560
2569
2570
2595
2604
2605
2616
2620
2640
2641
2649
2661
2672
2676
2692
2698
2721
2741
2747
2755
2762
2764
2791
2812
2814
2822
2825
2828
2831
2851
2860
2861
2874
2882
2885
2901
2915
2919
2932
2944
2947
2957
2959
2962
2977
3035
3040
3090
3106
3125
3153
3189
3194
3202
3210
3229
3310
3329
3332
3333
3339
3340
3342
3343
3344
3362
3367
3380
3386
3465
3599
3601
3604
3617
3624
3645
3647
3667
3692
3718
3720
3737
3738
3744
3749
3762
3769
3772
3782
3788
3790
3791
3794
3795
3796
3800
3801
3806
3814
3818
3831
3833
3835
3836
3843
3867
3879
3883
3891
3896
3900
3903
3905
3908
3917
3919
3923
3924
3942
3945
3954
3955
3957
3964
3968
3982
3992
3996
4012
4020
4024
4027
4030
4031
4033
4040
4070
4074
4089
4101
4104
4119
4196
4213
4220
4224
4249
4252
4270
4271
4284
4285
4302
4303
4307
4323
4347
4362
4365
4380
4383
4393
4395
4401
4402
4410
4419
4422
4435
4437
4438
4476
4512
4527
4542
4563
4585
4590
4613
4614
4615
4648
4728
4732
4762
4768
4780
4788
4789
4792
4801
4803
4808
4812
4813
4819
4821
4842
4859
4862
4865
4902
4906
4914
4925
4927
4987
4992
4994
5003
5015
5030
5031
5062
5080
5122
5161
5174
5176
5211
5215
5222
5229
5244
5247
5250
5252
5262
5264
5283
5295
5324
5329
5330
5335
5336
5346
5359
5361
5370
5411
5412
5416
5420
5424
5426
5433
5434
5440
5444
5445
5450
5452
5462
5474
5475
5476
5482
5484
5523
5536
5540
5561
5571
5576
5609
5629
5707
5708
5714
5722
5729
5769
5812
5819
5827
5843
5861
5865
5871
5891
5893
5948
5952
5961
5978
5992
5995
5997
6004
6013
6026
6032
6047
6097
6112
6213
6267
6271
6351
6355
6418
6428
6435
6466
6474
6488
6531
6581
6595
6608
6609
6618
6623
6624
6642
6643
6681
6701
6769
6779
6788
6815
6816
6826
6846
6852
6877
6880
6881
6882
6884
6886
6887
6896
6905
6906
6915
6920
6927
6933
6952
6977
6978
6979
6986
7013
7014
7016
7019
7075
7080
7098
7106
7118
7134
7165
7179
7211
7219
7257
7267
7318
7340
7361
7369
7377
7387
7394
7395
7413
7422
7424
7442
7445
7452
7476
7479
7483
7489
7491
7495
7497
7501
7503
7508
7510
7517
7534
7537
7538
7542
7551
7556
7559
7584
7590
7606
7610
7662
7671
7682
7683
7691
7712
7740
7760
7778
7783
7789
7793
7799
7815
7816
7822
7857
7863
7880
7892
7896
7901
7905
7906
7914
7917
7922
7942
7947
7963
7964
7972
7986
8015
8034
8052
8072
8076
8100
8141
8155
8166
8171
8225
8236
8257
8301
8327
8380
8406
8407
8428
8456
8458
8485
8509
8513
8515
8522
8524
8526
8527
8540
8555
8591
8599
8602
8628
8631
8635
8637
8663
8665
8719
8745
8756
8776
8901
8904
8932
8933
8942
8962
9048
9053
9069
9099
9100
9103
9105
9109
9141
9154
9247
9293
9301
9391
9428
9446
9550
9551
9561
9565
9597
9665
9666
9712
9726
9728
9794
9798
9799
9801
9802
9803
9877
9958
9995
9997
10022
10027
10064
10083
10087
10144
10216
10224
10246
10279
10320
10329
10341
10356
10399
10416
10423
10616
0
3
6
9
10
11
13
14
18
19
20
21
22
23
25
26
27
33
34
39
40
51
61
67
73
80
89
104
124
126
133
135
148
154
166
171
173
178
186
193
197
199
210
212
213
215
218
219
220
222
223
229
231
233
236
241
242
245
250
255
263
265
267
272
274
275
277
278
279
280
282
283
284
286
287
288
294
302
307
311
312
313
314
316
319
320
321
323
325
326
330
331
333
334
345
348
349
350
351
352
353
354
357
358
359
360
361
362
364
366
367
368
369
370
373
375
379
380
382
385
386
388
393
395
396
397
399
401
403
404
409
410
413
414
415
420
423
424
425
428
431
433
439
443
446
447
457
460
464
465
473
480
494
495
498
500
502
503
512
516
517
518
521
526
531
533
534
537
538
549
552
555
559
560
561
564
565
567
569
570
572
573
574
575
576
577
578
579
581
582
583
584
585
586
587
588
591
594
595
597
602
603
605
606
607
608
614
615
617
624
625
633
634
635
640
644
645
646
647
649
651
652
654
659
660
661
662
663
664
665
667
669
672
673
674
677
678
680
685
686
688
690
694
696
704
706
707
708
710
711
712
713
715
716
717
718
719
721
722
723
725
726
727
728
730
731
733
735
736
737
739
740
741
742
743
745
746
748
749
750
751
753
754
755
756
758
759
761
765
773
775
784
785
802
805
809
810
813
816
817
820
822
824
825
826
846
848
849
851
852
854
856
860
867
869
870
871
872
876
877
879
880
884
888
891
892
893
895
896
902
904
907
908
909
913
915
918
927
934
939
942
943
944
950
955
958
963
970
978
987
990
993
997
999
1000
1006
1011
1012
1015
1016
1021
1022
1023
1032
1033
1035
1036
1038
1040
1042
1043
1044
1045
1047
1048
1049
1050
1053
1054
1056
1057
1059
1061
1062
1063
1064
1065
1066
1067
1069
1073
1074
1080
1084
1085
1088
1089
1093
1098
1101
1102
1105
1107
1111
1113
1115
1116
1117
1119
1120
1123
1127
1134
1135
1143
1145
1146
1148
1151
1154
1157
1162
1163
1168
1169
1170
1171
1172
1175
1176
1178
1196
1199
1202
1207
1209
1218
1232
1235
1237
1238
1243
1247
1251
1252
1256
1262
1263
1269
1276
1278
1280
1282
1283
1295
1296
1298
1302
1303
1304
1307
1314
1325
1326
1330
1340
1343
1344
1346
1354
1355
1357
1362
1364
1367
1369
1370
1371
1376
1378
1379
1380
1381
1384
1386
1387
1389
1391
1396
1397
1402
1405
1406
1429
1430
1435
1436
1437
1441
1443
1448
1450
1451
1452
1457
1458
1460
1462
1464
1465
1468
1469
1473
1474
1479
1484
1487
1488
1494
1500
1517
1521
1525
1527
1530
1532
1533
1539
1542
1545
1547
1551
1568
1570
1574
1575
1578
1579
1580
1581
1584
1587
1589
1599
1601
1603
1604
1612
1618
1619
1621
1622
1628
1633
1635
1636
1637
1639
1640
1641
1646
1649
1651
1652
1654
1655
1665
1666
1667
1670
1672
1674
1675
1676
1678
1679
1686
1688
1690
1691
1693
1694
1695
1696
1697
1699
1700
1701
1702
1704
1706
1709
1712
1717
1719
1725
1726
1731
1732
1733
1734
1735
1742
1746
1748
1753
1754
1756
1757
1758
1762
1763
1766
1770
1773
1779
1782
1788
1790
1792
1793
1794
1795
1799
1800
1807
1812
1816
1817
1821
1823
1832
1834
1836
1837
1849
1850
1852
1854
1865
1867
1868
1869
1870
1874
1875
1876
1877
1880
1882
1885
1886
1887
1888
1890
1891
1892
1894
1895
1901
1903
1904
1907
1918
1919
1921
1924
1925
1926
1928
1929
1932
1933
1934
1935
1936
1938
1939
1941
1944
1947
1948
1949
1955
1957
1958
1962
1965
1966
1967
1970
1971
1974
1978
1983
1985
1988
1989
1991
1992
1996
1999
2001
2005
2006
2008
2009
2010
2013
2017
2019
2020
2022
2024
2025
2026
2027
2028
2031
2032
2033
2034
2035
2036
2037
2040
2041
2043
2044
2048
2049
2053
2054
2055
2057
2061
2062
2063
2064
2066
2070
2072
2074
2076
2077
2078
2081
2082
2087
2088
2089
2092
2094
2095
2096
2097
2100
2101
2103
2107
2108
2109
2110
2111
2112
2113
2115
2118
2119
2121
2123
2125
2126
2127
2128
2129
2131
2132
2134
2135
2138
2141
2144
2145
2146
2147
2149
2151
2154
2157
2160
2162
2163
2164
2165
2167
2168
2169
2171
2172
2173
2174
2177
2178
2181
2182
2184
2186
2187
2189
2190
2191
2193
2196
2197
2199
2204
2205
2206
2210
2211
2212
2215
2220
2223
2224
2225
2227
2228
2229
2232
2233
2235
2237
2239
2240
2241
2242
2243
2245
2253
2254
2255
2257
2258
2259
2260
2261
2262
2265
2267
2268
2269
2271
2272
2273
2274
2275
2276
2277
2278
2279
2280
2281
2282
2286
2287
2289
2291
2292
2296
2297
2298
2299
2301
2302
2305
2308
2315
2316
2317
2319
2320
2322
2323
2329
2331
2334
2337
2340
2341
2342
2345
2347
2349
2351
2352
2353
2354
2355
2356
2358
2360
2362
2363
2364
2365
2366
2372
2376
2381
2382
2384
2385
2386
2388
2389
2390
2391
2392
2394
2395
2397
2398
2399
2402
2403
2404
2407
2408
2409
2410
2411
2413
2415
2416
2417
2420
2422
2423
2424
2428
2429
2430
2431
2432
2435
2436
2437
2438
2441
2442
2443
2445
2447
2451
2452
2454
2455
2456
2457
2458
2464
2465
2468
2470
2471
2473
2475
2479
2480
2481
2483
2484
2487
2489
2490
2491
2492
2493
2497
2498
2502
2505
2509
2510
2512
2515
2517
2519
2520
2521
2522
2523
2527
2528
2529
2530
2532
2534
2535
2542
2543
2544
2545
2546
2547
2549
2551
2552
2553
2556
2557
2558
2559
2562
2564
2565
2568
2571
2572
2573
2574
2575
2576
2577
2578
2580
2584
2586
2588
2589
2590
2593
2594
2596
2597
2600
2601
2602
2606
2607
2608
2612
2613
2618
2619
2621
2622
2623
2624
2625
2627
2628
2629
2630
2634
2635
2636
2637
2642
2643
2644
2645
2646
2647
2648
2650
2652
2653
2654
2655
2657
2658
2660
2663
2664
2665
2666
2668
2670
2671
2673
2674
2675
2677
2679
2681
2682
2683
2684
2685
2687
2689
2690
2691
2694
2695
2697
2699
2701
2703
2704
2705
2708
2713
2717
2718
2719
2720
2724
2725
2726
2727
2728
2729
2730
2731
2732
2733
2734
2736
2737
2739
2740
2743
2744
2746
2748
2749
2752
2753
2754
2756
2757
2758
2760
2763
2765
2766
2767
2768
2769
2770
2772
2773
2774
2776
2777
2781
2782
2783
2785
2786
2787
2788
2789
2790
2793
2797
2798
2803
2804
2806
2807
2808
2810
2811
2816
2818
2820
2821
2823
2826
2832
2833
2834
2835
2836
2837
2838
2839
2841
2842
2843
2846
2847
2848
2849
2850
2852
2853
2854
2855
2856
2859
2862
2864
2866
2867
2868
2869
2872
2873
2875
2876
2877
2878
2880
2881
2883
2884
2886
2888
2890
2891
2892
2893
2894
2896
2897
2898
2899
2902
2904
2905
2908
2910
2911
2912
2913
2914
2916
2917
2918
2921
2923
2925
2927
2928
2930
2931
2935
2936
2937
2938
2940
2941
2942
2945
2946
2951
2953
2954
2955
2956
2958
2960
2961
2963
2964
2965
2967
2968
2969
2971
2972
2973
2976
2978
2979
2981
2983
2984
2985
2986
2987
2988
2989
2991
2992
2994
2995
2996
3000
3001
3002
3003
3006
3007
3008
3011
3012
3013
3015
3017
3019
3020
3021
3022
3023
3024
3026
3027
3028
3029
3030
3031
3032
3033
3034
3036
3037
3038
3041
3042
3043
3044
3046
3047
3050
3051
3052
3053
3054
3055
3056
3057
3058
3059
3061
3063
3064
3065
3066
3067
3070
3071
3072
3077
3078
3079
3080
3081
3083
3085
3086
3087
3088
3089
3092
3093
3094
3095
3096
3097
3098
3099
3100
3102
3104
3105
3109
3112
3114
3115
3116
3117
3118
3119
3120
3122
3123
3124
3126
3127
3129
3130
3131
3133
3134
3135
3138
3140
3141
3142
3144
3146
3147
3148
3150
3151
3152
3154
3155
3156
3158
3159
3160
3163
3168
3169
3170
3171
3173
3174
3176
3177
3178
3179
3180
3182
3184
3186
3188
3191
3192
3195
3196
3197
3200
3201
3204
3206
3208
3209
3211
3212
3214
3219
3220
3221
3222
3223
3226
3227
3228
3230
3231
3233
3235
3236
3237
3239
3242
3244
3246
3249
3252
3254
3256
3259
3260
3263
3265
3267
3268
3269
3270
3271
3272
3273
3278
3279
3280
3281
3282
3285
3286
3287
3289
3290
3292
3293
3294
3295
3296
3297
3298
3300
3301
3303
3309
3314
3315
3316
3317
3318
3325
3331
3334
3335
3336
3338
3341
3346
3348
3350
3352
3355
3356
3357
3361
3363
3365
3368
3369
3372
3373
3382
3383
3384
3385
3387
3388
3389
3395
3403
3404
3405
3406
3410
3412
3413
3414
3415
3416
3417
3418
3421
3422
3425
3426
3427
3429
3431
3432
3433
3434
3435
3436
3439
3440
3441
3443
3445
3447
3450
3451
3471
3474
3475
3479
3480
3481
3482
3483
3484
3485
3487
3491
3494
3499
3500
3502
3505
3509
3513
3515
3521
3524
3529
3531
3532
3539
3545
3550
3559
3564
3572
3583
3584
3585
3587
3605
3621
3623
3630
3631
3636
3642
3646
3649
3653
3658
3659
3670
3671
3673
3674
3675
3676
3678
3680
3681
3686
3687
3689
3690
3693
3696
3699
3702
3705
3707
3708
3710
3723
3725
3727
3732
3733
3741
3742
3743
3748
3750
3751
3752
3753
3754
3755
3757
3758
3759
3760
3761
3763
3767
3770
3777
3778
3783
3784
3785
3786
3787
3793
3803
3807
3808
3812
3813
3815
3816
3817
3820
3822
3823
3824
3825
3826
3827
3829
3830
3832
3834
3837
3838
3842
3845
3848
3849
3850
3851
3852
3853
3855
3858
3859
3860
3862
3863
3864
3865
3866
3869
3870
3875
3877
3878
3881
3882
3885
3887
3888
3889
3890
3892
3893
3894
3895
3897
3898
3899
3901
3902
3906
3907
3910
3911
3912
3913
3915
3918
3921
3922
3925
3926
3927
3929
3931
3932
3935
3936
3937
3938
3940
3941
3944
3946
3947
3953
3956
3960
3961
3962
3966
3967
3971
3974
3975
3976
3977
3978
3979
3980
3983
3984
3985
3986
3987
3988
3989
3990
3991
3993
3997
3998
3999
4000
4001
4002
4003
4004
4006
4007
4009
4010
4013
4014
4015
4016
4017
4018
4019
4021
4023
4025
4028
4029
4034
4035
4036
4037
4039
4045
4046
4047
4048
4050
4051
4052
4053
4054
4057
4058
4059
4061
4062
4063
4064
4065
4067
4071
4072
4073
4075
4076
4080
4081
4082
4083
4085
4086
4088
4090
4091
4096
4097
4098
4100
4102
4103
4106
4107
4108
4110
4111
4112
4113
4115
4116
4117
4118
4120
4122
4123
4124
4125
4127
4129
4132
4135
4136
4137
4138
4139
4140
4144
4145
4148
4149
4151
4152
4153
4154
4155
4158
4171
4172
4173
4175
4177
4190
4191
4194
4197
4200
4207
4210
4214
4215
4217
4219
4225
4230
4231
4232
4233
4235
4238
4240
4250
4253
4254
4259
4261
4264
4267
4269
4272
4274
4276
4277
4280
4281
4288
4290
4294
4299
4301
4308
4309
4316
4318
4320
4321
4322
4324
4326
4327
4328
4331
4332
4336
4339
4340
4341
4342
4345
4348
4353
4354
4355
4357
4360
4361
4363
4367
4369
4372
4374
4375
4376
4381
4384
4389
4390
4391
4392
4394
4397
4403
4404
4405
4408
4409
4411
4414
4416
4417
4420
4421
4423
4424
4425
4426
4427
4430
4431
4432
4439
4440
4442
4443
4444
4445
4446
4448
4449
4450
4451
4452
4453
4456
4460
4464
4465
4466
4467
4468
4469
4470
4472
4473
4478
4479
4481
4482
4483
4485
4486
4487
4488
4489
4490
4491
4498
4499
4500
4501
4503
4504
4507
4508
4509
4513
4514
4517
4518
4520
4521
4522
4523
4524
4525
4528
4529
4530
4531
4532
4533
4534
4535
4536
4538
4539
4540
4543
4544
4548
4550
4551
4553
4554
4557
4558
4559
4561
4566
4567
4568
4569
4571
4573
4578
4579
4580
4582
4583
4586
4587
4589
4591
4592
4594
4595
4596
4597
4598
4599
4600
4601
4602
4604
4605
4606
4607
4608
4610
4611
4616
4618
4619
4621
4622
4623
4625
4626
4627
4629
4632
4635
4637
4638
4640
4643
4646
4647
4649
4650
4651
4653
4654
4656
4659
4661
4662
4663
4667
4669
4670
4671
4672
4673
4674
4676
4677
4679
4681
4684
4685
4686
4687
4688
4689
4691
4693
4696
4698
4700
4703
4706
4707
4708
4710
4713
4716
4719
4726
4727
4741
4750
4754
4760
4761
4771
4774
4782
4785
4786
4791
4793
4796
4799
4802
4810
4811
4814
4815
4817
4820
4822
4826
4827
4828
4830
4832
4834
4843
4844
4845
4846
4848
4852
4854
4856
4860
4864
4868
4872
4873
4875
4876
4877
4878
4879
4880
4882
4883
4886
4888
4889
4890
4892
4898
4899
4901
4903
4904
4907
4908
4910
4912
4913
4918
4920
4921
4922
4923
4926
4929
4931
4932
4935
4936
4937
4938
4940
4944
4946
4949
4951
4952
4954
4955
4957
4958
4959
4960
4962
4964
4965
4966
4967
4970
4971
4972
4974
4975
4976
4978
4979
4982
4984
4986
4988
4989
4990
4995
4996
4998
4999
5000
5001
5002
5004
5008
5009
5010
5012
5013
5014
5016
5017
5019
5023
5024
5027
5028
5029
5032
5033
5034
5037
5039
5040
5041
5042
5043
5044
5046
5047
5050
5054
5055
5056
5057
5060
5061
5064
5065
5067
5068
5069
5070
5071
5072
5073
5075
5078
5079
5081
5082
5083
5084
5087
5089
5092
5093
5095
5097
5105
5110
5111
5112
5113
5114
5115
5116
5117
5118
5121
5124
5126
5127
5128
5129
5132
5133
5143
5145
5147
5148
5151
5154
5158
5164
5168
5170
5171
5173
5177
5178
5181
5182
5183
5184
5185
5187
5188
5189
5190
5193
5196
5199
5202
5204
5205
5207
5224
5228
5231
5233
5235
5236
5238
5240
5245
5253
5257
5259
5260
5261
5265
5267
5268
5269
5272
5273
5274
5276
5277
5279
5282
5285
5293
5297
5301
5302
5303
5305
5307
5309
5310
5312
5314
5325
5328
5350
5354
5356
5364
5366
5367
5373
5375
5383
5387
5388
5390
5391
5396
5398
5399
5400
5401
5403
5406
5407
5410
5414
5415
5419
5421
5422
5425
5427
5429
5436
5438
5439
5441
5448
5449
5451
5454
5455
5459
5461
5471
5473
5477
5478
5479
5480
5481
5485
5486
5487
5490
5492
5494
5495
5501
5503
5508
5511
5512
5513
5515
5516
5517
5520
5529
5535
5539
5545
5551
5552
5556
5557
5558
5560
5567
5569
5575
5578
5579
5581
5582
5583
5585
5587
5591
5592
5593
5594
5598
5600
5603
5606
5607
5608
5610
5611
5616
5617
5620
5621
5626
5628
5631
5633
5634
5635
5637
5638
5639
5640
5641
5644
5645
5651
5656
5658
5664
5665
5666
5668
5669
5670
5675
5678
5679
5680
5681
5683
5684
5685
5686
5690
5693
5695
5696
5699
5706
5711
5716
5719
5727
5730
5731
5732
5733
5738
5739
5740
5741
5743
5745
5746
5747
5748
5749
5750
5753
5755
5757
5758
5761
5763
5766
5768
5773
5775
5776
5777
5778
5780
5782
5784
5785
5786
5787
5788
5789
5791
5793
5795
5797
5799
5800
5802
5805
5806
5807
5809
5810
5820
5822
5824
5828
5831
5833
5836
5841
5844
5849
5851
5852
5853
5856
5859
5860
5863
5864
5868
5870
5872
5873
5876
5877
5881
5883
5886
5888
5892
5906
5907
5909
5916
5917
5920
5921
5922
5923
5925
5927
5928
5930
5937
5938
5939
5945
5949
5959
5962
5967
5969
5970
5971
5972
5973
5979
5988
5993
5996
5998
5999
6002
6008
6017
6023
6024
6030
6033
6034
6035
6036
6039
6040
6042
6044
6049
6052
6055
6056
6057
6058
6059
6060
6061
6062
6063
6064
6065
6067
6068
6069
6070
6071
6072
6073
6074
6075
6076
6077
6078
6079
6080
6091
6092
6095
6096
6099
6102
6103
6104
6105
6106
6108
6110
6114
6115
6118
6119
6120
6128
6132
6137
6138
6142
6144
6149
6150
6151
6152
6156
6157
6158
6159
6160
6162
6163
6165
6167
6173
6175
6178
6182
6187
6191
6192
6196
6201
6203
6205
6207
6209
6210
6211
6212
6214
6216
6218
6221
6222
6223
6228
6233
6243
6247
6249
6251
6254
6255
6257
6258
6261
6262
6264
6268
6269
6270
6272
6273
6274
6277
6283
6285
6296
6299
6300
6302
6303
6304
6314
6315
6320
6322
6325
6327
6329
6333
6335
6336
6338
6339
6340
6342
6347
6348
6352
6353
6354
6357
6359
6362
6367
6371
6373
6385
6394
6396
6400
6401
6402
6405
6417
6422
6426
6431
6434
6438
6447
6459
6470
6471
6473
6475
6477
6478
6484
6486
6487
6492
6495
6496
6497
6506
6513
6514
6515
6517
6518
6523
6524
6525
6526
6527
6528
6530
6532
6534
6535
6536
6537
6540
6542
6543
6544
6545
6546
6552
6559
6560
6561
6562
6575
6577
6579
6580
6582
6583
6585
6586
6589
6594
6596
6597
6600
6601
6605
6606
6611
6612
6614
6615
6617
6619
6621
6622
6625
6626
6627
6628
6630
6632
6635
6637
6648
6650
6654
6659
6661
6667
6671
6677
6680
6682
6684
6685
6687
6688
6690
6692
6693
6698
6700
6704
6706
6707
6708
6709
6712
6713
6714
6719
6721
6722
6723
6724
6725
6732
6734
6736
6738
6740
6741
6742
6743
6744
6746
6748
6749
6750
6756
6758
6765
6767
6768
6770
6814
6817
6818
6821
6823
6824
6825
6834
6843
6845
6875
6876
6878
6883
6890
6891
6894
6895
6897
6900
6902
6909
6912
6917
6918
6919
6923
6928
6929
6932
6937
6939
6940
6942
6948
6950
6951
6953
6954
6956
6957
6958
6959
6962
6963
6964
6965
6966
6968
6970
6971
6972
6974
6976
6980
6982
6990
7000
7003
7007
7008
7009
7017
7023
7024
7027
7028
7032
7036
7038
7046
7047
7048
7049
7050
7058
7060
7062
7065
7066
7067
7071
7073
7076
7077
7079
7081
7083
7085
7088
7090
7092
7094
7095
7096
7097
7104
7105
7110
7117
7121
7122
7123
7126
7135
7136
7140
7142
7144
7145
7146
7148
7164
7172
7175
7180
7183
7184
7185
7194
7198
7201
7203
7204
7206
7207
7209
7210
7213
7214
7216
7217
7218
7220
7221
7223
7224
7225
7227
7229
7231
7232
7233
7234
7235
7236
7237
7238
7239
7240
7241
7242
7243
7245
7247
7248
7249
7252
7253
7254
7259
7260
7261
7262
7263
7266
7273
7280
7281
7284
7286
7290
7293
7294
7295
7296
7302
7303
7304
7307
7308
7311
7313
7315
7335
7341
7346
7348
7349
7355
7358
7362
7363
7364
7365
7366
7367
7368
7370
7372
7374
7379
7382
7389
7390
7392
7398
7402
7403
7404
7406
7407
7409
7416
7417
7419
7421
7432
7433
7437
7438
7447
7449
7457
7458
7461
7464
7469
7471
7474
7477
7478
7480
7486
7493
7498
7500
7502
7504
7507
7509
7511
7514
7515
7516
7520
7523
7524
7525
7526
7527
7528
7531
7532
7541
7543
7544
7547
7548
7549
7550
7552
7553
7554
7555
7560
7561
7565
7566
7568
7570
7571
7572
7574
7576
7577
7578
7580
7581
7582
7583
7585
7587
7588
7589
7591
7592
7593
7594
7595
7596
7599
7600
7603
7604
7605
7608
7613
7614
7615
7618
7619
7620
7623
7625
7626
7627
7629
7630
7633
7636
7638
7642
7645
7648
7649
7650
7652
7653
7654
7655
7668
7673
7674
7679
7681
7687
7688
7690
7695
7696
7700
7702
7703
7705
7711
7717
7718
7719
7720
7724
7725
7737
7742
7748
7750
7751
7754
7756
7776
7780
7782
7786
7787
7788
7790
7791
7796
7797
7800
7801
7806
7807
7810
7812
7813
7817
7818
7820
7821
7824
7825
7826
7828
7829
7830
7834
7836
7838
7853
7867
7869
7871
7872
7875
7888
7900
7902
7903
7908
7913
7916
7920
7923
7926
7930
7932
7933
7934
7939
7941
7955
7956
7957
7958
7967
7969
7970
7973
7979
7980
7981
7983
7987
7989
7990
7991
7994
7995
7997
8000
8001
8002
8009
8011
8017
8022
8033
8035
8040
8042
8043
8048
8054
8055
8056
8058
8059
8070
8073
8075
8077
8081
8082
8083
8085
8091
8093
8096
8097
8098
8117
8125
8133
8144
8148
8153
8156
8157
8168
8176
8186
8188
8190
8193
8196
8219
8220
8221
8223
8224
8227
8228
8230
8233
8234
8235
8238
8239
8240
8241
8242
8244
8245
8246
8247
8248
8249
8250
8253
8254
8258
8259
8260
8262
8263
8264
8265
8266
8269
8272
8275
8276
8279
8280
8281
8282
8284
8287
8290
8293
8296
8300
8302
8304
8306
8308
8309
8310
8311
8313
8314
8315
8316
8317
8318
8319
8320
8328
8331
8334
8335
8336
8337
8338
8339
8340
8341
8342
8343
8344
8349
8350
8352
8354
8355
8357
8363
8366
8368
8369
8370
8377
8381
8382
8395
8396
8398
8399
8400
8414
8415
8416
8419
8426
8427
8429
8430
8433
8434
8435
8438
8439
8440
8441
8442
8445
8449
8451
8452
8453
8459
8462
8466
8467
8468
8469
8470
8471
8472
8473
8474
8475
8476
8477
8478
8479
8480
8481
8482
8483
8484
8486
8487
8488
8492
8496
8497
8500
8503
8508
8510
8512
8517
8518
8520
8525
8529
8530
8531
8532
8533
8537
8538
8541
8545
8546
8550
8551
8552
8553
8554
8556
8557
8558
8559
8562
8565
8567
8568
8569
8575
8578
8581
8582
8588
8589
8593
8600
8604
8605
8606
8607
8608
8609
8612
8613
8614
8615
8620
8622
8627
8632
8636
8638
8640
8641
8648
8651
8652
8654
8655
8658
8666
8667
8668
8672
8674
8677
8678
8679
8680
8681
8682
8683
8685
8687
8688
8689
8690
8691
8692
8693
8694
8695
8701
8704
8705
8710
8717
8718
8720
8721
8722
8725
8726
8727
8729
8730
8733
8736
8741
8742
8744
8746
8749
8752
8754
8762
8770
8774
8781
8782
8783
8786
8787
8789
8791
8793
8795
8796
8800
8801
8802
8806
8810
8812
8815
8816
8818
8819
8821
8822
8823
8825
8828
8830
8832
8833
8834
8835
8836
8837
8840
8844
8845
8846
8849
8857
8859
8863
8867
8872
8875
8876
8881
8883
8884
8886
8888
8889
8895
8897
8898
8900
8905
8906
8912
8921
8923
8924
8925
8926
8927
8929
8940
8943
8944
8955
8957
8960
8963
8965
8966
8969
8971
8974
8981
8987
8992
9001
9009
9015
9019
9025
9029
9031
9043
9044
9046
9047
9049
9051
9052
9054
9055
9056
9059
9060
9064
9065
9067
9070
9071
9072
9074
9083
9084
9092
9098
9101
9102
9104
9107
9111
9112
9118
9119
9120
9123
9124
9130
9133
9134
9137
9138
9149
9152
9155
9170
9171
9182
9187
9193
9194
9196
9197
9224
9228
9231
9236
9237
9238
9245
9246
9249
9251
9252
9254
9255
9257
9260
9274
9290
9291
9292
9295
9298
9300
9307
9310
9314
9316
9319
9322
9326
9333
9343
9345
9361
9362
9363
9365
9370
9379
9381
9383
9384
9395
9399
9402
9405
9416
9417
9418
9422
9424
9430
9435
9438
9439
9440
9442
9445
9448
9449
9452
9455
9456
9458
9460
9462
9465
9467
9468
9470
9473
9480
9483
9484
9485
9488
9494
9496
9500
9501
9503
9504
9507
9514
9525
9526
9529
9533
9539
9540
9543
9546
9549
9553
9558
9560
9569
9576
9581
9585
9588
9601
9602
9615
9621
9624
9630
9643
9645
9658
9668
9670
9671
9675
9677
9678
9681
9682
9686
9687
9693
9695
9703
9706
9713
9714
9715
9722
9723
9725
9727
9732
9733
9734
9741
9745
9767
9768
9778
9782
9787
9809
9820
9822
9827
9834
9838
9849
9853
9854
9860
9875
9892
9893
9897
9905
9914
9931
9932
9935
9945
9983
9993
10001
10006
10007
10023
10024
10025
10028
10029
10033
10037
10039
10040
10041
10043
10053
10055
10066
10067
10073
10074
10075
10076
10130
10143
10165
10167
10168
10171
10174
10175
10176
10179
10180
10181
10186
10187
10188
10194
10196
10199
10200
10202
10206
10210
10213
10233
10238
10245
10248
10252
10253
10254
10259
10260
10262
10264
10273
10274
10278
10285
10291
10293
10295
10296
10299
10306
10310
10311
10312
10313
10316
10319
10325
10330
10336
10342
10361
10365
10372
10377
10389
10391
10394
10397
10398
10401
10403
10405
10406
10407
10414
10418
10419
10428
10463
10469
10499
10500
10509
10522
10531
10532
10536
10558
10573
10584
10586
10588
10589
10590
10592
10595
10612
10614
10617
10618
10620
10625
10626
10649
24
32
37
42
44
119
136
138
176
203
207
217
226
234
244
252
262
271
273
293
299
300
306
317
332
336
337
338
339
341
342
343
346
363
374
377
378
383
389
391
394
398
405
416
417
419
421
422
426
427
441
442
450
455
463
466
468
469
470
471
497
511
519
523
527
535
550
551
553
557
626
627
668
670
679
681
682
683
687
693
698
699
700
709
714
724
734
760
770
771
779
812
827
828
837
838
841
842
845
847
855
861
863
864
865
866
868
874
883
887
901
903
906
917
921
922
923
925
926
930
931
932
935
936
945
947
948
951
961
964
965
966
969
971
972
974
976
977
979
980
985
989
991
992
994
1001
1013
1018
1019
1024
1025
1026
1027
1037
1041
1046
1051
1052
1071
1072
1075
1096
1097
1104
1118
1121
1122
1126
1128
1129
1139
1140
1142
1144
1147
1152
1153
1160
1164
1165
1167
1173
1190
1193
1198
1204
1224
1233
1234
1240
1250
1270
1281
1288
1290
1291
1293
1297
1305
1311
1318
1324
1328
1332
1335
1347
1348
1351
1356
1358
1361
1366
1382
1383
1400
1403
1404
1414
1418
1425
1427
1428
1432
1434
1446
1453
1461
1463
1470
1475
1483
1489
1491
1493
1495
1497
1501
1505
1508
1511
1522
1523
1529
1531
1534
1537
1538
1544
1553
1554
1569
1577
1605
1609
1616
1620
1625
1631
1638
1643
1647
1681
1683
1685
1710
1714
1715
1721
1723
1724
1741
1743
1744
1747
1750
1761
1765
1781
1786
1797
1805
1808
1809
1820
1824
1825
1826
1827
1828
1831
1835
1843
1845
1862
1863
1864
1871
1879
1881
1897
1898
1900
1910
1911
1915
1923
1940
1945
1946
1950
1952
1953
1961
1993
1994
2003
2004
2018
2021
2029
2030
2039
2042
2045
2051
2052
2056
2083
2084
2086
2091
2117
2140
2148
2150
2152
2155
2159
2166
2170
2179
2192
2194
2198
2202
2209
2214
2217
2226
2231
2234
2244
2246
2247
2251
2264
2283
2284
2300
2314
2318
2321
2326
2338
2344
2346
2357
2373
2374
2375
2378
2379
2383
2387
2401
2414
2433
2440
2448
2460
2462
2463
2466
2467
2476
2477
2478
2482
2485
2486
2494
2495
2500
2503
2504
2506
2511
2513
2514
2518
2524
2526
2533
2537
2539
2540
2548
2550
2555
2561
2563
2567
2579
2581
2583
2585
2587
2599
2603
2614
2617
2626
2631
2638
2639
2651
2656
2659
2662
2678
2680
2686
2688
2693
2700
2702
2707
2712
2715
2722
2723
2738
2742
2750
2751
2759
2761
2775
2778
2779
2780
2784
2792
2794
2795
2800
2801
2802
2805
2813
2815
2817
2819
2824
2827
2829
2830
2844
2845
2857
2858
2863
2865
2870
2879
2889
2895
2900
2903
2907
2909
2920
2922
2924
2926
2929
2933
2943
2948
2949
2950
2952
2970
2974
2975
2980
2990
2993
2997
2998
2999
3004
3009
3010
3014
3016
3018
3025
3039
3045
3048
3049
3060
3062
3068
3073
3074
3075
3076
3082
3084
3091
3101
3107
3108
3110
3111
3121
3128
3132
3136
3137
3139
3143
3145
3149
3157
3161
3162
3164
3165
3166
3175
3181
3183
3185
3187
3190
3193
3198
3199
3203
3205
3207
3213
3215
3216
3217
3218
3224
3225
3234
3238
3240
3241
3243
3245
3247
3248
3250
3251
3253
3255
3257
3258
3261
3262
3264
3266
3274
3275
3276
3277
3283
3288
3291
3299
3302
3305
3306
3311
3312
3313
3320
3321
3322
3324
3326
3327
3328
3330
3337
3345
3347
3349
3351
3353
3354
3358
3359
3360
3364
3366
3371
3375
3376
3377
3378
3379
3381
3390
3391
3392
3393
3394
3396
3397
3398
3399
3400
3401
3402
3408
3409
3411
3419
3420
3423
3424
3428
3430
3437
3438
3442
3444
3446
3448
3449
3453
3455
3456
3457
3458
3461
3462
3463
3464
3466
3467
3468
3469
3470
3472
3473
3476
3477
3478
3486
3488
3489
3492
3493
3495
3496
3497
3498
3501
3503
3504
3506
3507
3508
3510
3511
3512
3514
3516
3517
3519
3520
3522
3523
3525
3526
3527
3528
3530
3533
3534
3535
3536
3537
3540
3541
3542
3543
3544
3546
3547
3548
3549
3551
3552
3553
3554
3555
3556
3557
3558
3560
3561
3562
3565
3566
3567
3569
3570
3574
3575
3577
3578
3579
3580
3581
3582
3586
3588
3589
3590
3591
3592
3593
3594
3595
3596
3597
3598
3600
3602
3606
3607
3608
3609
3610
3611
3612
3613
3615
3616
3618
3620
3625
3626
3628
3629
3632
3633
3634
3635
3637
3638
3639
3641
3643
3644
3648
3651
3652
3654
3655
3656
3663
3664
3665
3666
3668
3669
3672
3677
3679
3683
3685
3688
3691
3694
3698
3703
3706
3711
3726
3729
3734
3736
3740
3756
3764
3766
3771
3773
3774
3775
3779
3805
3809
3810
3811
3819
3821
3839
3844
3847
3868
3871
3880
3884
3886
3909
3914
3928
3933
3934
3959
3963
3965
3970
3972
3973
3981
4008
4022
4026
4032
4038
4041
4042
4043
4044
4055
4060
4066
4077
4078
4079
4084
4087
4092
4093
4094
4095
4099
4105
4109
4114
4121
4126
4130
4131
4133
4134
4141
4142
4143
4146
4147
4156
4159
4160
4161
4162
4163
4164
4165
4166
4167
4168
4169
4174
4176
4178
4181
4182
4183
4186
4187
4192
4201
4204
4211
4212
4221
4223
4226
4227
4234
4236
4239
4246
4257
4260
4262
4266
4268
4275
4278
4283
4289
4292
4293
4297
4300
4304
4310
4311
4312
4314
4315
4319
4325
4333
4334
4335
4337
4344
4350
4351
4352
4356
4358
4359
4364
4366
4371
4373
4378
4379
4386
4387
4388
4399
4400
4406
4407
4412
4413
4415
4418
4433
4434
4436
4441
4447
4454
4455
4457
4458
4459
4461
4462
4463
4471
4474
4475
4477
4480
4484
4492
4493
4494
4495
4496
4497
4502
4505
4506
4510
4511
4515
4516
4519
4526
4537
4541
4545
4546
4549
4552
4555
4556
4560
4562
4570
4572
4574
4575
4576
4577
4581
4588
4603
4609
4612
4620
4624
4628
4630
4633
4634
4636
4639
4642
4644
4645
4652
4655
4657
4658
4660
4664
4665
4666
4675
4678
4680
4682
4683
4690
4692
4695
4697
4699
4701
4704
4705
4709
4711
4712
4714
4715
4717
4718
4721
4722
4724
4725
4729
4730
4731
4733
4734
4735
4736
4737
4738
4740
4742
4743
4744
4745
4746
4747
4748
4751
4752
4755
4756
4757
4758
4759
4763
4765
4783
4784
4809
4816
4825
4829
4831
4833
4835
4837
4838
4839
4840
4841
4847
4849
4850
4851
4853
4855
4857
4858
4861
4863
4866
4867
4869
4870
4874
4885
4887
4893
4894
4896
4900
4909
4911
4916
4917
4919
4924
4928
4930
4933
4934
4945
4947
4948
4950
4953
4956
4961
4963
4968
4973
4977
4980
4981
4983
4985
4997
5005
5006
5007
5011
5018
5020
5022
5025
5026
5036
5038
5045
5048
5049
5051
5053
5059
5063
5066
5074
5076
5077
5085
5086
5090
5091
5096
5098
5099
5100
5101
5102
5103
5104
5106
5107
5108
5109
5119
5120
5123
5125
5130
5131
5134
5135
5136
5137
5138
5139
5140
5141
5142
5144
5146
5149
5150
5152
5153
5155
5156
5157
5159
5160
5162
5163
5165
5166
5180
5186
5197
5198
5201
5226
5230
5237
5239
5241
5255
5256
5258
5263
5266
5275
5278
5281
5286
5287
5290
5291
5292
5294
5296
5298
5300
5304
5306
5308
5311
5313
5321
5333
5339
5341
5347
5348
5352
5353
5362
5363
5369
5371
5376
5378
5379
5380
5381
5382
5384
5385
5392
5394
5405
5423
5428
5430
5431
5435
5453
5456
5457
5460
5463
5464
5465
5466
5468
5472
5483
5488
5489
5491
5493
5496
5497
5498
5500
5502
5505
5506
5507
5509
5510
5514
5518
5519
5522
5524
5525
5526
5528
5530
5543
5546
5547
5555
5559
5562
5564
5565
5566
5570
5572
5573
5574
5580
5584
5588
5590
5595
5596
5597
5599
5601
5604
5605
5612
5613
5614
5615
5618
5619
5622
5623
5625
5627
5630
5632
5636
5642
5643
5646
5647
5648
5649
5650
5652
5653
5654
5657
5659
5660
5661
5662
5667
5671
5672
5673
5674
5676
5677
5687
5688
5689
5691
5692
5694
5697
5698
5700
5701
5702
5703
5704
5705
5710
5712
5713
5715
5717
5720
5721
5723
5725
5726
5728
5734
5735
5736
5737
5742
5744
5752
5756
5759
5760
5764
5767
5770
5772
5774
5779
5781
5783
5790
5792
5794
5796
5798
5801
5803
5804
5808
5815
5821
5823
5825
5826
5830
5832
5834
5835
5837
5839
5840
5842
5845
5846
5847
5848
5854
5855
5858
5862
5866
5869
5874
5875
5878
5879
5882
5884
5885
5887
5889
5890
5894
5895
5896
5897
5898
5899
5900
5901
5902
5903
5904
5905
5910
5911
5914
5918
5919
5924
5926
5931
5932
5933
5934
5936
5940
5941
5942
5943
5946
5947
5950
5951
5954
5960
5964
5965
5966
5968
5974
5975
5976
5977
5980
5981
5982
5983
5984
5985
5986
5987
5989
5990
5991
6009
6020
6027
6029
6031
6037
6038
6043
6045
6048
6050
6051
6053
6054
6066
6081
6082
6083
6084
6088
6090
6093
6094
6100
6101
6109
6111
6116
6117
6121
6123
6124
6125
6126
6127
6130
6131
6133
6134
6135
6139
6140
6141
6143
6145
6146
6147
6148
6154
6155
6161
6164
6166
6168
6169
6170
6171
6172
6174
6176
6177
6179
6180
6183
6184
6185
6186
6188
6189
6190
6193
6194
6195
6197
6198
6199
6200
6202
6204
6206
6208
6215
6217
6219
6220
6224
6225
6226
6227
6229
6230
6231
6232
6234
6235
6236
6237
6238
6239
6240
6241
6242
6244
6246
6252
6253
6256
6259
6260
6263
6265
6266
6275
6276
6278
6279
6280
6284
6286
6290
6291
6293
6294
6297
6298
6301
6305
6306
6308
6309
6311
6313
6316
6317
6318
6319
6321
6323
6324
6326
6328
6330
6331
6332
6337
6341
6343
6344
6345
6346
6349
6350
6356
6358
6360
6361
6363
6365
6369
6370
6375
6376
6377
6379
6381
6383
6386
6387
6388
6389
6390
6391
6392
6393
6398
6399
6403
6404
6406
6407
6409
6411
6412
6413
6414
6415
6416
6419
6420
6421
6425
6427
6429
6432
6433
6436
6437
6439
6440
6441
6446
6449
6450
6451
6452
6453
6455
6456
6457
6460
6469
6472
6479
6480
6481
6482
6483
6485
6489
6490
6491
6494
6498
6499
6500
6501
6502
6503
6504
6505
6507
6508
6509
6510
6516
6519
6520
6521
6522
6529
6538
6541
6547
6548
6549
6550
6551
6553
6554
6555
6556
6558
6563
6564
6566
6567
6568
6569
6570
6571
6572
6573
6574
6576
6578
6584
6588
6591
6593
6598
6602
6603
6604
6607
6610
6613
6620
6629
6633
6636
6638
6639
6640
6641
6644
6645
6646
6647
6652
6653
6655
6656
6657
6658
6660
6672
6673
6674
6676
6678
6683
6686
6689
6691
6694
6695
6696
6697
6699
6710
6711
6715
6716
6726
6727
6728
6729
6731
6751
6752
6753
6757
6759
6760
6761
6762
6766
6801
6802
6803
6804
6809
6810
6811
6812
6819
6820
6822
6827
6844
6860
6874
6889
6892
6893
6904
6908
6911
6913
6914
6922
6931
6934
6935
6938
6943
6944
6945
6949
6955
6960
6961
6973
6975
6981
6983
6984
6985
6987
6988
6989
6992
6994
6996
6998
6999
7001
7010
7015
7021
7025
7026
7029
7030
7031
7033
7034
7035
7037
7039
7040
7041
7042
7043
7044
7045
7064
7072
7082
7089
7091
7093
7099
7100
7101
7103
7109
7111
7113
7114
7115
7116
7119
7120
7125
7127
7129
7130
7131
7132
7133
7137
7138
7139
7141
7143
7147
7149
7150
7151
7152
7153
7155
7156
7157
7160
7173
7174
7176
7177
7178
7181
7186
7188
7190
7191
7192
7193
7195
7196
7197
7205
7208
7212
7215
7222
7228
7244
7246
7250
7251
7258
7264
7268
7269
7270
7271
7272
7274
7276
7277
7278
7279
7282
7283
7285
7287
7288
7289
7291
7292
7297
7298
7299
7300
7301
7305
7306
7309
7310
7314
7316
7317
7319
7320
7321
7322
7323
7324
7325
7326
7327
7328
7330
7331
7332
7333
7334
7336
7337
7338
7339
7342
7343
7344
7345
7347
7350
7351
7352
7353
7354
7356
7357
7359
7371
7373
7375
7376
7380
7381
7386
7393
7397
7399
7401
7405
7408
7410
7411
7414
7415
7418
7420
7423
7430
7431
7435
7448
7454
7460
7465
7467
7468
7481
7494
7496
7512
7513
7518
7519
7529
7530
7533
7540
7563
7567
7573
7575
7579
7586
7597
7598
7601
7602
7607
7609
7612
7616
7617
7621
7622
7624
7628
7631
7632
7634
7635
7637
7639
7640
7643
7644
7647
7660
7661
7663
7664
7665
7667
7670
7678
7685
7692
7693
7694
7698
7699
7704
7706
7708
7709
7710
7714
7715
7716
7721
7722
7723
7726
7728
7729
7730
7731
7732
7735
7736
7739
7741
7743
7744
7746
7749
7752
7755
7766
7794
7803
7811
7819
7827
7831
7832
7833
7835
7837
7841
7842
7843
7844
7845
7846
7847
7848
7849
7850
7851
7852
7855
7856
7858
7860
7861
7862
7864
7865
7868
7870
7874
7878
7881
7884
7897
7904
7907
7909
7910
7911
7912
7919
7921
7924
7925
7931
7936
7937
7943
7951
7954
7960
7961
7971
7974
7976
7977
7978
7982
7984
7985
7988
7992
7993
7996
7998
8003
8004
8005
8006
8008
8010
8012
8013
8016
8018
8019
8020
8021
8023
8024
8025
8026
8027
8028
8030
8031
8032
8036
8037
8038
8039
8045
8046
8047
8050
8051
8053
8061
8062
8063
8064
8065
8066
8068
8069
8071
8080
8086
8087
8089
8090
8092
8095
8099
8102
8103
8104
8105
8106
8107
8108
8109
8110
8112
8114
8115
8116
8118
8119
8120
8121
8123
8126
8131
8134
8135
8136
8137
8138
8140
8142
8143
8145
8146
8150
8151
8154
8158
8159
8160
8161
8162
8163
8164
8165
8167
8169
8170
8172
8173
8174
8177
8180
8181
8183
8184
8189
8192
8194
8195
8197
8198
8199
8200
8201
8202
8203
8204
8205
8206
8207
8209
8210
8211
8212
8213
8214
8218
8243
8251
8252
8255
8256
8267
8268
8270
8271
8273
8274
8277
8278
8283
8288
8289
8291
8294
8297
8307
8321
8323
8325
8326
8329
8330
8332
8333
8345
8348
8351
8353
8358
8359
8360
8364
8365
8372
8374
8375
8376
8379
8384
8385
8386
8387
8388
8389
8390
8391
8392
8393
8394
8397
8401
8403
8409
8410
8411
8412
8413
8417
8422
8423
8424
8431
8432
8436
8437
8444
8446
8447
8448
8450
8454
8455
8460
8463
8465
8490
8491
8493
8494
8495
8498
8501
8504
8507
8511
8514
8516
8521
8534
8535
8536
8539
8542
8544
8547
8548
8549
8561
8563
8564
8566
8570
8571
8573
8574
8576
8577
8579
8580
8592
8594
8595
8598
8601
8603
8610
8611
8618
8623
8624
8629
8630
8633
8634
8639
8642
8643
8644
8645
8647
8650
8653
8656
8657
8659
8660
8661
8684
8686
8698
8700
8702
8703
8707
8713
8714
8715
8723
8724
8728
8731
8732
8734
8735
8737
8738
8739
8740
8743
8747
8748
8750
8751
8753
8755
8765
8771
8773
8777
8779
8780
8784
8790
8792
8794
8797
8798
8799
8803
8807
8808
8809
8811
8813
8814
8817
8820
8824
8826
8827
8829
8831
8839
8841
8842
8843
8847
8848
8850
8851
8852
8853
8854
8855
8856
8860
8862
8864
8865
8869
8870
8871
8873
8877
8879
8880
8882
8887
8890
8891
8893
8894
8899
8902
8903
8908
8909
8910
8911
8913
8914
8915
8916
8917
8918
8919
8922
8928
8930
8931
8934
8935
8936
8937
8938
8939
8941
8945
8946
8947
8949
8950
8951
8952
8954
8956
8958
8959
8961
8964
8967
8968
8970
8972
8977
8978
8979
8980
8982
8983
8984
8985
8986
8988
8989
8990
8991
8993
8994
8995
8996
8997
8998
8999
9000
9002
9003
9004
9005
9006
9007
9008
9010
9011
9012
9013
9014
9016
9017
9018
9020
9021
9022
9023
9024
9026
9028
9030
9032
9033
9034
9035
9037
9039
9041
9042
9050
9057
9058
9061
9062
9063
9066
9068
9073
9075
9076
9077
9078
9079
9080
9081
9082
9086
9087
9088
9089
9093
9094
9095
9096
9097
9106
9108
9110
9121
9122
9127
9128
9129
9131
9135
9136
9144
9146
9147
9150
9151
9153
9156
9157
9158
9159
9160
9161
9162
9163
9166
9167
9168
9169
9172
9173
9174
9175
9176
9177
9178
9179
9183
9184
9185
9186
9188
9189
9190
9191
9192
9195
9198
9199
9200
9201
9202
9203
9204
9205
9206
9207
9208
9209
9210
9211
9212
9213
9214
9215
9216
9217
9218
9219
9220
9221
9222
9225
9226
9227
9229
9232
9234
9235
9239
9240
9241
9242
9243
9248
9250
9253
9259
9261
9262
9263
9264
9266
9268
9269
9270
9271
9273
9275
9276
9277
9278
9279
9280
9281
9282
9283
9284
9285
9286
9287
9289
9296
9297
9299
9302
9303
9304
9305
9306
9311
9312
9313
9315
9317
9318
9320
9321
9323
9324
9325
9328
9329
9330
9332
9334
9335
9336
9337
9338
9340
9344
9346
9347
9348
9349
9350
9352
9353
9354
9355
9356
9358
9359
9360
9364
9367
9368
9369
9371
9373
9374
9376
9377
9378
9380
9382
9385
9386
9387
9392
9393
9394
9396
9397
9398
9400
9403
9404
9406
9408
9409
9410
9411
9412
9414
9415
9419
9420
9421
9426
9427
9429
9431
9432
9433
9434
9436
9437
9441
9443
9444
9447
9450
9451
9453
9457
9459
9461
9463
9466
9471
9472
9474
9475
9476
9477
9478
9479
9481
9482
9487
9489
9490
9491
9492
9493
9495
9498
9499
9502
9505
9506
9508
9509
9510
9511
9512
9513
9515
9516
9517
9519
9520
9521
9522
9523
9524
9527
9528
9531
9532
9534
9535
9536
9537
9538
9541
9542
9544
9545
9547
9548
9552
9556
9557
9559
9562
9563
9564
9567
9568
9570
9572
9573
9574
9577
9578
9580
9582
9583
9587
9589
9590
9592
9593
9594
9595
9596
9598
9599
9600
9603
9604
9605
9606
9607
9608
9609
9611
9612
9613
9614
9617
9618
9620
9622
9623
9625
9626
9627
9629
9631
9632
9633
9634
9635
9636
9637
9638
9639
9642
9644
9646
9647
9648
9649
9650
9653
9654
9656
9657
9659
9660
9661
9662
9663
9664
9669
9672
9673
9674
9676
9679
9680
9683
9684
9685
9689
9692
9694
9696
9697
9698
9699
9700
9701
9702
9704
9705
9707
9709
9710
9711
9716
9717
9718
9720
9724
9729
9731
9735
9736
9737
9738
9739
9740
9742
9743
9744
9746
9747
9748
9749
9750
9751
9752
9753
9754
9755
9756
9757
9758
9759
9760
9761
9762
9763
9764
9765
9766
9769
9770
9771
9772
9773
9774
9775
9776
9777
9780
9781
9783
9784
9786
9788
9790
9791
9792
9793
9795
9796
9797
9804
9805
9806
9807
9808
9810
9811
9812
9813
9814
9815
9816
9817
9818
9819
9821
9825
9826
9828
9829
9830
9831
9832
9835
9836
9837
9839
9840
9841
9842
9843
9844
9845
9846
9847
9848
9850
9851
9855
9856
9857
9858
9859
9861
9863
9864
9866
9867
9868
9869
9870
9871
9872
9873
9874
9876
9878
9880
9881
9882
9883
9884
9885
9886
9887
9888
9889
9890
9894
9895
9896
9898
9899
9900
9901
9902
9903
9908
9909
9910
9911
9912
9916
9917
9919
9920
9921
9922
9923
9924
9926
9927
9928
9929
9930
9933
9934
9936
9937
9939
9940
9941
9942
9943
9946
9948
9950
9952
9953
9954
9955
9956
9957
9960
9961
9962
9963
9966
9968
9969
9971
9972
9973
9974
9975
9976
9977
9978
9979
9980
9981
9982
9984
9985
9986
9987
9988
9990
9991
9992
9994
9996
9998
9999
10000
10002
10003
10004
10008
10010
10011
10012
10013
10014
10015
10016
10017
10018
10019
10020
10030
10031
10034
10035
10038
10042
10044
10045
10046
10047
10049
10050
10051
10052
10054
10056
10059
10060
10061
10062
10063
10065
10069
10070
10071
10077
10078
10079
10080
10081
10082
10084
10085
10086
10089
10090
10091
10092
10093
10094
10095
10096
10097
10098
10099
10100
10101
10102
10103
10104
10105
10106
10107
10108
10109
10110
10111
10112
10113
10114
10115
10116
10118
10119
10120
10121
10122
10123
10125
10126
10127
10128
10129
10132
10133
10134
10135
10136
10138
10139
10140
10142
10146
10147
10148
10149
10150
10151
10152
10153
10154
10155
10156
10157
10158
10159
10160
10161
10162
10163
10164
10170
10173
10177
10178
10182
10184
10185
10190
10191
10192
10193
10195
10197
10198
10201
10203
10204
10205
10207
10208
10211
10214
10215
10218
10219
10220
10221
10222
10223
10225
10226
10227
10228
10230
10231
10232
10234
10235
10236
10237
10239
10240
10241
10242
10243
10244
10247
10249
10250
10251
10255
10266
10267
10268
10269
10271
10272
10275
10276
10277
10280
10281
10282
10283
10284
10286
10287
10288
10289
10290
10292
10297
10298
10300
10301
10303
10304
10305
10307
10308
10309
10314
10315
10317
10318
10321
10322
10323
10326
10327
10328
10331
10333
10334
10335
10337
10338
10339
10340
10343
10344
10345
10346
10347
10348
10349
10350
10351
10352
10353
10354
10355
10357
10358
10359
10360
10362
10363
10364
10366
10367
10368
10369
10370
10371
10374
10375
10376
10378
10380
10382
10383
10384
10385
10386
10387
10388
10390
10392
10393
10395
10404
10408
10409
10410
10411
10412
10413
10415
10417
10420
10421
10422
10425
10426
10427
10429
10430
10431
10432
10433
10434
10435
10436
10438
10439
10440
10441
10442
10443
10445
10446
10447
10448
10449
10450
10451
10452
10453
10454
10455
10456
10457
10458
10459
10460
10461
10462
10464
10465
10466
10467
10468
10470
10471
10472
10473
10474
10475
10476
10477
10478
10479
10480
10481
10482
10483
10484
10485
10486
10487
10488
10489
10490
10491
10492
10493
10494
10495
10496
10497
10498
10501
10502
10503
10504
10505
10506
10507
10508
10510
10511
10512
10513
10514
10515
10516
10517
10519
10520
10521
10523
10525
10526
10527
10528
10530
10533
10534
10535
10537
10538
10539
10540
10541
10542
10543
10544
10545
10546
10547
10548
10549
10550
10551
10552
10553
10555
10556
10557
10559
10561
10562
10563
10564
10565
10566
10567
10568
10569
10570
10571
10572
10574
10575
10576
10577
10578
10579
10580
10581
10582
10583
10585
10587
10591
10593
10594
10596
10597
10598
10599
10600
10601
10602
10603
10604
10605
10606
10607
10608
10609
10610
10611
10613
10615
10619
10621
10622
10623
10624
10627
10628
10629
10630
10631
10632
10633
10634
10635
10636
10637
10638
10639
10640
10641
10642
10643
10644
10645
10646
10647
10648
10650
10651
10652
10653
10654
10655
10656
10657
10658
10659
10660
10661
10662
10663
10664
10665
10666
10667
10668
10669
