7006
78
103
1206
5355
1309
125
7426
50
6668
62
1014
1321
5337
6921
8506
8425
47
1310
7200
998
86
4313
492
5332
1077
55
3700
5315
1079
1626
8662
4244
190
454
4185
448
45
995
1226
1215
191
4241
2771
1399
7948
453
56
787
5351
98
71
64
7659
7051
3662
8838
4753
919
568
1334
9244
109
36
5534
163
158
1336
1499
7757
130
546
9142
541
70
137
452
1660
3717
122
8543
7876
7052
451
85
3714
7002
110
1485
429
1195
1385
772
8596
68
5532
780
806
1177
106
57
1327
6717
6947
1515
7360
1313
791
655
101
60
195
7169
7056
7054
84
5342
6773
1492
192
3660
476
1317
77
4199
5191
3798
1372
1039
6782
6771
6941
610
789
6380
131
1524
116
4897
108
6783
3684
1365
1716
9372
1
5212
151
1847
146
829
435
4398
788
458
8616
6733
1411
8757
1342
487
794
1329
3950
83
260
7412
762
6445
3721
1630
145
3518
783
3948
7427
4279
4895
611
15
6557
1350
1506
1839
9413
1320
91
886
981
9309
792
6423
629
1550
5816
432
5437
1526
1212
6828
8885
7944
6461
1216
2080
7161
35
9865
69
90
4749
509
658
4170
6098
6395
7886
144
1851
1677
1512
3872
7879
793
8405
7022
5554
3307
72
6703
1360
7959
1848
7451
6366
1331
8523
911
628
862
7890
5395
1214
6011
1559
5365
7265
7312
1219
5343
875
850
774
5409
8179
8149
7895
960
1225
30
6792
612
9730
5563
3460
7385
491
7455
6245
7891
6442
9555
9165
7877
6777
7425
8761
7883
1549
5334
539
1375
804
9907
94
7672
4282
7506
8775
1228
3716
7470
1422
7893
9823
3374
1608
8130
7378
2591
7439
5242
3323
107
7771
4778
1249
7707
7758
4382
5338
7953
7490
4772
2
9294
8763
9090
6015
1564
1583
10026
9223
53
1008
1095
481
7949
7012
7651
10229
7154
1009
630
9366
462
485
777
3724
6833
1561
4787
102
8191
1504
1774
3873
656
10189
9401
4263
7927
1010
6512
2633
5956
1094
766
1081
4245
9139
9425
768
1274
6702
778
79
5389
8583
266
1210
127
6926
2116
5357
6670
8285
10131
406
5345
3969
239
5192
6991
8861
589
3719
5393
4203
5195
6785
7882
8772
7536
1275
9591
2710
899
2309
1815
799
3682
225
1245
4229
5397
834
1191
1004
1558
4242
49
10036
1390
1661
128
1208
1179
6763
3828
8626
488
1860
97
3459
885
5944
996
4208
1186
5216
3657
1184
1374
689
8420
1535
6791
3715
6772
8804
1802
8953
5624
3490
830
4769
478
5531
7701
5408
7658
2611
4804
6799
1642
93
8122
3650
8127
3568
616
4305
8208
5813
8182
1058
3661
1440
1338
544
1728
844
10021
982
4189
1182
1563
924
9879
1155
9125
6848
6364
986
1133
524
8152
9327
1973
7968
819
9148
1455
8766
10518
3563
1842
790
7873
859
637
4720
6807
4286
4255
472
9288
6781
6001
2085
8489
4781
3995
59
4306
7070
9132
8649
9610
7885
9390
1076
4251
8383
7686
9351
9708
1598
7761
2566
1498
832
8371
5544
8128
10209
8625
1221
8788
10381
10048
8324
8088
4871
1510
7453
2598
1373
5213
7434
5194
6764
7779
1265
8767
894
1841
1194
8322
7018
7887
8346
10261
10009
2285
8699
7747
7774
1289
4764
8759
769
9036
2093
1899
9181
9628
7965
7929
900
8758
1555
7753
8074
4993
5724
499
7383
7182
5372
7928
9518
434
6046
6864
8404
7808
6019
5682
6775
4218
540
7569
7112
6705
8948
9918
3576
2696
7499
1833
6454
5542
7011
10212
4905
7781
6669
8590
3856
873
4205
6789
216
8866
5709
9794
10183
7167
1055
38
9407
8878
1181
525
3319
8711
1261
6745
9904
1844
631
6476
4343
58
6787
6424
3573
5957
510
941
4193
1857
8139
9688
9616
8367
933
2324
5447
4777
1410
10396
8768
1596
1546
4338
7795
8778
4195
1424
6014
7444
6835
8418
6287
7727
3308
7859
9651
7940
6248
7854
6041
5377
4330
920
7171
5317
1449
7802
5358
6651
8222
4068
1271
8101
87
6631
449
9357
4401
1789
9993
9561
9675
9430
10399
9820
9670
9124
8648
7697
1242
10294
1007
7866
1185
10057
8216
8185
2359
9539
96
8257
5499
1100
9602
4776
6779
9678
8356
8357
4228
9691
2120
6410
4385
4396
7102
159
1017
1680
132
329
9530
113
7684
5958
9256
1737
6006
4258
4248
4247
81
4943
6590
5568
7945
5602
54
7005
7773
4349
8697
2745
6829
6786
7463
6780
8408
1552
7488
6089
1415
6087
959
638
5402
9331
5417
3538
6016
149
657
10437
8976
8769
1520
28
801
7068
6511
9116
1896
786
5771
10332
1241
5762
9140
9267
9892
402
528
6468
6627
1977
676
4347
9601
8706
2059
7059
6755
9719
7273
1394
3690
1976
1713
6372
1975
7869
10141
10257
5179
9388
2538
7539
289
5374
8144
3857
2982
8619
522
8655
6666
3876
3304
8231
6662
10258
7249
408
63
9687
1169
2469
4410
1091
8106
5050
5052
8912
1083
1082
8100
7359
5060
8094
8907
3739
8091
9762
5046
7020
8111
6213
8119
1125
1124
8118
5035
8116
8115
1116
1060
9723
9724
1112
9725
1107
1106
9728
9729
8113
1114
8920
9767
9769
3728
5094
2098
9811
2459
9813
9814
9815
1020
9816
1003
8067
9819
6163
9824
2105
9827
6784
1005
3730
3731
8079
9773
6776
9778
9780
9781
5079
9783
9784
9785
9786
9787
6182
9789
9790
9791
6181
1031
8083
7369
9768
7348
5030
2994
9620
6271
1239
8944
9626
9627
6754
4431
2887
8156
1223
9633
6261
4986
4427
1659
6010
6012
10073
10072
4564
1708
10069
10068
6566
7044
9187
9184
8581
10078
8584
8586
5169
6018
10058
5167
10056
8587
8597
6022
10050
4548
2377
10047
9607
9612
10079
6565
3994
7078
4587
5200
5199
7074
5994
4005
7069
4584
6556
6561
6000
4566
5190
9597
7063
6003
7057
7055
10088
675
10087
7050
10085
10084
6007
7047
5189
7080
9613
4053
6990
6049
2310
4891
2304
4892
8669
10005
8670
8671
10002
10001
10000
6594
9999
9997
9632
776
9994
8673
2294
781
782
9991
9990
8675
6599
1187
9998
8602
1197
10017
7025
2368
9180
4547
8617
9404
6292
8621
732
9982
9576
6325
4770
9579
4499
2930
8034
9584
4309
5929
10169
6967
7521
8040
9586
5935
8042
6968
593
9588
10146
10145
9585
10144
5206
9573
1645
5909
10192
5221
3768
6336
2336
5218
5217
5912
9575
3765
10182
10181
1248
3452
9568
4766
1653
9571
5208
9572
1648
8402
599
3951
9027
7505
6739
4797
4327
7264
4800
3487
7266
1183
10117
2582
650
4807
9038
8362
8361
9040
7269
2881
1861
1166
4806
2185
5953
8057
7255
10140
7256
10138
10137
4779
609
7257
4317
8741
8058
613
3952
10130
6312
1205
6310
10127
10126
10125
10124
10123
8380
2592
9550
4295
9496
1398
9702
9703
5836
4271
1803
5227
474
3904
5841
1528
2508
7589
9301
484
2067
2068
10248
7280
10263
10264
10288
5817
6936
10284
9316
9686
444
10276
2058
9690
4265
1810
5829
8414
10267
10266
10265
9293
9677
2220
4818
1784
1783
4843
4287
10210
1565
9085
5865
10206
4848
530
7562
1775
5881
4852
7558
1566
10216
4842
10218
3919
3920
1791
10231
10230
4460
5857
7310
2213
10225
4834
7317
8822
7318
4285
1560
513
4466
9676
7611
428
356
7648
7647
3709
7646
7084
9330
2249
8443
7980
8858
8857
7638
3306
1846
10343
7641
5319
1496
1855
10379
335
1490
2474
9448
5264
347
7108
9446
6447
7107
7106
5271
7105
10369
5718
9438
7098
7676
7677
7466
6465
7994
5282
1377
10385
7086
5288
5289
7109
3202
6444
7666
6401
392
9497
10324
10325
9485
9484
8646
8647
9480
5748
10336
1308
9473
7656
10342
3232
9469
9468
7118
6434
7113
7111
7110
6443
7667
9509
7987
9400
7962
5322
9345
9342
1466
3877
10440
259
1482
10443
10444
10445
1487
5335
7718
246
5340
243
8764
1507
4377
5655
7941
235
4370
1445
8696
10425
10424
310
7689
5297
7690
1393
5299
304
10402
10403
1395
5301
296
7696
9391
291
8708
1413
8712
6800
7423
182
183
1420
7938
7939
5591
9362
6518
7411
202
8789
8786
8785
5811
5809
9983
2046
9976
6463
9971
9970
9968
9967
9966
9965
7738
9960
9958
10510
7735
6997
175
1912
10547
9249
8303
9251
9258
6619
6616
9265
10538
9266
10536
10535
150
10533
4939
8170
3284
5370
8167
1949
8317
10522
1956
8321
168
962
1960
5360
10032
9245
7734
7387
276
8628
843
7175
7178
857
9655
9656
881
9663
9666
6137
9839
4631
9835
914
928
4743
3627
3624
4741
946
4739
3571
953
983
3572
957
4719
10419
10463
3695
3701
4859
3113
8719
9948
9947
6076
6654
9915
9916
9917
6879
8295
7546
6079
6354
4179
8236
8232
5503
8227
8226
5388
6888
1767
5561
7482
6872
7912
95
9914
9913
7818
121
120
7809
814
10558
5538
10560
10561
5537
817
7475
6871
9233
6873
7813
808
7814
9236
9230
1607
8497
9911
5541
8196
4209
811
6851
8933
5469
5470
5471
6847
5458
6901
10654
6838
9514
5475
5413
6854
4150
8930
8962
4237
6916
6918
12
5452
8
6919
6832
1586
7902
8928
10071
10080
10070
9471
8806
10053
9470
3789
5969
5967
8815
8275
1260
3797
1277
4383
608
603
8335
10089
9465
7478
4938
8320
580
3814
9770
5850
494
9307
8292
9881
8304
6595
2735
6899
9339
4504
8280
2425
9389
9396
9961
8805
3738
6005
8896
6993
9464
3747
3792
8352
853
3071
8666
1595
8676
8178
7999
10644
6718
4648
9922
9924
9806
9905
2168
4761
7356
2165
4728
6096
9851
4727
9973
8611
9977
8612
8620
9978
6040
8622
9774
8463
9987
9988
8473
9972
892
9896
9853
8573
9854
9864
9869
9870
9873
9874
8575
8577
8579
9875
9876
9878
6122
8462
7267
8585
9882
8588
9821
9884
9885
9888
8538
810
3509
897
9995
9895
10015
8263
3228
459
7568
447
8242
5065
10272
8212
5073
8211
5225
7872
2604
2605
7422
6977
8701
2610
5814
76
4824
10037
9363
9272
6467
4830
10045
4452
477
1368
4012
7564
6458
10611
1231
5467
8001
170
6912
134
10524
8041
7655
1319
1322
701
9996
5058
7400
1264
5280
4303
2000
10016
10256
10512
105
7275
1481
8709
9779
8730
9516
6986
984
1567
7759
2809
6861
6281
204
9925
2069
1513
8124
8378
566
5908
7492
5915
4049
7489
1889
2350
9077
554
8125
9273
9619
8901
9538
10185
7443
5577
502
7898
2966
3567
9397
9329
9398
9693
7153
1333
9395
7692
6608
7768
8199
7740
6597
5707
9405
6315
7681
9715
6604
5444
7452
9454
6579
1959
6628
5246
7163
9328
9665
1684
1345
4428
7613
7826
9640
6712
5203
1906
2343
3930
6870
3835
10600
7680
9959
8014
278
6601
6737
6634
5082
1232
5236
10049
8082
7671
7670
3570
8085
179
990
10511
5963
10539
1657
9487
9317
10310
10532
10531
10530
365
10528
10527
2902
364
6302
5523
7835
9698
9699
10316
155
5530
10318
9126
5233
1592
10509
1227
3569
6826
9318
3834
10438
10023
9083
10433
662
6533
9727
10020
6856
10019
10018
9435
6539
6887
5170
4224
8774
940
5617
7135
5859
7136
678
4216
3622
5089
10374
8801
7419
4267
6855
10372
301
1174
2100
100
5462
5670
2825
9862
1158
10373
529
10583
9537
6448
5446
8033
4597
1703
9964
2799
10172
8117
10176
1339
118
8129
5521
10028
7189
7190
2158
6853
8166
6233
1236
1200
1230
8084
4119
4565
8078
10540
8502
5485
576
7733
10400
1617
5320
5207
6355
5404
1730
4011
8906
9274
5359
764
6405
1092
9241
16
9649
9645
1465
8007
2311
6722
10648
9587
1444
8373
4625
1785
7856
7868
7209
9766
9653
9765
8942
1028
2851
2632
9365
1527
7855
8423
10081
9144
4158
9146
4159
9147
1568
4166
9152
9643
10665
3133
10664
9635
7194
7166
5549
4177
9143
548
4167
6470
1417
7168
1316
3958
8060
3735
1078
8421
8422
10193
4421
3916
6426
2822
3603
4261
508
9641
2434
10645
7004
9642
9608
3296
968
3103
7522
6731
6732
3791
7784
5871
9315
10609
5434
9722
10175
9529
9609
6408
10610
9314
3179
5474
9565
9681
507
10555
3691
9553
9104
9549
9500
4316
3256
9668
1688
2054
6283
3938
7324
10517
6399
4880
2284
4591
2506
3294
3391
5119
6243
7311
7905
6221
6541
9503
4146
3259
7469
2789
7845
3431
1122
587
9415
1934
2117
10421
8467
5346
4654
3449
3607
8752
2106
10553
2589
3542
6337
5045
8665
9955
3822
5755
9528
695
6456
2680
7381
2365
1157
1854
2628
2884
2967
10469
1651
4694
8879
1015
9419
4009
8061
2806
3043
1452
4904
939
3424
1693
5556
6929
7186
8829
7300
5274
7344
7364
9403
2874
501
2980
2090
5369
1574
7594
2263
3697
5376
8059
9248
8559
9861
980
2301
2824
4677
8268
2018
1419
8512
316
2413
8297
1478
254
4919
6504
577
1467
2603
6008
2746
1591
5664
10102
2271
5460
6686
1431
9020
1679
7000
4302
7765
8140
2917
3521
3530
6231
3986
8299
2499
6360
10180
10489
2947
9753
824
7743
2941
3235
10275
7556
8501
21
2088
7997
542
7838
4636
1269
4664
2238
10139
2428
9045
1590
9495
348
9011
9605
6469
8691
9103
5654
1409
10197
5379
10168
6694
2053
3933
5873
9081
4335
7554
1429
750
9205
8259
8834
10635
9276
2892
5875
10525
6513
4866
6317
457
3372
10485
173
7206
6812
4688
317
5688
6199
6762
2843
2623
2279
2976
3162
2094
4096
10105
6749
3836
228
5308
2376
10122
1290
2147
1256
8971
6452
2103
6706
767
8530
7600
4771
1408
5991
10639
563
8069
2473
10331
7357
4075
7899
8884
3851
5019
6064
614
1301
2877
1340
9287
954
7141
5314
8360
10220
8253
6747
3688
9014
2721
7820
8949
5215
3425
7982
4586
6353
1843
6207
5525
2498
10104
7037
4264
10298
2915
8876
4118
6258
9355
3170
4768
8213
8332
8988
3333
7376
2542
3898
7339
1796
1611
5033
117
9286
4191
5245
5653
2938
2756
2853
7833
3042
7457
10588
1087
3743
10366
3061
10508
7268
4076
8482
9593
2397
6154
7563
3018
5069
3729
10593
5920
7335
8258
2113
450
1951
6502
3527
3848
7844
4297
5774
3001
7236
6384
6575
7700
1779
870
1480
8447
3843
6726
6262
9458
8341
5824
1459
10228
3169
6974
4991
5581
9661
439
8454
2232
1475
2218
1577
9945
8112
4823
9439
9198
4092
815
3320
5426
9371
3587
8728
193
8098
2212
2596
2933
4023
10283
6684
1575
4164
3217
7660
4988
8825
5874
3126
3658
8599
3404
1640
4912
10083
2440
9682
4259
345
1534
5728
1856
6495
9551
505
6933
10617
5990
164
1601
7925
10115
1615
9840
6724
930
4501
9457
180
7486
748
1532
6055
7215
1136
10624
5658
3479
6964
1161
2170
6082
7299
643
9796
7386
9252
6304
269
313
5703
3239
8849
2562
7095
10177
5387
5838
3500
3172
8189
7329
6577
5698
8032
3273
6141
9002
10416
4745
8661
2060
6240
8881
1448
9986
10502
7289
6083
4490
7258
7937
8899
1905
3959
456
4987
4069
1042
2527
3211
4480
2867
9239
8444
3537
9932
2764
9054
9376
2668
2996
8961
9257
7003
5745
8738
9149
527
6124
3218
10458
564
923
368
2023
9657
6035
9741
5685
7247
372
1782
7914
2437
4371
570
5720
1295
8151
7210
1353
7931
7234
318
2615
6875
9431
9738
1878
6564
3585
3532
2537
8273
2035
5423
1542
8496
280
1068
1756
4672
3389
2962
5149
5922
8080
9672
6453
8824
3946
5025
4637
3924
753
4711
8413
7723
3366
1416
2056
7152
3106
6301
8852
2139
7242
2364
625
6320
2571
258
4533
10618
9449
1948
848
4858
5133
2171
10027
10380
3430
3265
490
10559
2278
770
2574
3552
1662
8336
8064
9029
737
2432
212
730
9445
9705
3040
8203
6128
8729
3053
2166
8455
5095
5899
8028
2079
1505
111
5123
4956
7176
7349
9117
3077
2848
2159
5785
9527
5500
7633
761
1745
1503
6166
306
2677
6582
1383
2195
4356
303
1633
935
5921
4709
3558
10452
10235
7717
10651
3953
4256
4759
8193
10120
1074
7552
6218
7365
4679
3340
2795
3356
9199
273
4070
421
4291
693
407
3896
1473
8147
3559
1699
6331
5567
9028
3215
2512
8247
2236
6278
8110
7132
6307
4288
6464
8003
6031
4686
341
1638
543
3335
205
4196
7131
6438
3302
9060
2177
9095
9323
7347
8219
5171
8201
2697
6642
2515
3515
237
7649
4260
784
2005
3145
8659
831
1727
1663
5204
7274
3178
340
7762
7751
1533
8174
1655
6398
51
9801
1303
2237
319
10606
2408
427
8294
6085
3438
8964
10466
8779
3535
3638
5588
6676
4062
2687
8531
2587
7730
8955
2579
5129
7560
10116
2082
2905
7933
5071
6203
5076
4803
4235
7319
327
10044
1738
3212
7698
5883
4682
7350
9910
6896
2854
4230
5310
7682
5431
5055
4471
9927
9580
4945
5604
8030
7252
10233
1823
5902
6886
8576
8874
931
1969
2894
2936
5572
9361
7149
1712
9858
10004
3480
8856
8063
9462
10160
7848
8539
3544
6326
8739
4400
4083
10378
7559
2205
10154
4929
9577
10563
8713
1162
3777
3586
1121
4875
5160
765
1203
4043
10503
9250
2340
10156
6729
10529
3862
8348
8353
7754
4184
4498
3935
2092
6119
5453
4432
3784
9100
1396
5442
5173
7653
2447
1384
9175
6062
4105
6032
2142
8603
7603
211
10024
5636
3732
2705
6377
6948
5747
5441
6101
7821
1639
412
6100
270
9880
6889
7955
1224
745
3298
4819
8582
1193
2252
6843
7036
9322
2796
6697
1895
5226
5364
696
9177
8886
1304
4795
9654
8837
5041
8618
4560
1519
752
1476
3778
8396
3973
950
7618
5739
3426
9949
5124
7825
918
1749
7076
6357
839
2533
1910
6318
9721
8223
2089
9877
2866
6228
8071
10568
8449
2536
9826
4035
8731
9364
2916
4457
820
3528
2846
3524
4378
9308
1557
5155
3478
2999
2381
4472
10151
6284
4091
2810
8377
6407
2460
7042
6480
4629
7645
7815
6279
3008
1769
8261
3371
8470
2041
2191
1488
7650
8811
9071
8495
7507
8397
3201
1318
1923
7834
6422
9166
8338
9928
4462
2638
7783
2855
7481
9906
1171
1813
3704
1980
10649
7957
9369
3134
10505
9508
8503
5665
154
281
8516
7669
325
3901
2423
3035
4643
1253
8305
5464
9505
4336
5965
6048
5867
7811
3383
3442
2749
7442
8323
3158
8089
1273
6253
311
9744
7039
4623
9482
2984
2230
3116
3805
9805
8532
2750
8756
4980
2038
5897
2912
2597
5140
5923
4536
6770
5666
823
677
7460
6373
2804
9206
1612
3339
584
9751
686
184
4959
4953
5801
6877
3565
9417
5152
5482
4607
66
6956
7496
4730
6650
3237
2402
3047
4902
8293
10494
5396
2505
9951
1359
5610
1311
6323
3198
3983
8950
369
5432
9513
3110
2181
2033
10357
92
3022
9749
9475
5172
1229
6514
560
5031
5733
7986
518
1270
5455
6927
2987
4016
8514
8677
4006
5309
601
5672
2692
7222
2923
5594
3469
6568
8990
4788
3623
7288
9701
10581
9383
8746
2011
7817
5639
2743
8688
373
649
7796
4151
10232
1293
267
4254
7459
5085
670
3436
2607
10499
3432
6767
7619
2723
1217
4605
6254
2637
4553
5110
3041
1407
10164
2805
3621
2255
3588
6165
1993
5692
2458
9745
6214
5339
4997
6340
8102
33
8601
1282
4115
6558
10323
3220
10459
3966
1516
3874
7082
10051
4065
9556
1600
104
6186
4860
2021
640
6692
9110
355
7664
6024
5329
6801
384
1792
9141
4922
913
1247
314
9569
10234
461
10426
3260
328
8868
500
901
2433
5168
7729
1484
5265
9394
10663
571
6850
8240
4453
2043
5562
2363
2665
4423
5828
6275
9188
7140
1576
5560
9709
73
253
7134
989
3269
2606
5947
9008
5769
7906
10667
951
5231
8957
8183
4392
284
6803
4125
8911
3625
9195
4422
1554
1517
10086
9
4468
3059
2861
4792
5176
9526
4058
5125
3979
4033
379
855
2926
9421
10204
3512
10166
8991
6858
2261
2674
5298
6112
1059
241
7750
2590
6202
3957
929
9617
5303
3114
5815
9793
3883
1071
9930
9510
8132
6295
7253
6412
5673
9134
9073
6078
4964
8031
10410
7501
3972
8773
2308
3075
3673
8552
6849
9567
6560
9679
7191
10620
3956
5014
6400
7326
9261
4585
7832
1908
10061
9981
3347
3917
7204
3471
5023
8716
285
6341
4104
706
4712
2143
10349
2061
2559
6609
2657
8126
6294
7040
9440
6446
4488
6532
4358
4523
2556
1168
5235
5877
5637
1955
174
5086
8181
4050
10143
5074
9302
283
2650
8936
9456
6497
8486
3878
4619
659
3192
5279
7512
9183
4746
10034
10457
7158
7871
10205
4496
3796
8313
6588
2907
7393
8682
2132
5934
9426
89
7211
5137
2724
4056
1705
19
3414
9494
4942
3593
3129
10448
8230
9472
3399
7133
866
3012
3674
5198
385
326
6164
5522
5238
4066
8717
10279
2821
5062
8000
7228
2652
5928
10327
10578
907
5180
7035
6576
4454
349
9860
7673
7930
437
7551
5507
9817
9227
8499
10347
8918
3964
10238
8155
2375
4284
3982
10128
1024
8472
3420
4886
5504
6021
5807
947
6044
2530
2522
9290
8465
4138
2427
2811
2529
2239
9207
6026
6388
10634
2176
2748
8826
8668
3219
6020
902
1446
6903
7622
8630
8831
5805
6280
6663
3773
6868
9164
4144
3996
2732
7049
1525
4157
10224
5092
4117
2872
7836
2488
2694
3727
5239
1613
2111
8096
3616
4098
4811
9424
5128
5913
4884
5916
1266
9332
4097
6683
1714
3423
763
4624
3984
4001
3575
9237
7517
2267
10243
5494
7468
9005
8851
362
2706
8748
5676
2807
3687
4409
6660
9777
2754
2162
1822
9161
8566
5259
7447
7181
8427
2047
10111
5422
4087
2672
6092
7610
8723
8157
660
6672
7535
4064
4031
3084
2446
3180
9160
7604
3903
7219
7415
2939
9055
4061
3635
2026
9720
386
5383
6367
4667
5223
9822
9957
5057
8049
4325
133
3089
9025
6205
6436
172
3652
3590
6934
2102
3361
3121
1376
8812
9623
3846
1080
8921
10501
10480
1240
10091
10097
3380
4214
5306
220
6432
4917
1218
6139
3349
366
6554
4465
9920
8037
6273
8974
5550
2841
6741
3146
3210
10346
1763
9202
4329
9521
4364
2439
7920
10507
908
2114
7390
1932
3224
6971
6136
8841
6701
3289
5244
9600
1920
2586
937
1211
1950
8791
10534
3079
5443
5344
7643
3105
468
2332
5949
2156
3044
666
6728
5415
5120
9662
2401
5603
1992
4253
4348
10250
6180
207
9636
5846
360
4017
10251
4592
5976
4198
3290
5257
4510
6623
2744
4752
8162
6613
6940
2643
2834
1909
6900
2154
5424
932
2730
4957
1108
1023
4268
7379
3696
3525
4633
1683
1328
3670
7354
8440
4985
9734
3756
3111
4653
1153
5975
4639
8391
6282
8633
9228
5539
10270
6311
2882
6962
9326
4718
5689
3190
8176
3450
8890
7334
7764
4171
2707
10014
4765
3288
8202
8526
7237
7571
9061
4112
7130
3706
7220
1352
10376
9578
1890
2528
5026
8965
9674
9459
3890
7704
3694
4304
2302
9667
6882
8732
5305
4813
10242
1423
9130
8796
9710
1364
2051
2977
5327
9544
2954
290
7529
8265
2443
3002
865
4341
2153
5968
9451
4420
6758
5540
5399
9631
9255
2793
3011
5029
9771
7828
2042
3894
8363
10382
5977
5509
5127
6839
4464
6647
6626
4381
3742
2788
4187
7438
1156
7842
7710
4700
7254
6185
9168
8591
5122
9937
3370
1044
7416
9264
4090
2253
7251
6255
5861
6675
0
10554
1286
8274
1439
4240
1999
10479
3062
6983
8545
9520
641
8745
8793
2767
1472
4744
2838
10247
4697
7435
8248
7972
10271
9120
4906
4838
6368
2431
5015
7683
2173
4030
6392
4569
4275
6490
7315
4514
5051
3357
9295
2904
7374
10626
2541
9492
5830
3680
7239
2736
3464
7370
6343
6210
4002
4393
7064
10456
9352
112
6648
889
5174
9763
618
3021
6346
8924
5008
5077
2422
6658
6217
3864
321
4665
2119
4470
5277
948
1089
6339
8770
3589
2411
7573
5037
9311
3393
5134
2837
3441
7616
8390
7857
1545
2226
891
249
1621
1381
3885
1812
5300
2780
9032
5629
8024
1139
8301
7010
4652
6644
3519
8548
6788
9325
5354
9092
431
3161
3737
8316
8893
8340
4121
9818
5569
433
3364
3642
7524
3401
265
6314
2417
10601
4693
4046
4601
2740
8574
3820
7884
5307
9131
2438
10571
4052
6859
9519
5669
5788
5185
1717
3844
10082
8190
4853
654
9269
3922
5808
8077
5657
679
6632
169
8407
9718
2491
8865
4161
10013
10363
1406
7921
5686
5552
4379
4839
5466
7262
7187
8399
10420
967
7520
5626
1672
1995
10112
1602
7377
9953
8813
5013
6042
863
5497
10446
9731
187
5763
7943
1491
6293
4543
2087
8288
5011
6680
1145
2534
9747
5107
7026
4934
9114
7909
8278
3314
2751
10174
5691
8364
1666
1013
4740
10134
7979
1022
4845
1674
3698
6226
7284
6322
255
10370
4194
293
5872
8018
971
6734
3736
5104
9219
61
10564
2953
8210
4243
6208
8146
3263
3396
4355
6237
10387
9192
6757
7279
8409
4505
3039
7736
5812
10184
10408
7371
1919
2299
4124
5201
9386
3947
2850
6387
4721
1868
5864
8406
4695
7065
2836
6946
8875
6793
6586
3829
5605
9478
1974
3080
3651
5986
6135
4458
785
4136
1001
2259
8436
1624
3925
10659
10098
6563
4128
8002
3026
3813
1569
1983
3641
3157
7954
10422
2935
1324
3463
1457
3551
3094
3564
5251
3882
376
4482
8141
4403
2507
3574
9263
4951
1235
10414
7756
3191
6234
6075
10477
5866
10311
8855
7602
7805
6842
3841
3412
5248
2386
6417
10591
5439
8986
9659
10572
10245
4339
756
7991
1579
350
6607
3010
6455
2951
3322
10392
1130
534
9127
1940
4086
835
6657
771
6606
3125
10543
2640
2703
7963
8765
3748
3863
10202
1421
3991
4478
9499
8054
7021
3643
9717
5804
8836
3305
7582
370
9952
2715
975
6690
6132
8103
6244
10537
5635
840
8797
6351
4213
8754
9051
4520
3817
3945
7841
224
7713
2765
5326
2337
1430
3
4106
8075
8264
4856
1573
4376
9772
6483
9169
710
8528
3176
3645
1426
9726
10412
699
8445
2920
797
851
3511
9370
559
24
8629
6727
4131
9423
7159
7410
4
1250
9063
2014
6681
7358
10570
6699
4085
586
922
7942
5833
7967
8972
6817
8337
1190
9735
238
1929
4521
9732
1033
2752
7889
2233
1063
2394
5839
9833
4051
9278
3520
8394
5276
4675
419
8830
2634
10638
7353
1658
3753
4738
10579
2126
4726
9093
10163
3345
557
5468
7746
1443
10299
2130
8097
2910
1113
10042
6439
8959
6352
1845
1757
7420
6058
7246
10330
10025
10215
4920
5165
1880
3415
5411
9901
5118
5936
6952
2955
1511
10039
4572
8780
3978
4660
5084
3484
5249
1428
9271
4000
10375
2682
7424
5979
6066
2456
8008
3433
8787
10191
1668
2551
10439
4448
6099
958
1610
5851
10043
878
4973
7248
7345
2602
3954
4155
1731
6520
3382
2919
8461
8859
9926
6148
7952
1883
4527
2660
1521
7214
7313
3815
925
2755
7570
3291
1809
9536
1509
3656
10633
9243
3437
3842
2134
7720
4405
8035
8973
3156
1263
6716
1773
4433
7639
1464
3417
1938
858
3818
3199
6635
2250
3699
4751
244
9919
1800
6319
6928
5570
9692
2577
3895
1370
1489
2759
2405
5987
2918
9989
9208
7156
4375
3831
3692
7614
9368
1147
591
4689
230
9209
3090
6093
9639
10404
2312
4262
1888
1104
5148
10339
124
1501
1871
6534
7549
7860
10361
10423
10159
4642
5430
5350
5197
4961
2419
7654
232
635
3230
4798
4923
8724
6088
6752
6975
9003
2160
4321
10630
3057
9558
1879
3807
3017
6129
5800
5391
1202
1831
3058
10334
2353
3204
4645
6130
8802
8498
4602
6998
7829
5459
8593
4202
4668
10040
2384
7308
3595
7793
2701
9443
80
1864
3918
6748
4596
6798
7839
7375
10519
3902
4971
358
6640
705
1233
10500
1766
9186
4816
6173
7395
3578
7307
5323
3733
7201
7976
7550
6276
4174
389
6736
2578
6756
6147
8134
7543
422
10641
4832
1729
2135
626
3505
6890
2462
361
1305
2382
5161
2532
7184
10584
7996
8215
2983
7023
6425
8771
7479
8478
5491
9935
3197
9026
2266
942
8250
8700
4696
1332
2074
2995
854
2057
2015
6036
514
489
5832
6698
9524
10395
4139
3177
4447
3181
37
10377
5802
10179
6646
7620
2761
4879
5667
6548
10106
4372
7060
6957
3023
2164
1707
4606
2050
4201
3845
3014
6580
1132
3152
1148
9304
1016
733
4204
1625
8441
4180
10541
3915
1735
5659
5898
7402
3020
2128
5614
6537
533
10409
233
3409
7741
7208
2360
5634
2629
6029
5252
5224
5496
3334
2831
5087
7362
632
5662
4703
5101
5479
1518
5375
7046
1251
8424
1840
2378
5018
1463
7769
9135
1354
6065
8379
6617
5232
6688
8980
1164
1885
6638
7351
4713
1867
219
9000
6685
3562
4833
9057
2172
9067
10432
6811
8023
1120
8022
5772
3859
1824
818
7384
3187
6451
5607
7615
5638
6039
6687
7476
4982
8296
7626
6797
3328
9696
7126
10619
1330
6027
4439
7430
6866
3281
2077
9009
879
5178
836
6904
1636
2019
6790
7593
9191
668
812
10099
7903
359
6170
2030
4108
3823
201
558
147
6639
1386
1990
3358
703
2575
4438
9560
5630
2157
6950
10322
2779
731
9542
6959
3472
2145
9856
10474
6479
4570
3365
4425
893
5488
2781
6212
5919
9151
7120
8937
7714
6229
3871
1723
1869
7663
3301
2520
860
1123
746
2400
8056
3907
2193
9711
10307
6427
6976
7164
6247
3606
9196
2096
1135
4273
1175
9803
9380
9337
5275
5551
7904
1045
2449
9296
9185
7790
4120
8814
6544
7951
4332
4558
3799
2849
1631
5034
4362
7199
1143
3384
4704
7008
7964
10280
8873
8187
9866
9912
3448
7302
837
8635
2595
7241
5710
3555
2420
413
3892
2307
2649
3976
161
142
2525
6488
9176
9685
10523
5592
7561
4542
8983
5267
1739
5234
6219
707
3787
8286
3223
4796
2768
5100
1280
4604
8839
7346
1941
2003
1025
2306
6867
3454
9034
6602
294
10548
1142
3465
8867
9179
8735
7861
8660
7919
8307
9598
747
394
4008
10627
7993
8195
1021
2243
3838
3139
5032
10365
4515
10492
5933
519
717
8929
10351
4635
5209
5111
9018
4698
1097
1748
3353
3247
2150
4552
3577
7975
2174
231
4223
10596
1732
1947
8466
4666
9347
2567
4656
1170
2513
1493
268
8517
3850
6086
9624
3881
7894
6530
3808
8607
4142
2122
9812
9740
5022
5139
6876
2296
5211
9082
4494
6168
5325
1771
4576
1991
6263
6381
5613
5687
4627
3403
4503
6477
4630
4500
2485
6524
2487
604
4594
8099
1963
3207
3373
9758
1762
4019
9283
6665
6397
6450
683
9410
4958
32
307
2052
6523
3485
3174
10214
4380
5390
3602
503
2521
6865
2333
5901
7341
5040
2679
6769
9225
5585
8217
1126
10273
4911
6437
536
9193
4968
1234
2064
6227
7286
4978
5378
9543
1141
7048
5070
6624
2410
5742
7380
9782
644
2865
9203
9938
741
2667
1911
4517
6236
9583
3119
5583
6017
3752
7421
8549
1483
6708
5440
9150
4415
5181
1469
1935
3759
6023
5385
3653
2573
2152
5010
6498
2125
498
4054
5312
3280
3240
6906
7540
10065
1000
2273
5505
261
8145
2876
4762
3655
2127
838
876
2136
8750
2012
1665
2531
10397
4173
1435
1088
4232
3183
10483
10636
3879
3049
3142
10442
3149
7685
3869
8276
3317
4870
2981
4595
3629
8672
3253
10296
44
6796
178
1701
6105
6730
6252
6507
5533
8345
5618
5893
5783
199
9669
2463
4930
4705
6878
1278
292
10435
367
6375
4028
3254
6704
2561
2016
4444
3003
671
5725
2201
3243
7238
7327
441
5295
3965
2642
10566
7636
4469
5860
6211
9210
8535
166
2455
10562
8994
2699
417
4319
3867
6895
8290
8727
9792
3359
8527
2321
4928
2049
1744
3800
3560
8460
3837
425
5527
7298
2862
5145
7950
2943
3007
10592
2476
3036
315
5183
2563
8645
9733
3767
10063
10484
1790
9486
6516
5450
3034
9049
2832
8068
10482
4025
3248
6327
6478
3802
973
415
5792
9897
825
2274
9229
856
9540
1018
5723
2257
4580
9764
10486
720
1259
1654
2140
8485
4134
10301
5732
1945
3613
1151
6655
10095
9039
3906
6707
4626
1255
5096
4399
5616
7679
6316
6386
6531
10338
10506
445
10003
7467
1650
7585
6989
5483
5230
8267
10355
2036
5825
10237
7867
10173
6589
6190
9242
8996
7840
9736
3497
5036
6907
1697
6188
8561
7849
5088
1378
578
7509
6540
9007
3428
583
6574
8637
9122
1772
5240
3970
8235
5053
4793
8903
6069
719
5856
10488
9808
3513
8334
9788
10319
4914
3227
4041
5716
6536
7480
5925
7304
10608
6081
3884
466
1778
295
8446
5885
4040
7293
3115
2320
9046
5971
6285
4110
7408
409
690
8623
7316
7277
1541
9800
5135
465
2731
3708
6883
7770
9058
6982
2351
10590
4404
7406
6421
1053
4093
9212
5939
2890
1090
1781
9590
1146
4756
5114
757
9802
2367
4876
234
2182
3609
7739
1348
3258
10368
4434
6547
4047
10076
2055
2802
4059
6814
9310
8832
9414
8177
3782
1970
8821
8456
2492
338
5353
4366
4699
903
2380
6691
40
7621
1102
5435
3188
8452
4402
250
2644
2203
1751
2937
7693
4360
6678
1037
6746
9247
1451
4126
9752
8570
4617
5895
9277
8555
8978
1711
8392
3763
9340
2339
4622
5039
532
867
4026
5827
4034
9502
1710
4226
7737
9825
2856
2816
5586
5454
6649
4481
5508
5996
7800
2204
7924
1646
7847
8592
9890
898
4737
8684
8400
9303
4311
381
6418
6973
2297
6659
4089
7526
5891
6500
1529
6485
7382
5463
404
702
3668
5056
8504
5130
10657
414
6892
665
4183
8595
6709
2548
7763
9444
3594
486
5765
9934
895
8823
7075
883
7915
846
1288
1019
3689
3710
4293
2186
598
8742
6361
3598
4394
4815
5484
5985
7449
2385
1770
5284
8135
531
7617
1344
8840
8954
1246
6510
4215
5650
5316
418
4965
2504
684
5428
8218
10658
3726
7028
3561
2322
3510
847
7223
2869
5911
5158
8469
3553
5674
1462
2998
10340
5823
2190
8148
9447
1817
186
5501
8204
3402
5278
8038
2435
6492
1752
405
1931
7960
8180
965
9111
9393
2362
9321
9923
1494
517
8946
4078
4368
3908
6440
6376
1998
2398
3087
7448
1921
7461
7629
7464
7745
3321
5677
6414
2124
4814
5930
3005
6073
4829
9190
7632
2790
5746
10038
2965
3666
400
10012
6241
877
8459
7579
6274
5660
4129
1715
6056
7806
3477
2293
10427
351
2830
4109
99
5493
31
10341
7473
5054
2708
2514
5266
4036
5741
6944
8308
698
8578
9936
5573
1387
4055
4310
4354
6922
1584
5083
7250
1849
7183
7623
9074
4556
3242
4808
3033
5480
7532
749
6845
1347
9022
8009
2006
3135
5612
600
7712
6905
4027
6103
3720
7072
7662
3955
6169
2217
6187
2352
3324
7908
6259
8705
5341
4935
9384
6830
324
569
8439
9282
3760
4417
8093
7749
6808
4416
2192
114
2989
2109
1838
7596
1946
213
6482
6393
1159
2818
3599
6156
2786
8714
9716
3486
7015
5719
8967
9412
3601
6260
7935
6192
9221
523
7414
5269
5749
7537
1442
4250
7508
1402
7544
5652
5283
8220
6795
2718
5831
6363
6553
4476
6625
4140
5786
5937
5701
10599
4101
8351
5988
8136
6123
874
7798
1746
1562
3633
4389
594
4890
5822
2666
3826
6300
4369
2678
5347
4724
723
6116
8663
3222
9348
6385
9501
1832
10514
6920
1325
2379
3751
2896
3165
10430
2291
5429
9224
1994
8638
4868
7355
10187
7188
6679
3309
10475
3355
9589
482
25
2524
4246
7441
1594
2178
9476
4755
1836
1262
3099
4344
2197
8551
4532
1794
8315
2073
3764
8451
8107
4846
7961
2149
5729
136
426
10650
75
5810
7708
6107
10289
9969
6068
3504
6298
3140
4936
7017
10304
7514
8355
10305
2442
10585
5352
5091
2911
6994
2480
5761
852
9080
10360
214
6725
8168
1032
5722
1914
1835
7575
2631
5744
227
2653
3711
5981
6695
4941
909
1500
2234
5528
4084
9847
9098
1434
2922
4615
5048
1581
8165
9845
1961
4236
3854
2022
115
382
10465
10604
4132
223
6120
1689
7073
1866
8525
7983
4887
7147
3611
4872
4540
1433
4178
7314
2726
7224
4723
2619
1551
6406
3899
8511
888
10394
8477
4538
9215
6984
10046
5067
7631
5005
2844
927
5117
5558
9507
4844
10329
3942
5942
2946
1144
4004
9637
1537
34
1807
3167
5973
5868
9358
3744
2500
8381
4111
4037
1793
7581
6110
4640
3439
8398
2228
2776
4621
2914
5373
9411
5704
8070
5582
1953
2624
4855
7145
2138
8388
4114
5143
1971
5290
1038
7787
1356
6061
5795
3155
9554
446
2295
8534
8703
10629
6043
1678
5012
5380
1326
6898
2729
6160
7702
8916
10441
6183
3221
8448
162
3870
4896
9452
5917
2313
4518
2461
5803
2277
4775
7527
2091
5177
5646
2292
3252
1725
6794
6744
7363
7041
4632
2040
3182
1903
5998
1479
5519
691
2669
10186
2202
4103
6633
3031
1827
7399
7910
7261
4754
2161
9606
8844
6091
7207
1997
8092
3193
1924
3067
4983
9214
3410
4952
9652
3926
7675
3369
8319
4071
1432
3203
4649
9001
2388
3131
2714
119
8434
6222
4388
9030
6955
3866
4013
7137
8025
6196
9534
3025
8963
9942
10194
1118
5632
5678
9238
9532
3941
803
43
4546
1252
479
3006
5903
5000
10411
2010
6033
8900
4577
966
8860
8952
2739
8687
4277
8998
7541
9115
3019
5960
955
10217
3316
1578
6742
9545
5081
5228
6852
2327
8105
4353
3900
759
917
5714
6095
3185
9343
9689
4710
3614
4567
6382
4579
8457
9868
6
642
9035
7093
7397
8224
3557
5705
9984
10052
8615
7565
3295
5412
5651
6720
467
8234
423
3960
1272
7947
3734
3233
3343
7911
10200
6535
6930
10148
4413
6067
8847
4519
5356
7797
308
10359
648
8289
9564
5924
8970
7342
8310
8029
8923
5950
6818
2968
1925
6430
8133
8947
884
5004
2719
4073
9079
3088
2833
2627
7281
3999
2483
1312
2684
4485
5858
6714
7338
2921
6232
1470
2246
833
1685
2695
10007
3849
7077
483
1040
5131
3297
8790
3024
6915
2112
2496
2773
2169
5948
3069
1397
5066
7123
4219
5241
7583
8722
6053
5321
3078
2484
5796
10287
1392
2066
88
6939
1283
887
9306
4893
2144
4015
3257
7089
1599
10415
2609
6242
1957
734
1054
7547
6329
5121
5879
4571
5869
2180
8817
694
2209
4644
7973
378
2564
2477
8314
6146
5863
6542
6979
7545
1892
7297
3271
4825
7695
606
10142
4674
9359
279
3367
176
3980
4882
5889
2986
3283
4526
2593
5826
3663
4437
9387
3618
9254
8939
7897
5291
8131
8869
6197
1681
3476
5490
6677
623
7703
442
6118
9894
7977
802
2523
4950
4280
7711
10092
9289
4593
2772
9893
7009
1335
438
3672
963
4998
1035
7715
5028
8207
1057
5061
1811
1863
153
8244
5098
4135
6958
167
3693
2928
906
2187
4963
3923
8702
7810
739
5361
3757
4190
1972
9381
10434
9975
6751
3216
4435
8883
9889
1101
10135
5448
6224
2770
7574
5738
9197
3225
2194
4763
8609
8010
8720
3286
4628
5381
8370
10211
1816
3949
6184
8726
3998
9088
5820
10504
1939
6924
3376
8311
9420
8209
5894
6995
5834
7291
2366
8484
10653
1041
9299
8194
4557
1858
7031
6844
5481
5524
7305
8558
7195
2429
4805
9262
3466
8956
5643
8510
9622
9313
10113
5516
1036
5661
2698
2224
1667
4735
3054
7823
10221
9171
6508
6891
9761
6525
8640
2782
2189
9031
6362
6884
7295
7227
5721
2546
1830
8245
9344
3130
1172
5510
5997
5153
7391
9047
7456
6394
6503
6175
6204
5002
9375
921
9066
4581
7721
8493
7398
7462
4826
2852
8012
2635
1759
7193
2453
1544
3332
3205
3937
3833
6174
8375
2071
4451
2539
7874
9119
3276
3905
9581
916
8241
4301
2641
6157
2654
8039
1069
1966
3141
6309
6117
7197
1388
7789
7760
7497
334
1105
9222
2670
8047
4530
7331
6618
8782
5398
9291
440
2618
828
5608
3056
3911
7458
1706
5006
2358
9603
3677
5619
1736
1875
3100
6517
3549
4611
5247
4352
2445
2961
3988
8690
143
562
3654
18
256
6862
1647
1887
1777
8547
5798
5982
2673
3350
8331
3491
3368
6369
3793
1427
516
9338
9493
74
3344
9298
10513
1907
10589
6080
3722
10344
1357
4575
9474
3671
595
2720
636
4067
6431
6819
2454
8429
9312
9759
6002
6621
3394
2361
2845
8359
2549
8270
1065
1837
3229
1996
2817
248
7038
245
9275
6981
352
3886
3163
6487
5063
9618
257
2581
3330
2084
3531
8940
1011
2828
4408
6402
4014
2027
4790
10580
3517
4299
430
4867
6970
2374
647
2039
3488
722
1307
7177
286
7988
1695
8926
7401
2183
4827
9235
2391
2471
10249
6667
4658
9200
2248
1776
7612
7858
10252
5075
1893
1401
1988
4590
208
9680
1279
10317
5043
2753
8614
10064
9086
3766
1799
9533
4885
1850
9101
3475
6134
7301
8513
3550
5476
4707
5888
4927
4007
4612
416
10622
8333
8850
2426
2009
5756
6546
9041
380
7323
1287
3123
3615
8674
9946
9517
10199
5078
8011
4670
7081
5993
3348
5392
4650
4296
6559
4525
10011
1702
5855
7688
7584
6070
9614
10029
7027
3853
8544
7881
5261
1346
3173
8328
8450
3506
4598
6652
6824
5784
3620
4662
6466
1787
3097
1968
3910
3640
617
4774
4446
140
1002
9240
3351
3912
2949
396
727
8894
4907
9943
7678
3647
1257
2827
4610
2741
5892
9226
8282
1149
8938
3445
10269
3091
6645
6863
7404
4357
8403
7553
1553
5791
8777
943
8897
7243
1414
4331
8277
9145
588
3262
704
8318
1358
1656
200
4989
2298
1874
6045
9596
7045
8150
6389
10119
4088
2258
1743
2908
4638
7403
3246
9490
970
6999
10109
6611
8807
7373
10198
3413
4149
6555
7699
10255
2585
196
2787
3897
8412
3051
4137
5115
7172
7290
6571
7071
7146
3390
1138
2141
5536
6721
7576
8736
1291
7694
7971
3444
3669
9017
1093
8087
2300
2813
10587
7776
2993
1456
8941
4864
1548
6496
6778
7436
9535
1109
5514
3446
5778
5690
2251
7992
5164
9559
6474
9594
7389
13
82
3741
6860
4801
5766
1049
3522
3993
1441
938
9109
4211
2133
6988
2688
8997
9547
5449
9284
10464
7598
5684
3360
4430
4492
3758
3705
4022
7062
7936
10285
4736
4573
8580
2063
6963
2315
3600
5154
7121
3378
3386
7922
4659
861
4373
4395
8685
141
10460
6913
22
9831
3840
7202
7292
403
6664
7591
3891
9024
4436
3136
4212
7752
7989
4799
6506
1085
3644
4484
7229
10652
10253
7061
4913
5970
5113
263
9106
9102
553
561
7985
2314
1514
3927
4225
8987
2465
9712
2031
7484
4898
8760
9216
8784
8975
10467
3775
7956
9418
5835
9664
2001
4865
5202
8426
1587
9204
2395
4883
5621
5931
7592
10207
129
8650
5001
5157
65
6810
6359
6138
2131
1084
3462
221
3151
1056
3913
3418
7225
1603
2625
5789
8945
8065
653
4238
8438
5270
5620
5219
4992
6215
550
282
5304
4683
4862
333
8520
4651
3501
8536
297
3261
5557
4996
6917
1758
5465
2502
2774
7661
10364
956
5794
3154
5097
6596
2557
4948
572
7014
4365
7801
8490
9872
7634
6256
6250
7624
9019
5983
3397
4785
6416
8624
2547
3597
5382
7772
4175
5210
1965
9108
3144
2219
9059
2288
7595
2231
2002
2815
2265
6603
3631
697
8221
2392
3580
8188
7843
6831
2287
1652
4473
3073
9974
363
6071
1029
4483
3967
2338
6270
6696
9280
4079
5780
9483
6499
2913
10150
6057
2868
10303
2725
135
5328
6880
9320
10244
4156
4901
10398
371
5080
2371
5992
7445
9170
3770
1764
1180
7333
3771
2478
3063
4307
5611
2007
8164
972
3582
3137
5313
354
6715
1916
2685
5293
7799
10576
6481
7644
6802
7668
4506
8715
6841
8238
1061
2369
8175
8744
3539
2959
5020
11
9867
4562
2121
7665
4999
3109
6661
198
9042
8737
10241
3481
6249
6937
674
5848
6152
7518
775
8803
5506
251
3027
6063
8474
880
1580
5407
8365
420
3083
615
6429
7244
8820
2769
1795
10468
5671
744
3605
10190
10302
6671
4412
226
3082
8902
4731
4323
6050
9834
10320
4687
1597
3630
7530
8681
1379
2803
5750
10196
395
5781
4926
6313
926
9292
2062
1297
736
2516
10149
7566
4206
4851
2709
7785
2286
390
7605
5166
5663
1362
2535
3159
7853
1747
8171
9427
3914
8751
5623
10306
1627
3272
9985
2095
10545
10550
1302
10669
6598
5253
10549
3676
391
751
4690
6460
5731
5730
3128
7744
8172
8249
10497
2717
6370
3819
5806
6104
1750
3200
4312
9455
4493
7196
7428
6378
8138
9638
8160
3400
3032
8004
646
6296
8479
5708
6167
2329
4418
4729
6494
3267
5647
8350
3318
9646
10462
1380
5753
9033
6475
567
4537
4955
9940
1967
4455
7433
1207
8246
2676
2737
4717
9087
8639
4486
5683
1740
10428
26
3888
2468
8480
5162
8905
7221
1495
10090
4655
2032
9189
4692
4479
6109
2895
3375
8507
1367
1904
9305
3636
1299
3702
4072
5498
10236
1898
6484
8828
1176
3754
6097
2225
160
2129
7846
9136
8563
9704
6266
1046
9859
10491
3470
4445
7139
5090
242
3536
9797
5768
619
3921
2399
7124
20
5427
6158
1632
5821
6761
5394
2493
9760
8707
991
4663
3556
6290
10350
8550
4315
1768
8854
7533
3085
8298
10569
277
1341
1351
5726
2245
3858
669
3337
8330
3336
4783
10565
48
1780
6090
7099
10356
5589
9428
5489
1979
2655
9647
2572
9700
8981
3987
8382
5285
3461
8159
5487
726
7917
5515
1623
3493
5368
8943
2118
302
1989
8109
7454
3546
8006
3499
2565
9121
5943
6074
3474
8533
6306
6330
4367
6501
10333
42
1178
5974
7494
8889
6332
2948
2757
8255
4300
3147
1881
7058
9541
8123
10162
796
8302
9477
6171
8877
2808
4094
2444
2576
760
1220
2283
8256
9037
1644
9844
8989
10388
3795
2270
6592
7778
6140
6813
7019
511
2620
464
3646
10632
2659
7217
1821
8046
6935
5751
2663
7918
5999
5886
7923
6750
3632
3725
8062
3830
305
10035
8594
805
10132
4102
4424
6441
9409
3102
1606
10453
1369
3238
1047
10335
1530
4812
7731
2839
1826
4932
8464
9697
9173
10393
2997
4003
2791
9621
4888
1928
585
4249
7748
9463
2404
2319
4817
7240
3406
6365
6459
7819
6825
2264
1474
4298
2794
3992
1804
4924
5513
6189
2383
8432
7732
8389
5287
6834
2903
3268
6932
8229
5854
1096
7034
3824
1719
2330
8393
3548
9742
9615
8239
5196
4981
2974
1628
1556
7516
4414
2017
171
4550
1285
8718
2785
6978
7115
3429
1609
4835
9891
6030
2883
7812
5946
8652
3529
8931
10493
287
8984
8799
5584
10490
2927
773
6176
4975
3048
1163
6223
3659
275
9182
2647
9406
5512
869
10621
5371
1978
7165
2354
3608
10478
3277
10449
5713
9268
8169
3868
1877
5243
7998
10515
8827
480
5027
2412
9385
7294
9155
3124
1086
3492
7888
10167
4641
2671
2734
2829
680
5770
7657
3315
8882
1276
4182
2875
9980
8055
912
3936
4614
3166
4029
714
3112
1805
5972
9218
2004
2742
535
4967
5141
4555
709
8999
6094
2712
4847
3713
4582
3195
5579
2448
2406
4954
3526
10542
3245
3637
9220
565
9167
1669
4684
4449
7388
7245
7627
5406
3143
2798
556
7637
9062
10195
872
7625
6159
3683
218
681
2763
7900
5904
2925
2415
8366
6538
1984
7792
4018
9871
3346
692
8565
1027
39
3045
1721
5743
8376
3398
3508
5926
1436
7144
2254
5736
7437
4676
10286
288
10171
1403
10155
9270
1391
3236
807
3046
2871
5575
10309
7372
5625
6528
3029
4411
6246
5529
952
7674
3968
6356
5258
6806
5363
10226
661
4995
592
2137
9297
6585
1437
10615
4276
4820
4849
4188
4589
3929
5254
4534
8519
1622
4733
5564
6013
9217
8557
5555
5543
6111
7043
9377
8395
181
8810
5222
7862
5059
4039
8021
6689
1306
8036
1937
2691
3095
4322
3385
2199
6573
8524
3483
3132
8880
6195
1918
3408
1733
4512
1870
3740
6700
9094
5451
7231
9360
1160
8251
7531
3543
5436
1400
3387
7958
5205
4148
10647
5571
8343
8613
2370
3746
9841
3772
6622
3974
8913
2950
5693
2840
4441
9755
9064
4691
10314
4143
1048
5644
1026
1119
7392
7807
10544
2985
4657
3060
1201
4528
8932
3255
10496
5849
2900
3681
4836
337
9506
633
6230
1682
6338
1865
4588
4831
8643
6820
521
23
10147
7122
2470
6821
10101
5754
3540
4706
6765
8833
6656
2859
3066
2656
7767
1819
6908
4154
4946
10157
2722
4599
8783
7260
3300
977
2210
3264
6143
5461
8710
2899
5072
2305
7946
9162
6493
6768
5478
9402
2280
8200
6178
4841
7578
7303
8721
1173
7024
7129
624
4442
1742
8372
493
10223
5116
735
1901
5905
2990
3458
3566
5017
6943
157
6951
10613
6161
8569
5752
5847
1067
3435
9056
2227
5517
7722
5779
6522
8076
2858
10240
8142
3495
7418
5136
5105
8843
4874
1588
8733
896
7116
6059
821
6344
6914
6269
6753
7417
8521
7226
299
512
5021
6106
7830
9798
6133
3707
2702
10259
3388
5959
10345
2784
2148
9743
2711
5601
1062
6583
6225
8327
397
6614
3516
8471
7822
7079
4123
8845
2206
10451
6945
4960
2325
2630
8864
5580
6115
2518
5472
1531
4786
2048
2888
8922
3889
7368
8935
7607
4970
2570
10313
4252
10575
5631
3421
2029
2545
9153
9902
9068
3381
5047
6267
5566
7534
8050
9232
2044
1363
2550
4782
8339
1117
10623
3507
6009
8819
979
300
7053
7218
2331
4074
5349
6457
10556
10219
10010
210
9004
9855
4024
890
274
3457
6435
6572
9441
9694
4715
4274
4165
4578
1913
2475
682
4044
1954
4045
5188
5256
3985
2317
9491
3783
2901
2819
8173
3081
1366
2282
2568
331
10389
8567
3226
6992
9809
10383
3098
5598
2179
9713
3214
4669
2988
7016
6881
1337
579
2553
298
3055
2783
7125
3266
1131
8233
5132
8914
5296
6827
10546
9053
6191
342
2622
10066
1103
2870
7932
2689
8686
2146
4809
2414
6391
8252
3456
2403
5495
1872
2957
9012
2594
2645
6413
2115
9159
2495
7548
9939
6953
8734
8090
10246
725
9157
1298
9887
8725
1862
6550
10315
1052
6333
7007
4742
1050
2554
2221
7491
2373
5414
7259
1382
5410
2229
7361
2940
5995
5757
8515
10262
5951
7794
4837
5553
2617
8608
4387
822
8694
8809
871
9566
4609
9512
8431
10118
7483
994
6383
1942
3208
3489
6643
10348
8483
7179
10612
7465
7366
3997
10595
715
1604
2467
1110
2494
5193
7272
1458
551
3723
7232
8968
3832
8283
4889
1238
3299
6379
6980
4646
7174
7719
4513
4789
5890
8842
2341
2683
9548
10605
6846
6239
7322
4915
8005
346
5545
5702
945
9660
9909
515
5576
9748
3776
10293
2025
8198
1641
1734
7155
10447
8598
8927
2716
8066
6610
9671
2262
3074
5695
9137
3482
2390
4222
3096
2482
5989
3068
410
3855
3648
8476
10476
4539
2396
2958
3989
7590
3943
5294
8225
8634
10473
2328
5758
1073
323
8656
9848
7791
2075
8606
7138
6277
4940
1741
9107
6052
5628
5767
10526
712
10401
1765
800
9795
9021
2416
2510
2775
605
10062
2037
3686
8693
2214
4461
6127
7493
7803
8636
816
6335
9450
2777
5599
6815
7502
4671
4459
1051
2693
4535
8342
8895
9138
9097
4524
3234
6509
520
5336
5403
9078
2289
1917
2762
4802
8642
10607
4760
2952
8369
9546
4944
2451
4283
9756
5064
52
1806
4990
6348
2526
1686
7321
4176
7640
9461
2555
1724
2713
1798
1129
7096
552
3928
2934
3786
742
5044
5367
8605
2501
7978
436
3664
5852
976
8871
10431
915
3939
5477
1704
6966
2648
2486
2389
7851
3092
688
5
2880
10260
7913
5324
3628
4397
2163
9899
2758
8891
4810
5773
3127
8329
9574
10481
6289
4544
1605
2208
6682
8695
5108
6965
126
5400
10487
8154
3931
10552
4077
8505
4337
3101
4678
9908
7087
9944
8654
3785
5578
401
1258
7157
8692
1786
9832
463
5597
3443
5260
4881
10454
4163
2879
6549
8915
7528
1620
10161
215
6347
2372
7827
2104
8589
1128
9515
3015
1619
8808
1926
1585
6874
2509
3639
5112
1300
2978
5962
7001
7233
7726
4508
9211
10006
8835
5220
8755
8385
6673
5793
138
9050
2973
2857
3278
6823
3164
4921
4359
7716
3779
189
7263
5675
6268
5696
4549
1468
6102
4200
7519
3107
3963
7094
495
1140
2107
6291
4426
6131
7413
8214
2588
4334
9746
1675
651
3325
4169
10455
10551
3810
10300
10516
5627
6150
574
7934
6433
9285
5103
7203
2269
9776
6108
6674
7097
4207
4172
4516
3363
4289
7577
2826
7515
9382
5419
3434
1981
8344
4869
4440
3812
5333
5255
9349
9354
3584
1070
827
985
1115
9201
4314
8704
10153
1477
7864
7471
10358
9898
2045
8898
7863
1188
10107
2664
4574
9023
10406
2519
9695
3610
7285
6257
4685
8600
8934
8017
6543
1922
849
10602
4969
1982
7557
10278
7330
2864
353
8354
1152
8410
1690
6374
8468
6198
2268
4634
1673
10362
581
7495
8664
7709
7511
4725
2235
5645
6162
7205
9453
3533
10133
4618
4822
2418
3961
3990
10030
6144
8508
1453
2342
2558
4429
5418
322
596
2847
6636
1267
6857
6238
10201
8657
4491
2020
2244
6299
7306
8401
6804
826
3612
728
2028
3847
7114
8073
6216
5302
2222
4406
6911
9836
2334
3037
3030
8020
8689
9437
10282
9850
5214
5457
7831
743
5876
4021
8651
10054
1814
3251
7104
1314
992
2167
6735
10436
3496
1616
5984
1873
309
3004
3591
3467
67
7100
10461
10574
9336
10100
4197
9112
9498
2335
6562
1389
7966
9604
9883
10470
1154
4141
344
8792
2407
8627
7775
2175
10022
10136
1829
6837
3392
4509
969
1582
2490
8910
2290
10093
2323
4511
7901
537
526
9489
9929
8416
393
3468
10640
1801
5281
10074
988
9416
936
10625
961
9300
8291
6303
1852
4966
2272
2614
8537
7029
8653
2242
9807
8846
4363
7777
9903
9673
2196
10067
411
6220
729
6570
6710
8016
7180
4419
6527
6738
8045
2842
5952
3206
8161
9592
5003
7907
7343
2008
5237
8019
10227
10170
7724
3801
2704
1405
10429
2613
3750
320
2909
3327
2778
6486
2409
10103
194
2661
4220
5648
1897
4324
9525
272
2078
4181
6473
2065
5138
7824
1418
506
3209
864
5366
497
5790
10208
10668
9378
8015
2260
4099
8966
9434
7782
9846
2240
7472
4949
9466
9432
2316
8529
3184
3455
3806
4127
10295
6179
9016
9044
6471
5878
3138
4477
10656
5880
1471
1618
247
2070
7271
7352
7542
8564
4233
1886
4308
4828
4979
8430
3104
2972
2466
2216
4873
9630
1486
5978
597
7170
9648
622
9279
4977
6529
3009
2801
6809
6885
8917
538
9921
5699
10642
4042
8475
3416
8052
8863
3619
10108
3774
3038
2184
7213
10598
904
8740
3667
7143
1754
713
8026
5486
5681
8610
3678
2600
3685
934
7597
3028
3809
1404
3407
4857
5229
5016
6121
10055
1698
7216
738
1593
9156
2357
3086
8419
10557
2766
7705
139
3852
4502
8680
9442
1268
222
2975
4784
9392
7896
2076
4475
2969
6411
6630
10577
4701
5151
7192
9052
8848
10520
3592
1315
1900
5819
9260
5640
6149
8206
9950
10188
1834
4748
5955
5940
10594
6954
3422
2081
5706
716
2792
10371
944
4257
9367
424
8044
5734
3250
7786
10567
5938
7325
9523
2569
4266
5882
6209
6567
5927
5520
5268
5759
3440
10274
868
6297
8184
5187
2945
4489
2013
3175
4613
375
2797
3534
9775
10321
46
6902
10646
27
4976
339
7235
5286
9006
9129
10472
3581
5641
1213
2616
2979
2873
3120
10059
7085
5262
8437
8800
5668
3160
7503
6766
4497
9963
5007
7852
5163
6760
1543
5945
1522
3427
4100
4563
7504
165
6206
8540
443
10628
1254
2681
9737
6334
9754
6593
1649
7309
9174
8762
2200
4918
8121
4984
1497
3285
8862
9570
4908
10417
3762
4270
8560
2686
6923
1722
2992
672
3788
1820
7599
10094
9634
3168
1243
8925
4722
6949
2326
8698
8798
8985
5565
148
1137
1859
6142
10391
9599
2441
3861
7032
5884
9335
10661
9706
399
10495
7336
9658
8086
3794
1508
2472
1902
7160
7487
10060
5649
10521
9750
10328
8415
8453
5186
3679
6172
9194
7981
6321
9531
10662
2349
4616
6489
627
5918
4608
5559
3712
1204
5590
1635
271
9234
9467
6591
1927
2636
2963
1539
10203
3803
1692
9259
10008
9353
9253
5845
7875
3781
8347
4661
9504
4152
2276
7969
9373
5292
4057
10390
8781
3379
2820
4081
2800
7984
673
1691
1853
3816
809
7450
9015
5712
6251
1098
6428
8386
4773
8631
8237
5038
4620
5727
4231
3150
1355
3675
718
2436
2024
3329
3860
5348
6037
5273
5787
8300
4899
5438
1064
2639
8487
5142
6047
3617
9954
8053
10614
240
4850
8271
8205
1760
5760
4463
2662
4583
9089
504
740
842
4933
3292
7609
177
3932
575
10573
2970
3583
10077
7628
2256
1943
8518
7101
4107
6153
5159
6615
2898
6324
5420
9213
8554
6305
9075
6505
5615
5425
6419
6114
3502
6201
4522
9048
3377
6805
8374
10405
343
8197
4374
2108
5840
8325
4545
5715
7474
7586
4351
5764
6961
3000
5907
1189
1150
3244
330
10041
4227
1720
7033
10129
5700
8556
5263
10637
4294
2086
10213
5896
8254
8442
3313
6396
3072
2747
5445
1043
2072
6177
8872
754
377
4910
1571
1284
1882
7916
3811
4747
1134
383
1222
8795
7880
5421
203
3875
1884
8281
1072
8095
2863
687
9070
4750
10471
2034
7446
7728
6987
4095
4390
6472
9707
1450
9799
9625
2891
1694
5068
8491
7510
1964
7276
4495
8043
4467
10254
3962
6308
8192
6404
3790
5049
6969
2971
652
6200
545
2690
964
5740
29
8667
8387
9408
607
1196
8488
4974
8243
3498
2207
7538
5502
8958
8349
5146
708
1808
4673
8995
4160
8137
3326
8632
6693
2464
4384
1012
5853
1985
4794
4020
6840
949
7198
2991
7090
9962
2728
8993
6551
3270
2608
8326
7635
2424
3718
374
4647
6620
9133
5842
2303
3451
4568
2893
8909
5964
3118
2929
2733
8228
547
1570
3050
10121
8888
9084
6155
7067
8266
5492
6125
3547
8546
10643
7282
7477
5456
4032
5547
185
9931
3865
7766
2099
5844
8384
6711
4221
3503
7588
663
3839
10666
6286
6328
2878
7148
3745
1296
8411
3596
2097
4145
9341
845
4443
6629
2924
8284
4456
4162
8428
3342
3579
4278
2812
9356
6641
2281
4714
7083
8776
1952
3153
3279
1718
8541
721
9552
387
7601
5144
2543
2450
2889
10152
7127
7630
9714
3971
6358
4147
9582
10281
724
4345
3975
8108
3940
2544
6126
1438
8979
795
8435
6025
4529
4854
6723
6072
1165
3331
6051
1687
5711
8158
9379
8977
6193
469
2430
4239
6449
6653
5900
3825
2658
1447
10291
3545
1828
6194
974
2517
9804
6774
10165
7128
5870
9091
7142
1755
7755
3604
9333
9511
2215
9123
475
4407
10367
2421
1540
3821
3076
4861
7340
9837
755
2675
4925
4080
5862
2479
3934
4153
9644
10655
3064
5535
634
1788
10337
4531
1894
6552
8048
5330
7367
5797
8992
6985
6145
3293
8153
1753
3981
3395
3749
6519
9113
6578
252
2886
9842
1034
3769
4082
8272
9611
5150
6893
1958
997
7725
711
4346
6637
9849
2584
5697
1502
7173
7230
1292
3780
9629
9563
987
3944
841
4272
1425
1237
9043
9488
5777
3626
5776
4292
4290
1709
4900
5843
8870
7328
9886
10096
6060
9956
3117
664
3338
5735
8081
999
1643
7013
5126
758
10353
8260
5175
5401
471
3213
156
8658
2347
621
4281
7804
9346
8919
9128
7119
4450
209
1349
5799
2211
6462
3354
10586
4168
6054
5574
4937
3016
7030
9013
2155
8553
7498
357
6938
6713
6569
9374
7296
5593
3341
3362
4931
779
1099
229
7687
1412
10290
3093
4551
10312
5384
5473
5679
4210
7500
8522
9933
1198
123
4541
6740
9595
5914
10239
264
7995
336
2960
1676
2241
5182
1111
3703
2956
17
9828
3287
9158
2580
7608
4561
4603
8433
1281
14
1726
573
41
590
4113
6409
1075
6077
2247
10277
206
470
2345
5782
9522
4863
8678
10616
5042
5109
5818
8262
4962
9481
5717
10450
5694
7606
5311
4350
9739
9154
7485
4010
10268
6028
9118
7337
2151
7580
6909
6869
1371
1547
1637
5910
6526
6612
5656
9863
2560
798
8051
1538
8568
3194
9650
7926
5642
4994
5966
3880
3013
8969
7212
4681
7742
7092
3196
5595
1671
1962
4716
3249
332
3541
5954
9857
3419
7091
8571
555
2355
10297
4340
7394
6288
5106
2346
6264
7878
4318
2393
2101
639
1192
388
6342
2932
6925
9757
10326
1797
6084
4600
2083
3804
6545
4063
3665
3411
1454
5596
5587
1127
3186
7691
262
7870
1986
3554
7185
8114
4507
10
217
9433
9479
7572
9838
4758
5416
7405
8027
4732
5961
4326
2511
8306
4821
7642
7429
2188
813
2497
6491
3649
4767
8562
3303
5184
4122
10418
1876
3909
6371
6894
7652
5941
2110
1818
6390
4909
473
6836
6350
6349
10386
7283
8368
8982
5386
1761
8509
7270
2738
9172
1461
10308
602
1167
3453
9979
1933
9557
1696
3070
4048
7788
10354
4780
152
6034
5680
9429
2503
5775
1825
9334
6521
8269
312
582
2964
4757
7162
9810
2760
5606
5622
4234
5102
2897
9852
645
7974
10222
5737
2823
8542
9072
10413
6822
6403
2835
7567
4791
1572
4320
9900
8104
8492
2906
10033
8358
700
3312
10407
9683
5633
6816
2700
4877
3761
2599
7865
6113
1361
8816
2612
398
8279
9076
7706
8818
7850
2457
4192
4386
496
1006
7066
1460
8072
9105
10178
4840
4734
2944
5009
6743
8458
2583
1199
3122
3887
4947
8887
460
3171
2727
6600
6004
1629
10110
4361
3275
9843
2348
9941
10582
993
4038
6038
8572
3405
6942
667
2885
7523
7555
1915
6235
5511
3311
6584
4972
6151
3494
3827
4487
1944
1066
3231
5932
8904
7278
5887
9422
2223
5147
10631
5433
2123
5093
7837
3634
3052
9436
2931
9178
10498
6515
9231
4116
5405
9350
10603
8753
4333
8641
4916
1536
6581
7432
7407
9281
7409
3282
8163
6415
3514
4217
5546
5600
5837
5548
9684
1700
1664
7150
8494
3447
6345
2198
9399
7431
5331
978
9829
5272
2356
9992
7320
4878
5099
1343
4702
8644
1891
188
7088
2275
5156
9069
7525
7587
4186
6931
7287
8120
4903
2489
10597
5518
8951
1294
620
5362
10158
4269
3473
2814
8186
9099
882
7816
10660
7396
5250
3274
5906
8287
3065
1634
8908
1244
8683
8309
7440
5980
8892
4133
455
4474
5024
4680
1589
8143
9246
6996
1209
6265
3352
7513
7103
4328
10075
7780
8853
3977
3523
4060
3241
9010
1614
8747
5526
2942
8500
2646
9163
8417
6972
2601
1523
8604
7892
8743
7117
1670
8013
9319
236
1030
2481
1936
9830
7
10114
2651
2552
9065
4894
197
6910
4391
4554
4130
6420
6960
8960
8749
7151
2540
4708
4342
3310
2318
2387
9324
10292
549
10031
6605
6897
5609
6587
9460
905
6759
9096
3189
3755
6272
2626
3893
1323
2344
8312
2621
8679
10384
5318
7990
2452
8481
3108
6719
10352
4559
1930
3148
7970
2860
685
9562
910
1987
7332
8794
