2553
4458
831
3468
4345
2382
2542
2575
2585
3895
1224
2434
2439
2617
1005
1309
1334
2282
2662
4332
4352
490
725
1030
1050
1091
1106
1326
1460
2608
2800
2851
2936
3312
3355
3838
4359
4373
4384
98
597
846
854
1166
1170
1530
1554
2221
2249
2321
2533
2538
2545
2561
2586
2717
2918
3128
3329
4199
4346
4395
4878
88
129
284
313
396
532
680
780
1098
1140
1419
1489
1506
2235
2458
2493
2548
2595
2647
2740
2846
2959
3310
3343
3351
3783
3796
3904
3979
4172
4187
4342
4392
4402
4520
94
140
153
184
274
316
402
413
539
658
803
1026
1069
1090
1313
1361
1371
1416
1442
1547
1584
1953
2327
2388
2409
2474
2502
2519
2522
2530
2562
2604
2606
2697
2724
2760
2781
2798
2810
2852
2880
2932
3017
3186
3307
3317
3411
3431
3497
3722
3762
3781
3863
4029
4128
4151
4164
4224
4361
4391
4485
4867
9
36
68
154
252
257
298
353
383
386
426
485
511
546
548
587
594
632
681
692
743
757
848
902
1072
1085
1095
1119
1173
1206
1243
1244
1257
1272
1298
1311
1323
1356
1451
1461
1528
1685
1776
1930
1999
2332
2485
2489
2544
2554
2559
2574
2576
2593
2611
2671
2813
2825
2837
2878
3005
3331
3347
3352
3775
3797
3802
3918
4041
4106
4111
4154
4181
4317
4357
4381
4446
4476
4602
4651
4727
13
41
56
69
116
138
242
249
260
391
395
405
416
504
520
582
604
609
614
653
702
720
744
748
762
771
833
878
948
951
952
1006
1010
1021
1060
1063
1100
1102
1104
1116
1148
1158
1219
1242
1289
1342
1348
1378
1403
1435
1439
1447
1459
1466
1467
1478
1524
1622
1687
1795
1933
1945
2020
2151
2157
2238
2262
2267
2363
2392
2397
2414
2443
2444
2447
2490
2500
2527
2528
2550
2577
2596
2645
2687
2693
2694
2736
2787
2838
2842
2881
2883
2914
2952
2978
3197
3296
3299
3308
3316
3320
3337
3342
3350
3358
3410
3467
3486
3511
3564
3576
3675
3779
3786
3792
3903
3957
4034
4036
4084
4097
4110
4157
4158
4193
4203
4209
4218
4279
4367
4371
4435
4448
4473
4491
4500
4534
4538
4570
4574
4655
4660
4686
4708
4751
4836
4848
4850
4885
1
14
47
76
111
123
163
170
174
187
198
199
205
210
251
279
308
311
334
336
342
351
362
378
408
430
431
484
501
555
561
575
584
624
637
722
758
763
772
793
795
827
837
843
849
852
859
885
895
939
941
944
992
1031
1034
1059
1087
1097
1105
1117
1124
1156
1162
1177
1191
1210
1231
1235
1239
1252
1268
1284
1296
1306
1307
1321
1333
1353
1360
1365
1400
1406
1455
1468
1471
1491
1492
1499
1523
1589
1600
1605
1609
1623
1644
1653
1689
1709
1734
1747
1782
1786
1793
1807
1842
1897
1993
2096
2101
2107
2145
2222
2290
2298
2325
2336
2355
2357
2407
2457
2459
2464
2465
2505
2509
2534
2549
2563
2565
2607
2622
2629
2643
2648
2655
2670
2674
2692
2711
2796
2799
2814
2819
2864
2893
2908
2938
2942
3071
3117
3129
3266
3294
3319
3321
3322
3345
3356
3360
3371
3401
3426
3445
3456
3514
3545
3656
3763
3785
3809
3823
3834
3916
3954
3959
3962
3969
3985
3992
4000
4009
4038
4060
4073
4086
4092
4098
4100
4114
4120
4121
4152
4155
4160
4166
4195
4204
4210
4344
4368
4374
4439
4442
4461
4462
4469
4512
4522
4542
4562
4564
4579
4588
4643
4649
4652
4654
4689
4728
4733
4832
4859
4872
4876
4887
4893
4901
19
26
34
48
51
58
72
119
124
137
143
145
177
221
236
239
247
255
262
280
295
306
314
319
321
327
335
340
350
355
392
393
421
422
424
435
438
442
449
478
480
481
482
496
509
521
528
535
550
557
564
565
566
569
612
630
639
644
655
668
672
704
726
736
740
749
759
764
776
783
819
829
835
875
882
917
918
921
928
934
940
953
958
965
970
981
987
991
997
1012
1028
1041
1066
1067
1071
1075
1081
1082
1083
1115
1122
1131
1136
1142
1147
1150
1164
1165
1186
1195
1204
1205
1216
1218
1251
1255
1276
1286
1299
1304
1319
1337
1339
1345
1359
1368
1382
1408
1415
1422
1425
1430
1444
1472
1476
1495
1511
1513
1516
1541
1574
1583
1604
1612
1633
1649
1654
1661
1690
1702
1703
1716
1732
1738
1749
1754
1755
1757
1760
1794
1816
1817
1831
1871
1893
1895
1899
1928
1940
1951
1961
1962
1965
1977
1978
1985
2001
2010
2031
2032
2038
2066
2082
2084
2102
2106
2119
2133
2159
2162
2192
2212
2241
2248
2285
2303
2317
2335
2346
2354
2368
2378
2383
2405
2450
2455
2463
2475
2479
2488
2495
2497
2498
2515
2531
2543
2590
2594
2640
2656
2686
2703
2715
2722
2728
2737
2780
2783
2792
2801
2815
2828
2839
2857
2874
2884
2896
2939
2944
2976
2977
2979
2984
3008
3009
3044
3046
3069
3072
3074
3090
3091
3122
3174
3188
3189
3301
3302
3309
3314
3327
3330
3344
3353
3368
3378
3462
3480
3485
3493
3494
3495
3498
3538
3541
3562
3572
3605
3609
3625
3651
3679
3706
3709
3719
3726
3737
3752
3753
3757
3761
3770
3771
3778
3793
3798
3807
3811
3812
3815
3817
3827
3829
3853
3859
3872
3873
3875
3888
3897
3908
3938
3948
3973
3975
3982
4002
4007
4015
4030
4045
4052
4078
4102
4105
4117
4124
4129
4137
4143
4167
4175
4179
4180
4206
4221
4264
4284
4291
4299
4327
4331
4333
4335
4353
4363
4364
4399
4401
4404
4415
4416
4470
4482
4486
4493
4497
4503
4509
4513
4516
4518
4528
4537
4539
4549
4553
4585
4608
4619
4628
4640
4659
4661
4674
4677
4683
4695
4700
4703
4719
4726
4739
4754
4755
4767
4792
4820
4828
4834
4838
4840
4854
4880
4888
4898
4930
4934
8
27
29
31
35
40
50
53
54
61
70
71
73
78
80
96
99
107
112
125
136
150
176
190
192
206
214
216
218
222
226
227
238
253
267
269
292
300
302
309
329
352
357
361
412
428
429
443
451
454
456
457
463
488
492
523
526
530
538
545
562
570
576
578
581
589
636
662
664
666
689
696
698
706
713
770
774
779
787
790
800
804
809
811
814
825
838
840
845
855
874
883
893
899
926
927
929
933
937
942
949
956
968
969
973
974
979
993
994
1001
1003
1016
1018
1046
1052
1055
1074
1088
1089
1093
1096
1101
1107
1108
1112
1114
1120
1126
1129
1130
1132
1134
1143
1151
1152
1153
1155
1160
1161
1174
1176
1178
1181
1182
1189
1192
1197
1198
1199
1203
1212
1222
1237
1245
1256
1263
1269
1271
1278
1282
1291
1314
1320
1325
1329
1346
1355
1358
1367
1372
1391
1393
1409
1410
1412
1428
1433
1437
1462
1474
1480
1488
1494
1510
1515
1520
1532
1540
1545
1546
1555
1557
1559
1563
1564
1566
1571
1582
1585
1587
1592
1598
1601
1607
1608
1616
1617
1618
1628
1639
1640
1643
1645
1650
1652
1659
1660
1662
1664
1665
1667
1668
1671
1676
1681
1682
1693
1696
1704
1706
1707
1711
1713
1729
1739
1741
1772
1778
1779
1801
1811
1819
1824
1828
1839
1844
1847
1849
1854
1876
1883
1885
1900
1913
1936
1938
1946
1952
1955
1968
1982
1990
2004
2017
2023
2039
2046
2049
2053
2057
2071
2073
2077
2080
2089
2090
2110
2111
2112
2128
2130
2136
2137
2178
2180
2190
2193
2199
2201
2205
2207
2208
2209
2214
2216
2217
2219
2225
2227
2228
2229
2233
2245
2246
2247
2254
2263
2268
2272
2274
2276
2278
2283
2287
2293
2310
2312
2329
2347
2349
2356
2360
2366
2394
2415
2418
2427
2431
2433
2445
2454
2469
2471
2472
2473
2480
2504
2506
2508
2516
2521
2532
2536
2537
2556
2564
2567
2569
2572
2579
2583
2597
2601
2603
2605
2627
2628
2631
2632
2638
2644
2646
2649
2650
2657
2660
2672
2691
2700
2710
2716
2725
2741
2743
2759
2765
2766
2774
2795
2806
2840
2843
2915
2923
2924
2926
2955
2963
2967
2970
2971
2974
2980
2983
2986
2993
2997
3001
3007
3012
3018
3027
3041
3063
3065
3070
3082
3087
3088
3133
3136
3156
3187
3217
3219
3234
3276
3281
3284
3286
3293
3297
3318
3328
3332
3334
3341
3359
3403
3414
3416
3418
3422
3427
3429
3432
3438
3442
3453
3455
3491
3504
3506
3510
3517
3522
3523
3525
3530
3532
3536
3544
3568
3579
3590
3591
3597
3601
3611
3612
3634
3641
3649
3654
3658
3661
3662
3665
3683
3684
3690
3692
3694
3705
3708
3710
3711
3717
3728
3740
3745
3758
3790
3795
3824
3831
3832
3843
3848
3866
3870
3880
3881
3885
3890
3901
3902
3910
3915
3923
3943
3949
3955
3958
3963
3966
3970
3983
3988
3990
3996
4005
4026
4040
4047
4050
4061
4065
4068
4089
4103
4119
4131
4132
4134
4146
4148
4149
4161
4165
4171
4182
4184
4202
4207
4211
4216
4246
4265
4301
4305
4340
4347
4403
4413
4421
4422
4426
4427
4441
4454
4455
4471
4484
4492
4494
4505
4508
4526
4531
4532
4547
4551
4554
4556
4561
4563
4566
4583
4589
4591
4592
4610
4621
4624
4626
4630
4637
4645
4657
4664
4667
4675
4681
4697
4704
4705
4707
4710
4718
4720
4722
4734
4735
4741
4761
4780
4784
4791
4794
4816
4823
4827
4829
4830
4839
4851
4852
4862
4879
4896
4899
4906
4910
4913
4923
4928
4935
4938
4939
2
5
22
32
42
52
59
77
81
85
86
87
95
106
108
114
121
131
141
156
157
161
162
168
195
197
219
233
240
246
248
256
258
264
272
276
288
296
303
304
310
315
317
324
326
331
332
338
341
360
367
384
389
410
414
427
432
440
450
455
458
464
471
474
475
476
483
486
487
505
515
536
556
567
592
607
615
617
619
621
627
633
640
645
647
649
675
678
684
686
690
694
709
711
715
717
728
731
733
737
750
752
765
777
785
788
798
806
812
813
815
817
830
841
844
847
850
873
876
880
881
892
945
946
955
963
964
971
975
976
977
980
984
986
1033
1035
1078
1110
1118
1127
1128
1135
1157
1159
1175
1187
1190
1194
1200
1208
1209
1214
1221
1229
1230
1232
1233
1247
1250
1259
1264
1266
1274
1277
1279
1280
1283
1285
1293
1300
1302
1331
1335
1341
1350
1352
1357
1363
1366
1369
1375
1380
1381
1386
1388
1389
1392
1395
1417
1424
1427
1453
1454
1473
1484
1487
1517
1519
1526
1536
1543
1544
1550
1560
1562
1565
1572
1576
1577
1579
1580
1596
1599
1603
1614
1619
1620
1621
1626
1642
1646
1647
1651
1658
1669
1674
1680
1691
1692
1694
1695
1705
1710
1712
1721
1723
1733
1742
1744
1753
1756
1763
1765
1766
1768
1769
1775
1780
1785
1787
1788
1812
1813
1814
1820
1821
1823
1829
1838
1843
1850
1855
1859
1861
1868
1872
1898
1906
1908
1932
1943
1969
1971
1973
2014
2024
2028
2044
2055
2063
2064
2065
2079
2083
2085
2093
2104
2123
2146
2149
2160
2174
2182
2185
2202
2215
2224
2239
2253
2255
2264
2265
2273
2279
2280
2288
2289
2291
2299
2301
2307
2314
2333
2337
2339
2340
2342
2343
2351
2358
2374
2376
2386
2390
2396
2421
2424
2446
2452
2456
2460
2468
2477
2499
2512
2529
2552
2557
2560
2568
2571
2573
2578
2587
2589
2598
2600
2615
2619
2620
2630
2636
2641
2651
2653
2654
2658
2663
2666
2676
2678
2679
2698
2702
2704
2721
2726
2727
2729
2730
2733
2734
2735
2746
2748
2749
2750
2751
2754
2757
2758
2767
2769
2771
2773
2784
2794
2797
2803
2804
2807
2817
2820
2821
2823
2829
2830
2831
2832
2841
2858
2860
2862
2868
2870
2871
2872
2879
2885
2886
2897
2900
2909
2919
2922
2927
2928
2931
2941
2949
2953
2956
2957
2960
2964
2969
2973
2981
2988
2991
2996
2998
3004
3010
3013
3015
3031
3032
3033
3039
3050
3079
3092
3109
3118
3121
3126
3134
3144
3145
3152
3159
3173
3205
3209
3214
3232
3244
3288
3289
3295
3300
3313
3315
3335
3339
3348
3349
3361
3363
3365
3369
3389
3399
3400
3404
3412
3415
3419
3421
3423
3433
3434
3436
3451
3454
3459
3463
3471
3483
3492
3503
3508
3512
3515
3518
3521
3537
3540
3569
3575
3584
3595
3599
3600
3603
3607
3621
3629
3630
3635
3636
3644
3670
3685
3689
3696
3747
3749
3750
3754
3766
3787
3788
3804
3805
3808
3810
3820
3833
3836
3846
3850
3855
3861
3876
3882
3899
3913
3930
3951
3960
3964
3971
3991
3993
4011
4012
4018
4019
4048
4051
4054
4057
4079
4087
4090
4093
4101
4108
4112
4118
4127
4136
4138
4153
4156
4186
4189
4237
4329
4337
4341
4348
4350
4354
4360
4365
4379
4382
4394
4431
4468
4472
4475
4478
4480
4483
4488
4490
4498
4506
4507
4511
4515
4519
4523
4525
4530
4536
4540
4543
4548
4552
4560
4568
4572
4581
4593
4604
4609
4620
4629
4632
4672
4680
4685
4691
4692
4698
4706
4709
4713
4730
4731
4740
4762
4769
4785
4798
4841
4856
4858
4863
4873
4874
4895
4903
4908
4911
4917
4918
1688
2054
871
4842
2284
3736
3487
2968
1925
3391
884
1942
2719
3208
3489
4243
3263
3396
4316
4355
2833
1504
3997
1568
3259
1956
3999
2467
2789
2483
2684
1312
2494
1485
1458
551
2921
1470
3723
1919
2695
146
3849
1934
2117
4889
3947
1040
2850
132
1238
3449
4646
1265
4789
3542
3024
4721
2341
2683
3994
2496
4915
3822
2169
346
2836
695
1008
1397
2680
2365
1974
3080
4219
3776
4694
2025
2259
3078
1641
2484
1624
3925
1015
4428
3043
4244
1452
4904
3424
3026
3813
887
3691
3482
1569
2144
1983
3257
4222
3096
2482
3157
2609
3068
3697
1324
1957
2935
3648
1457
3551
2824
3989
3094
734
1054
2958
2018
2328
1073
1481
4571
323
3712
2413
376
1860
2075
254
781
2158
2507
4919
4644
4940
3574
712
577
3191
1591
1892
1684
3271
4825
2271
2592
1079
606
1316
2416
2510
3841
1431
4882
3367
3980
2775
605
2037
3686
1679
3571
4302
3283
2359
2917
1236
3986
4905
4339
756
3663
816
4437
3618
2951
2947
824
2777
1507
3235
21
2088
534
4671
542
4636
4459
3476
1051
4535
623
2428
802
2523
1590
3125
1248
4280
348
2772
3856
3672
792
629
3748
4524
3933
4313
1057
1421
1429
3643
12
1917
2762
1863
4802
3305
370
4135
167
3693
2892
906
2187
4760
998
4287
4866
739
3372
173
2451
2809
4688
4213
2069
1972
4190
4283
259
1728
3216
1806
3945
224
2526
155
1686
4176
2555
3
2770
3791
1784
1896
1724
1561
2713
2098
2623
4096
3162
2094
3225
1798
1573
2194
3928
552
2934
228
4376
4763
742
710
3877
3176
3645
1426
1290
2147
1390
769
699
2501
3490
2920
436
2103
797
3664
767
851
915
559
24
4771
3939
3998
3228
563
2486
4584
1939
2389
4
688
3376
4075
3851
3628
1301
2877
4397
4085
2163
1340
586
954
4810
922
3127
3688
4544
4557
3695
1858
990
3425
494
4586
126
1929
4521
3931
2067
1648
4077
3101
4678
2752
2429
4805
3466
3170
4768
401
1258
1036
3520
650
419
2634
3443
1017
3624
3054
4738
3333
4881
4285
4163
3898
2126
1796
1611
1443
786
117
4191
2910
1113
4625
2782
2189
215
4764
3570
2756
2372
2853
3042
1845
1322
3743
3952
1926
4920
1880
2546
1830
4587
3639
3061
1009
3130
1172
4076
3729
4871
911
3978
2113
3738
3278
3164
3484
4921
127
1846
3527
2682
189
4297
3715
4194
55
870
4826
4200
2635
1759
2453
495
3107
3937
2551
3169
2588
4334
1675
4451
651
3325
2539
1610
439
4169
3905
2232
1475
916
2218
2602
574
3202
1731
3141
1966
3382
2269
3920
4527
4289
541
1521
2105
2826
3587
193
925
2933
1981
2755
3291
4869
1809
4440
1509
4023
1575
2618
828
3437
3842
4303
2134
3765
3056
4405
1070
3911
985
3627
4314
1477
93
3677
1736
1875
2045
149
3100
4912
2440
648
1188
2664
3549
4611
1773
4433
4259
345
2961
3610
1534
3417
18
1922
356
1856
858
1887
3818
3199
2250
3699
244
1800
1777
164
2673
3452
4824
1615
1802
4634
1370
1039
930
1673
4501
4787
180
516
4725
4375
1449
995
74
3479
3533
4618
4822
2170
1907
591
3961
230
643
4575
2324
3671
595
4429
2558
2720
4067
1169
3239
4262
1888
322
1708
3500
3172
596
2847
1267
1501
2165
3394
2361
2244
2845
1065
4642
1837
3229
1996
3273
826
4745
2419
2060
232
635
3230
245
1448
3886
3163
4753
2591
3847
4321
3057
2581
3531
1879
1011
4406
4408
4014
2027
1737
4790
1905
1202
2334
1275
3037
3058
3030
4069
2353
1042
3204
3211
2867
1420
4021
2764
3251
2668
2167
1215
1179
243
225
3496
4668
1873
2696
3488
527
1535
67
2384
3218
286
508
923
2701
368
1864
2183
4197
4596
372
358
705
2391
2437
1295
1154
289
4141
4658
344
2175
3578
318
3733
3392
1401
1878
1988
3585
676
2323
4174
4590
2035
208
4159
1542
537
1068
4385
2753
4778
853
2962
1799
580
2135
3946
3475
1558
988
626
3550
3505
2462
1305
936
3924
4927
753
4711
4612
961
3366
1004
2056
2426
3106
2009
1852
4383
380
2614
2139
1373
1287
2364
625
2266
2242
3123
638
3615
2196
4776
2213
4696
1332
4533
2074
411
2995
729
3256
2015
1948
514
2171
489
266
3430
4139
3265
4670
4419
554
3177
3206
60
4447
3552
4650
3181
37
4296
2432
212
2008
730
2761
3040
1960
3053
3801
2166
1405
525
4372
2613
320
477
3023
1505
2164
2778
4606
2050
4201
120
83
194
3077
3845
4598
4779
3014
957
2661
4220
2848
3620
2168
4324
4662
2078
761
1745
1503
1625
4743
3097
2677
1418
1383
3640
2195
1735
3020
4356
1002
506
864
935
533
497
3912
2425
3558
3409
1767
128
727
4907
2260
4099
3647
3953
4256
2240
2827
1783
4759
1149
4679
3340
982
273
4070
2316
1553
3184
3806
943
1518
1414
693
407
588
3262
3138
4477
3896
1228
3714
3559
1699
1840
766
1094
2070
1656
200
1463
3215
1354
4233
2236
1886
4308
1874
204
4288
4088
2258
3104
1743
1638
2972
4638
2466
543
1867
1486
3622
4833
3246
4196
2172
622
1774
2177
4042
818
3413
3789
3619
3774
3038
962
237
1185
2184
4260
784
2005
4228
904
3667
196
3051
1727
1663
3178
1533
3678
1655
1330
3028
1404
3407
3390
1303
459
4857
2237
2408
879
836
1138
1698
2141
738
1593
1636
2019
3535
3638
3086
4062
894
139
3444
3669
3852
4502
4897
886
359
2300
2975
2030
2076
2905
1374
4282
1456
201
1310
558
147
4864
1548
4803
4235
4701
703
1109
4438
3446
3592
1315
3323
3212
101
2251
1834
4748
4682
3995
2854
4230
2779
82
3741
4247
2081
3472
4801
4248
716
1049
4425
4257
1595
3250
931
1441
938
2894
1677
4266
4398
3871
2688
1869
3440
2520
860
868
1123
746
2400
4400
2945
4489
2822
4430
3907
2013
3175
4083
4613
375
3534
46
4022
4736
4573
3768
4929
2887
1512
3606
4797
3777
339
3586
4273
3716
1121
4875
2315
3581
1213
4043
2616
2873
3120
3386
861
3862
1045
2449
1398
3160
3935
3840
2092
4843
403
1522
4432
4558
491
3799
3784
2849
3891
165
3950
1631
4436
1396
4362
4212
3384
1254
2681
1384
2200
4799
603
3448
1497
3285
2142
1815
211
4270
1567
3732
2705
3555
2420
263
1722
3892
2992
3976
1327
983
553
1260
1317
142
270
2525
1514
3927
4225
782
3168
745
3298
1379
4819
707
2966
1193
3223
2252
2326
4796
1789
2768
1941
2003
1025
148
1137
4795
2306
4309
3724
4781
294
4865
3465
960
2441
2395
4883
747
950
3573
2068
399
394
4008
4245
3794
2243
1508
65
4177
1902
3139
2131
599
519
839
1084
1910
3151
4635
1056
1657
2625
1748
4616
810
3247
4238
2150
2866
3577
191
282
231
4223
1947
4035
4666
333
1635
4656
2513
271
4150
2916
4457
799
3501
820
1493
91
3528
268
297
3261
1758
1927
3524
4378
28
1539
3478
2999
2381
778
3154
3803
4091
572
4142
2122
2296
3379
4170
4466
4081
1771
4576
2041
2191
1991
3397
1377
673
4627
2547
1853
3201
3816
920
1318
1923
2487
4594
4349
1963
3207
3373
2855
628
1762
1171
3704
4338
1980
683
4773
2231
2002
307
2052
1249
808
3631
697
281
4380
325
3602
38
503
3150
3580
4231
2423
718
3035
1253
2436
2982
4336
3073
3860
3383
363
1029
3967
1064
2639
3158
1234
1273
2338
472
4623
834
2230
3116
3617
1141
2410
2912
568
4463
823
677
2913
2865
135
842
4933
3292
741
2667
1911
45
4517
3932
3119
1061
371
1483
3583
159
2371
1261
1764
1180
3565
2256
1469
2478
4607
66
1935
3759
4307
3653
4107
2007
64
3237
791
2402
972
2152
3582
3047
4902
3137
2125
354
498
2898
1916
2685
3280
3198
3240
4800
369
3110
2311
2181
2033
1000
92
3022
261
3502
4648
2876
3655
2127
560
2012
3377
3539
2369
4173
11
518
1270
2121
4232
3183
510
3879
2987
4016
3049
3142
343
4006
601
3149
3869
2108
3481
4595
4870
674
3253
3469
44
4545
4788
3623
178
775
4049
1701
97
897
529
4258
4351
2011
62
3000
373
30
330
420
4343
4227
3083
1630
1720
4254
789
4028
3254
4263
2016
1413
4294
4444
4286
2086
670
4412
3003
671
4323
4242
2747
3243
2723
1217
857
441
1043
2072
3965
2642
4687
754
377
4605
1597
166
2637
1882
2699
4777
417
4319
235
3867
4747
1407
2805
3588
4926
203
1884
4774
2062
3800
1297
3560
3837
2863
687
4565
425
1848
2709
4750
2286
33
390
2034
1362
4115
2943
2476
3036
2535
4095
3220
4390
3767
1790
1450
2891
3874
1338
3034
3914
1964
1627
3272
4495
4025
4467
3248
2095
415
104
4860
3676
2021
751
652
4690
2690
856
2257
4580
3819
2100
1750
3200
4312
1792
4922
913
1196
2140
461
3260
1184
328
646
500
3613
901
4418
4729
708
1808
3267
4673
4749
1077
524
3326
63
84
571
3906
1967
1020
4453
2043
3730
1207
4717
2665
4423
1740
445
4020
1552
1527
4479
3270
2036
2895
3375
1904
989
3269
3702
657
3718
4647
374
4072
3650
118
1697
1076
801
4125
2929
547
3428
160
1570
583
2129
57
3059
3547
2861
4058
4793
4504
179
4032
4033
719
379
1411
185
3470
3865
4445
631
2099
3513
832
4914
2261
3227
3921
1803
2399
291
663
20
1092
3839
241
959
1632
608
3884
466
2120
2902
3596
2097
4663
1889
3115
3556
2320
4315
4145
914
3114
3085
4443
409
277
1351
4456
4162
4278
3883
2745
669
3858
447
3336
2812
465
4783
2731
2281
4714
1482
3153
1053
4804
3279
1718
721
387
2890
1781
1810
1979
2889
1146
4756
4147
3987
2367
234
3972
3258
3461
724
4434
502
2308
3075
3673
3940
2118
2802
4059
1989
1438
3563
3956
3546
3499
4529
3782
3306
1970
1183
2492
3474
3917
4366
4699
903
2380
285
4104
4712
2143
2061
469
2430
2948
4239
4300
250
2058
3147
1881
2203
1751
453
2937
3825
1037
4358
796
1168
4126
2808
4094
2517
2309
611
760
1220
4617
103
2270
283
3604
4622
3878
867
4377
3646
659
1912
4407
2659
3192
4226
3821
2856
2816
3076
4746
4861
3632
3725
4481
755
3830
2675
2204
305
4925
4080
898
4737
4496
805
2294
4424
862
3934
105
4311
381
3064
2907
3102
1606
4251
4892
634
2132
3238
1047
1894
89
1241
4812
1826
4932
2297
4056
1529
4003
2633
3593
2791
3395
3981
585
404
4053
3668
4249
2404
866
2319
3674
4817
385
3769
3406
665
4082
4183
1958
3567
4066
3700
4298
3594
4924
1804
1288
434
4293
1019
2186
598
2903
3268
2584
1502
3598
2652
1292
3780
4815
794
907
3919
3944
2385
1770
4272
531
444
1344
349
4766
1246
4215
1719
2330
109
3626
4292
4290
437
4452
1007
418
3548
4900
610
130
1556
522
3561
2375
2322
3338
4414
999
1024
171
4550
3420
4330
4886
2869
947
3460
2785
3553
3213
4835
1730
2811
4281
4499
4450
209
3529
2176
1349
186
2211
3402
3354
4168
4937
3016
3113
2435
2155
287
1446
1841
347
1752
1931
3362
4931
2362
507
1099
773
229
517
1998
3093
3048
1163
3773
2398
3659
275
1921
4144
3721
1496
2732
1525
1058
869
3608
4541
452
3277
2124
4814
3727
1613
3868
1877
4891
2790
3616
2965
3509
4460
1111
4811
3666
400
3703
4884
877
2412
17
113
3287
1715
1714
3477
2580
4603
3124
4295
1586
3984
1086
4001
1281
4109
4807
1726
573
924
2220
2708
590
4641
4113
2514
2706
470
448
2875
2345
158
202
912
3687
1387
4409
4055
4310
3936
4614
3166
579
1822
714
3112
1805
3242
4808
4267
2047
2742
1347
4555
2006
3135
660
600
2712
3814
4847
4027
4010
3720
3713
4582
4064
3195
4031
3828
3084
3180
2448
2406
2000
3526
3245
4306
3637
2352
3324
134
1637
4684
4449
2026
1538
3143
3194
4410
872
3760
4417
4325
2763
102
133
3089
2925
172
3652
1984
2566
3196
2989
2109
3346
1376
996
4716
1027
213
1549
1080
39
3045
3249
3398
2818
593
1240
1436
3380
4214
656
2786
220
4676
366
4465
3236
807
1223
4318
4806
1014
2393
3146
4250
1402
3210
1949
3029
4411
2718
919
3968
388
4140
2116
1975
701
1797
1959
661
908
2114
4600
1746
79
3224
616
1857
3633
4063
4276
4389
4849
4188
1445
182
1920
3929
4890
1211
1950
3826
4369
1986
3554
4724
723
1833
3105
468
100
2156
3222
10
613
217
181
3735
278
1832
3179
90
4758
2379
3103
4732
2401
3751
4039
4326
1992
2511
1465
4253
1937
3165
1851
3095
4818
1994
4322
3385
4868
4821
2188
207
3132
4017
25
2524
1918
3408
1594
1870
4396
4198
3290
4510
3303
2744
4752
1836
1262
2197
3909
3099
4122
3543
3660
15
2834
3387
1909
3701
175
3764
2154
1818
4909
932
2370
4846
3746
3772
1023
4268
3974
473
3374
2950
4633
1683
75
1328
1761
2738
1048
3756
4229
3111
4653
3140
4936
2985
602
2442
4639
1167
1440
3060
2911
1201
1226
3255
3835
152
3681
2882
1032
337
2503
1825
3731
1914
312
1835
1865
4831
23
4757
3190
3450
2304
2470
4234
2707
4765
544
909
2859
1500
2234
3066
1890
2835
3739
4320
4599
1434
2906
2210
4304
3264
2302
700
4615
2899
1581
2305
4813
16
3682
4877
2599
4236
1423
3854
1364
2051
2022
2612
115
382
2954
398
290
4185
4271
223
3002
865
1866
493
4772
735
4192
4386
2153
4178
1125
1901
4597
2990
4723
3458
4420
3566
1551
888
2793
3011
3435
2042
3894
2844
144
4464
4844
3742
3887
3942
2946
2788
460
3171
732
1588
1629
1144
4004
896
3275
1537
821
3167
2348
3744
3370
1044
3405
4037
667
1915
299
1976
0
512
3311
3439
2776
1336
4240
3707
4487
1944
4241
3388
3231
3062
2624
4855
2138
2148
2223
641
1062
4744
1038
2582
301
3052
397
3155
1490
3516
446
2295
4123
2994
2206
1678
1225
49
2173
4116
2518
4569
4275
1531
4786
2048
183
2888
4514
3357
3221
3889
2904
2541
4916
406
2610
3680
2570
2313
4252
3282
3464
2461
4217
2029
2277
4775
1700
2091
3381
4393
3447
2198
889
4770
2292
618
3252
3021
1725
978
4782
3507
499
2422
2040
3182
3864
1903
2059
1343
4665
1479
2331
4074
691
122
2669
4702
462
3589
2411
1891
188
3393
151
1827
3441
4024
2275
2377
890
3457
2161
2226
1997
891
4715
540
4274
4578
1294
364
620
3193
1924
3067
4269
682
1133
4044
4208
1954
4255
1139
3926
3473
2901
1385
4071
1432
768
3203
3081
3131
3274
3519
2714
1634
4370
3226
4133
3161
4388
4474
4013
3098
433
110
2179
4669
3364
3025
3642
1227
4328
1498
265
2417
3941
4693
3055
3977
4046
4601
43
4546
3241
900
3657
365
2438
479
3006
1717
3844
4577
966
1670
4261
4853
2739
654
4277
3922
3019
2481
1103
1578
679
7
2689
169
1308
4894
2491
1394
4809
1399
3857
2403
4130
2930
3900
2115
967
2540
1672
1464
1995
3185
2318
2387
1602
3614
4567
3304
549
863
1862
4742
2350
6
642
2087
4631
2373
905
4205
513
3557
1145
3755
2940
467
2626
423
3893
2344
2621
3734
3233
4837
3108
1666
1013
4559
3148
685
4387
822
1022
910
1791
3698
1987
4845
293
