4219
426
69
2364
2312
1091
2717
184
4893
4902
1243
1313
1106
402
4652
393
1244
1326
1102
1072
438
1622
1419
1230
1334
1930
1455
1257
2249
1378
757
750
804
772
1289
207
4458
4199
129
2562
4164
532
522
3312
4832
4474
4897
4836
2242
4469
1131
2594
2458
2671
1178
1166
1119
1170
1506
1371
1416
1300
1252
1224
2528
2554
2606
2586
1206
1195
2156
1365
1116
2434
2607
3329
4876
4538
2489
138
726
2617
3769
2561
2553
2584
395
2282
3781
2414
35
1140
3352
4655
1757
1205
1342
3331
3337
80
1163
4172
4156
386
2522
337
1117
1361
1471
1530
1484
4485
1104
1461
4508
1463
3975
2321
2596
1082
2878
4888
4878
1523
1685
3797
3468
3863
3783
98
3786
3343
153
2542
154
1309
490
3316
94
1776
1489
1451
1732
1242
1734
1219
3351
1472
1323
1081
4317
3017
4111
2740
2485
2475
1360
2502
2601
4861
1052
4866
973
252
3895
299
1356
298
831
4187
246
4041
1098
4643
1090
3918
14
4476
4660
846
2223
780
1333
2382
170
145
4491
4659
1158
2670
3310
3411
584
2595
681
4381
702
4332
4029
3319
833
4345
4336
4047
828
4365
3957
3979
1296
1085
3838
2538
316
1087
1786
1600
2439
1406
1662
4151
854
2493
2490
4138
4885
743
2604
2559
4848
763
878
2231
902
2409
895
1005
1782
546
1447
4522
2368
3301
959
2575
3322
1026
2447
4473
2593
3904
1050
1435
1945
1747
1030
284
4162
2760
261
3802
4627
242
41
657
3294
4648
3355
1474
4446
3299
4662
632
1653
2327
2846
496
3486
653
4708
88
187
123
2484
4034
3307
4739
4392
413
1235
3564
3762
3792
4359
3675
4367
3722
1933
1964
3916
4371
199
2020
4588
3823
4361
1348
2355
1306
2883
614
1063
4357
852
1605
2608
2662
2530
539
2221
2880
3971
4373
1547
4119
1885
658
1760
4677
1276
306
793
2645
4090
4166
1307
594
969
1400
321
1460
4651
2551
4887
3347
3785
4396
362
391
481
1100
2388
2781
4751
9
1283
4106
2800
2443
405
1439
1095
1689
4676
803
1795
1218
2519
111
430
604
952
1298
2157
1554
3371
3925
4038
2363
1239
2779
3328
4570
713
2163
2936
2918
4036
36
353
257
4384
504
859
948
2527
4686
140
4435
4352
548
624
2798
3401
4520
456
819
76
940
2533
3308
13
1034
1148
2133
1985
2151
2814
2851
3545
3903
3779
4486
3497
587
1272
1871
2459
2444
2457
2810
4872
4602
4727
3431
997
1528
2545
2544
4099
4689
744
795
1488
1028
951
1069
1459
1097
1478
1999
2647
2837
3341
3661
4899
3985
3963
4500
355
392
1589
885
1703
1609
1173
2332
2349
4534
2839
3296
4358
73
725
882
1010
1165
1687
2083
3075
3467
4152
351
1425
1524
1993
1838
2585
4033
2932
3156
3073
3320
3511
4664
4221
4518
143
119
313
4402
1513
485
4928
1071
1492
2032
1690
2370
2825
2966
2916
4562
280
609
1060
1115
1191
1442
1403
1511
2298
2378
2697
2978
3358
4154
2372
826
991
2102
2031
2263
2392
2336
2498
2577
2629
2509
3128
3778
3843
4060
4196
4733
174
4114
545
597
837
1446
2096
1954
2455
2648
2565
3286
3938
4007
4206
4391
4703
51
224
1015
340
383
582
637
783
941
1269
1522
1156
1408
2474
2787
3576
3410
4850
3809
3796
3954
4000
4009
4346
4579
451
205
4179
396
1467
520
1128
1105
1162
1940
1800
1359
1755
2162
1953
2267
2622
2842
2534
2611
2959
3514
3831
4442
4616
4934
274
424
1382
492
692
668
749
944
993
2203
1466
1319
1842
1921
1644
2119
2085
2238
2235
2325
3186
2576
2881
2574
3071
3129
3544
3330
3456
3752
3992
4053
4121
4342
4340
4590
4567
1
3625
163
68
112
939
239
561
557
762
921
1031
1066
1311
1177
1210
1709
1735
1304
1654
2397
2359
2345
2687
2548
2852
3426
3541
3847
3853
4098
4181
4607
4516
4640
4754
4840
4448
48
336
314
335
330
480
570
511
722
1124
965
1067
1150
2145
1320
2039
1574
1928
4859
2486
2939
2643
3266
2813
2990
2724
3538
3445
3465
3317
3485
3360
3356
3368
3493
3753
3959
4299
4092
4279
4368
4589
4700
4654
4724
4728
4880
19
222
198
221
229
249
4363
350
416
459
644
748
759
758
771
848
928
1041
1059
1114
1956
1881
1892
1430
1410
1499
1339
1816
1337
1368
1612
1897
1899
2001
1978
1793
2222
2303
2674
2686
2783
3005
2563
2908
2711
2952
2736
3069
2780
3498
3605
3910
3815
3897
3890
3829
3948
3962
4218
4097
4118
4128
4157
4383
4439
4531
4901
4461
58
177
108
319
311
295
442
431
1216
1730
421
508
3982
530
564
612
720
655
764
2212
849
875
917
970
1329
1075
1876
1136
2010
1491
1245
1895
1893
1616
1584
1604
1961
2137
2073
2357
2248
2246
2276
2274
2655
2432
3122
2500
2828
3188
2801
3314
3332
3464
3732
3740
3495
3585
3793
3763
3834
3873
3955
4015
4102
4224
4404
4377
4395
4574
4582
4494
4719
4637
4838
4930
139
27
47
96
352
308
449
550
630
639
736
680
790
835
945
979
1582
1147
1164
1345
1409
1186
1202
1562
1255
1588
1633
1951
1738
1668
1754
1965
1977
2107
2244
2272
2285
2371
2440
2917
2694
2463
2464
2480
2497
3027
2531
2896
2605
2914
2942
3101
3102
2819
2938
2983
3197
3656
3321
3403
3342
3572
3651
3350
4509
3562
3453
3522
3706
3761
3775
3973
3988
4052
4086
4284
4100
4158
4171
4203
4209
4401
4674
4767
4493
4497
4503
4624
4738
4792
4834
4918
97
191
109
210
1055
3770
4415
422
1476
470
435
443
484
482
523
526
535
555
786
822
1231
845
4462
838
843
1012
1096
2139
1495
1874
1826
1473
1971
1822
1161
1182
1346
1251
1284
1801
1819
1353
1516
1422
2159
1391
1900
1938
1946
1557
1896
1585
1583
1702
2038
2153
1623
1640
1850
2106
2023
2025
2192
2204
2346
2228
2405
2233
4631
2421
2416
2328
2730
3189
2473
2504
2550
2569
2899
2980
2965
3289
2799
2692
3012
2715
2722
3009
3085
2857
2796
3046
3137
3117
2893
2957
3737
3302
4759
3709
3353
3623
3695
3378
3690
3429
3703
3719
3669
3825
3864
3807
3875
4016
3965
3972
4073
4182
4264
4193
4210
4327
4374
4416
4553
4577
4539
4564
4723
4695
4707
4784
4867
56
72
124
236
227
192
238
327
342
251
254
260
269
378
279
325
4431
389
412
2284
474
488
501
505
562
575
640
578
626
636
645
691
672
732
728
709
815
779
774
893
930
918
953
987
967
977
4851
1018
1444
1074
1267
1112
1187
1130
1135
1134
1254
1160
1541
1518
1181
1234
1208
1763
1634
1282
1286
1291
1817
1412
1367
1381
1950
1590
1686
1608
1650
1827
1676
1829
1713
1739
1733
1839
2089
2028
2066
2101
2090
4743
2216
2288
2404
2247
2255
2407
2262
4854
2356
2656
2433
2450
2454
2700
2590
2465
2723
2472
3218
2864
3219
2488
2495
2505
2515
2521
3234
2532
2537
2549
2621
2564
2941
2976
2979
2657
2984
2728
2734
3072
2773
2923
2815
2884
2944
3008
3174
3313
3318
3711
3635
4628
3344
3480
3615
3399
3609
3532
3438
3454
3679
3491
3494
3510
3525
4863
3685
3757
3798
3882
3827
3832
3872
3888
3885
3998
4049
4045
4078
3990
4030
4105
4207
4115
4175
4143
4204
4155
4195
4291
4331
4335
4343
4344
4512
4482
4484
4505
4786
4513
4515
4523
4826
4675
4548
4670
4560
4820
4605
4780
4681
4697
4704
4705
4755
4740
4828
4833
4839
4852
4908
8
125
190
176
53
136
26
29
31
181
107
61
86
218
99
116
214
216
361
262
264
302
300
4426
457
408
463
478
565
566
509
528
538
569
664
589
666
787
814
770
2207
844
827
829
840
855
883
929
874
926
927
933
934
937
946
1003
949
1049
968
974
994
992
1001
1021
1046
1176
1192
1559
1083
1088
1093
1143
1108
1825
1122
1127
1955
1335
1197
1774
1157
2180
1198
1199
1364
1212
1237
1532
1263
2182
1278
1540
1314
1433
1831
2017
1765
1372
1393
1515
2193
1828
1428
1437
1811
1794
1952
1468
2112
1480
1494
1510
1521
1545
1546
2110
1779
1555
1563
1566
1618
2053
1645
1592
1607
1847
1617
2004
1628
1729
1667
1824
1639
1643
1649
1652
1820
1665
1671
1706
1681
1682
1778
1693
1982
1704
1889
1849
2080
1743
1772
2049
1936
1990
1962
1968
2057
2071
2190
2178
2200
2205
2390
2396
2360
2366
4507
2315
2254
2287
2290
2293
2354
2418
2394
4563
2729
2638
2672
2445
2479
2632
2759
2646
2766
2506
2508
2795
2516
2874
2536
2583
2832
2898
2579
2603
2963
2970
2974
2627
2982
2631
3187
2644
2649
3288
2660
2691
2693
2703
2840
2710
2716
2725
2737
2741
3083
3089
2765
2774
2806
2843
2971
2924
2997
2956
2967
2977
2986
2993
3001
3007
3018
3284
3041
3276
3063
3065
3281
3133
3293
3297
3645
3455
3345
3629
3359
3579
3658
3684
3414
3416
3418
3422
3665
3590
3442
3710
3462
3696
3506
3517
3717
3654
3612
3692
3708
3568
3601
3662
3726
3597
3705
3641
3745
3728
3758
3943
3795
3790
3870
3810
3812
3908
3817
3923
3848
3859
3902
3866
3915
3983
3966
3969
4068
4065
4020
4028
4061
4084
4089
4103
4184
4243
4117
4124
4129
4133
4137
4146
4149
4202
4160
4216
4165
4167
4305
4246
4301
4355
4382
4413
4421
4422
4427
4441
4454
4455
4470
4475
4610
4526
4528
4687
4547
4816
4551
4554
4592
4561
4583
4608
4683
4645
4649
4823
4720
4718
4726
4741
4761
4794
4874
4830
4923
4926
4910
4938
4935
4939
2
5
10
22
32
33
40
52
54
59
67
78
81
85
87
95
106
114
121
137
141
156
157
161
162
179
195
197
226
233
245
248
253
255
256
266
272
276
281
288
291
296
303
304
309
310
315
317
326
331
332
338
341
357
360
367
384
410
414
420
427
428
429
432
440
450
454
458
464
471
475
476
486
487
515
521
536
556
567
576
581
592
607
615
617
621
627
633
647
649
661
670
675
678
684
686
688
694
696
698
706
711
715
717
733
737
739
752
765
777
788
798
800
806
808
810
812
813
817
830
841
847
850
869
876
880
881
892
955
956
963
964
971
975
976
980
981
984
986
1006
1016
1078
1089
1101
1107
1110
1129
1132
1141
1144
1149
1152
1153
1159
1174
1175
1188
1190
1194
1204
1209
1221
1232
1241
1247
1248
1249
1250
1259
1264
1270
1274
1280
1285
1293
1299
1302
1321
1341
1352
1363
1366
1369
1375
1380
1386
1388
1389
1392
1395
1415
1424
1427
1436
1453
1454
1487
1526
1536
1543
1544
1550
1560
1564
1565
1571
1572
1576
1577
1579
1580
1587
1596
1597
1599
1601
1602
1615
1619
1620
1621
1626
1627
1642
1646
1647
1648
1651
1658
1669
1680
1691
1692
1694
1695
1705
1707
1710
1712
1715
1717
1721
1723
1744
1753
1756
1766
1768
1769
1780
1785
1788
1812
1813
1814
1821
1843
1846
1855
1859
1861
1868
1872
1873
1898
1906
1908
1932
1943
1969
1973
2014
2044
2046
2055
2056
2063
2064
2065
2077
2079
2093
2104
2123
2146
2149
2160
2174
2185
2209
2215
2218
2219
2220
2224
2225
2227
2239
2243
2253
2264
2265
2268
2273
2278
2279
2289
2299
2305
2307
2308
2309
2316
2326
2333
2339
2340
2342
2343
2374
2376
2386
2424
2431
2446
2448
2456
2460
2468
2469
2470
2476
2499
2512
2552
2557
2560
2566
2568
2578
2587
2589
2598
2600
2610
2615
2620
2630
2636
2641
2651
2653
2654
2658
2663
2666
2676
2678
2679
2688
2689
2698
2702
2704
2726
2727
2733
2735
2743
2746
2747
2749
2751
2752
2753
2757
2758
2767
2769
2771
2784
2791
2794
2797
2804
2807
2817
2820
2821
2823
2829
2830
2831
2838
2841
2858
2860
2862
2868
2869
2870
2871
2872
2879
2885
2886
2897
2900
2909
2915
2919
2922
2926
2927
2928
2931
2949
2953
2960
2964
2969
2973
2981
2991
2996
2998
3004
3010
3013
3015
3033
3039
3044
3050
3079
3092
3109
3118
3121
3126
3134
3144
3145
3152
3159
3173
3205
3209
3214
3232
3244
3300
3315
3327
3335
3338
3339
3348
3349
3361
3363
3365
3369
3370
3376
3384
3389
3391
3400
3404
3412
3415
3419
3421
3423
3427
3433
3434
3436
3471
3482
3483
3492
3503
3508
3512
3515
3518
3521
3530
3537
3540
3543
3569
3575
3595
3599
3600
3603
3604
3607
3618
3630
3633
3636
3670
3689
3747
3749
3750
3754
3766
3771
3787
3788
3804
3808
3818
3820
3822
3824
3833
3836
3850
3855
3861
3862
3876
3899
3913
3930
3949
3951
3952
3958
3960
3991
3996
4011
4018
4024
4054
4057
4079
4087
4093
4101
4108
4112
4127
4130
4134
4136
4148
4153
4161
4180
4186
4189
4250
4337
4341
4347
4348
4350
4353
4354
4360
4364
4379
4468
4472
4478
4480
4483
4488
4492
4498
4506
4510
4511
4517
4519
4532
4540
4542
4549
4566
4568
4572
4578
4585
4591
4593
4609
4619
4620
4621
4629
4630
4667
4685
4691
4692
4698
4706
4709
4710
4711
4713
4730
4734
4762
4769
4782
4790
4798
4841
4856
4858
4864
4870
4873
4895
4903
4906
4911
4917
4372
4333
305
2543
4376
4398
4408
282
285
551
740
1151
1268
1308
1512
1531
2383
2529
2588
3333
3336
3784
4080
4110
4120
4147
240
334
425
493
543
544
610
652
667
685
689
742
789
791
811
864
943
950
1019
1022
1023
1024
1086
1167
1201
1340
1373
1418
1505
1725
1807
2019
2097
2098
2283
2387
2393
2558
2612
2616
2792
2889
2937
3309
3484
3683
4163
4188
4211
4375
4380
4385
4386
4410
4436
4537
4552
4573
4749
0
34
42
50
70
77
83
91
92
101
103
104
105
113
131
148
150
169
171
178
194
201
215
247
258
278
290
292
297
312
318
354
370
394
411
419
436
439
441
447
455
468
469
472
477
479
506
507
534
558
563
568
585
605
616
618
622
628
634
648
662
671
679
687
704
712
718
734
738
754
760
776
778
853
857
860
871
891
894
896
900
912
942
954
958
989
995
1011
1014
1044
1047
1056
1057
1065
1070
1073
1094
1103
1109
1123
1133
1142
1145
1155
1189
1226
1229
1253
1256
1260
1275
1277
1279
1294
1297
1316
1317
1325
1327
1330
1332
1338
1343
1347
1349
1357
1374
1377
1379
1383
1390
1401
1402
1413
1426
1429
1432
1438
1440
1441
1449
1450
1452
1458
1462
1486
1496
1502
1507
1525
1535
1542
1573
1575
1586
1598
1614
1661
1670
1677
1699
1716
1726
1741
1742
1749
1752
1844
1869
1883
1917
1922
1929
1994
1995
2000
2003
2012
2047
2054
2060
2067
2082
2084
2099
2113
2114
2118
2120
2128
2129
2130
2138
2140
2150
2158
2175
2191
2213
2229
2241
2281
2304
2314
2317
2329
2335
2369
2373
2381
2389
2425
2426
2428
2435
2436
2449
2452
2461
2471
2477
2483
2487
2492
2494
2496
2501
2503
2513
2520
2524
2539
2556
2567
2572
2591
2597
2599
2609
2614
2618
2619
2623
2624
2640
2668
2677
2680
2685
2709
2738
2764
2785
2793
2834
2835
2836
2865
2882
2955
2972
3003
3011
3014
3016
3030
3038
3042
3047
3049
3070
3074
3090
3091
3096
3104
3105
3111
3112
3113
3127
3130
3131
3148
3153
3200
3202
3211
3213
3215
3221
3230
3251
3270
3279
3295
3323
3334
3432
3446
3499
3500
3501
3536
3542
3553
3563
3565
3567
3580
3583
3591
3621
3627
3631
3637
3649
3663
3697
3727
3774
3789
3801
3803
3811
3826
3830
3844
3851
3871
3874
3877
3881
3887
3893
3898
3900
3901
3905
3917
3922
3927
3956
3995
4002
4012
4031
4037
4040
4173
4174
4194
4201
4214
4217
4222
4351
4369
4370
4399
4407
4417
4437
4444
4445
4477
4487
4535
4541
4565
4581
4606
4611
4622
4626
4641
4644
4661
4678
4694
4699
4721
4722
4753
4771
4793
4831
4837
4847
4860
4862
4875
4879
4883
4884
4886
4889
4898
4900
4924
4925
11
18
20
21
24
25
30
43
46
55
57
60
62
71
75
79
82
84
100
110
115
120
122
130
134
135
142
144
146
147
149
151
152
155
166
167
168
172
173
175
185
186
188
189
193
196
200
202
204
206
208
223
225
228
230
231
232
234
241
243
244
250
259
263
267
277
287
289
320
322
329
333
343
344
345
346
356
365
366
368
369
371
381
406
409
423
437
444
445
446
452
453
460
461
462
465
467
473
483
489
491
494
495
497
498
499
518
519
524
525
533
540
541
542
547
549
552
553
554
559
573
579
580
613
619
650
669
676
677
700
708
716
753
756
766
781
782
785
794
799
802
805
807
809
818
820
823
824
825
832
834
836
839
842
856
858
861
862
863
865
872
873
877
884
890
897
899
901
903
931
935
936
960
961
962
966
978
983
996
998
1000
1002
1004
1013
1025
1032
1033
1035
1036
1037
1043
1045
1048
1051
1054
1058
1061
1062
1068
1076
1080
1084
1092
1099
1111
1118
1120
1125
1126
1137
1154
1169
1171
1183
1184
1193
1196
1200
1203
1207
1213
1214
1217
1220
1222
1223
1225
1227
1228
1236
1238
1246
1258
1271
1273
1281
1288
1290
1292
1301
1310
1312
1315
1322
1324
1331
1350
1351
1355
1358
1362
1370
1376
1384
1385
1387
1396
1397
1398
1399
1405
1407
1417
1420
1423
1431
1434
1443
1445
1448
1456
1457
1469
1470
1483
1485
1490
1493
1497
1498
1500
1501
1504
1508
1517
1520
1527
1529
1537
1548
1549
1551
1552
1553
1556
1558
1561
1569
1570
1578
1581
1591
1593
1594
1603
1611
1613
1624
1625
1629
1630
1631
1632
1635
1636
1638
1659
1660
1663
1664
1666
1673
1674
1678
1679
1684
1696
1698
1700
1701
1708
1711
1714
1719
1722
1724
1727
1728
1731
1736
1740
1745
1748
1758
1759
1761
1762
1767
1770
1771
1773
1775
1777
1781
1783
1787
1789
1790
1796
1797
1798
1799
1802
1803
1804
1805
1808
1809
1810
1815
1818
1823
1830
1832
1833
1834
1837
1840
1841
1848
1852
1853
1854
1856
1857
1858
1862
1863
1864
1865
1867
1870
1877
1878
1879
1882
1887
1890
1891
1894
1901
1902
1903
1904
1905
1907
1909
1910
1912
1913
1914
1915
1918
1919
1920
1923
1924
1926
1927
1934
1935
1942
1944
1948
1949
1958
1959
1960
1963
1970
1972
1975
1976
1979
1980
1983
1986
1987
1992
1996
1997
2002
2007
2011
2015
2016
2021
2026
2027
2029
2030
2033
2034
2035
2037
2040
2041
2042
2043
2050
2051
2052
2061
2062
2069
2070
2072
2074
2075
2076
2078
2081
2086
2087
2088
2091
2092
2094
2095
2103
2105
2108
2109
2111
2115
2117
2121
2122
2124
2125
2126
2127
2131
2134
2135
2136
2141
2142
2143
2144
2148
2154
2155
2161
2164
2167
2173
2176
2177
2179
2183
2184
2186
2187
2188
2189
2194
2195
2196
2199
2201
2202
2208
2210
2211
2214
2217
2230
2232
2234
2240
2245
2256
2257
2266
2275
2286
2291
2292
2294
2295
2300
2302
2306
2310
2311
2318
2319
2320
2330
2331
2334
2337
2341
2344
2347
2348
2350
2351
2352
2353
2358
2361
2362
2365
2367
2375
2377
2379
2380
2384
2385
2395
2398
2402
2403
2406
2408
2411
2412
2413
2415
2417
2419
2420
2423
2427
2429
2478
2514
2525
2541
2592
2628
2633
2637
2639
2650
2652
2659
2684
2696
2701
2706
2714
2719
2720
2721
2739
2745
2756
2778
2789
2790
2809
2811
2826
2827
2845
2847
2849
2850
2866
2891
2894
2895
2903
2911
2920
2934
2935
2943
2948
2958
2968
2987
2989
2995
3002
3020
3024
3026
3028
3034
3036
3043
3045
3055
3059
3060
3061
3077
3081
3082
3084
3086
3087
3088
3094
3095
3097
3098
3099
3115
3116
3119
3123
3124
3135
3136
3141
3143
3146
3147
3149
3150
3154
3157
3158
3161
3167
3171
3178
3179
3180
3181
3190
3198
3199
3201
3207
3217
3222
3228
3229
3235
3238
3245
3246
3247
3250
3252
3253
3263
3265
3267
3269
3272
3275
3277
3283
3298
3311
3324
3325
3326
3346
3357
3362
3364
3402
3413
3417
3420
3435
3437
3449
3463
3466
3469
3470
3472
3473
3487
3488
3489
3502
3504
3513
3523
3526
3527
3529
3550
3551
3552
3554
3555
3556
3557
3558
3560
3561
3571
3573
3574
3577
3581
3582
3584
3586
3587
3588
3589
3592
3593
3596
3598
3608
3610
3611
3613
3614
3616
3619
3620
3622
3626
3628
3632
3634
3638
3639
3643
3647
3648
3650
3652
3655
3657
3659
3666
3667
3668
3671
3672
3673
3674
3676
3677
3678
3682
3686
3691
3693
3694
3698
3699
3700
3701
3702
3707
3712
3713
3716
3721
3723
3724
3725
3729
3731
3733
3738
3739
3741
3742
3748
3751
3755
3767
3768
3773
3776
3777
3780
3782
3794
3805
3806
3813
3814
3816
3821
3837
3839
3840
3842
3845
3849
3854
3856
3857
3860
3865
3867
3868
3878
3879
3880
3883
3884
3891
3892
3894
3896
3906
3907
3909
3911
3912
3914
3919
3920
3921
3928
3931
3932
3933
3935
3936
3937
3944
3950
3953
3961
3970
3978
3980
3981
3984
3986
3987
3994
3997
3999
4001
4003
4004
4005
4006
4008
4010
4014
4022
4023
4025
4026
4035
4039
4046
4048
4050
4051
4055
4056
4058
4059
4062
4063
4064
4066
4067
4069
4070
4072
4088
4094
4107
4109
4113
4131
4132
4139
4144
4145
4150
4159
4208
4212
4213
4215
4227
4265
4285
4328
4329
4362
4397
4400
4403
4405
4406
4409
4411
4412
4418
4419
4432
4443
4457
4459
4467
4471
4479
4481
4489
4490
4495
4496
4499
4501
4504
4524
4525
4529
4530
4533
4536
4543
4545
4546
4550
4555
4556
4557
4569
4571
4575
4584
4586
4596
4597
4598
4600
4601
4613
4614
4615
4617
4632
4633
4634
4636
4639
4646
4653
4656
4657
4658
4669
4671
4672
4673
4679
4684
4688
4690
4702
4712
4714
4715
4716
4717
4725
4729
4731
4732
4735
4736
4737
4742
4744
4745
4746
4747
4748
4750
4763
4768
4779
4788
4791
4799
4827
4829
4845
4849
4855
4865
4871
4877
4881
4882
4890
4891
4892
4894
4896
4904
4905
4907
4909
4913
4914
4921
4922
4927
4929
4932
4933
4937
4940
3
4
6
7
12
15
16
17
23
28
37
38
39
44
45
49
63
64
65
66
74
89
90
93
102
117
118
126
127
128
132
133
158
159
160
164
165
180
182
183
203
209
211
212
213
217
219
220
235
237
265
268
270
271
273
275
283
286
293
294
301
307
323
324
328
339
347
348
349
358
359
363
364
372
373
374
375
376
377
379
380
382
385
387
388
390
397
398
399
400
401
403
404
407
415
417
418
433
434
448
466
500
502
503
510
512
513
514
516
517
527
529
531
537
560
571
572
574
577
583
586
588
590
591
593
595
596
598
599
600
601
602
603
606
608
611
620
623
625
629
631
635
638
641
642
643
646
651
654
656
659
660
663
665
673
674
682
683
690
693
695
697
699
701
703
705
707
710
714
719
721
723
724
727
729
730
731
735
741
745
746
747
751
755
761
767
768
769
773
775
784
792
796
797
801
816
821
851
866
867
868
870
879
886
887
888
889
898
904
905
906
907
908
909
910
911
913
914
915
916
919
920
922
923
924
925
932
938
947
957
972
982
985
988
990
999
1007
1008
1009
1017
1020
1027
1029
1038
1039
1040
1042
1053
1064
1077
1079
1113
1121
1138
1139
1146
1168
1172
1179
1180
1185
1211
1215
1233
1240
1261
1262
1265
1266
1287
1295
1303
1305
1318
1328
1336
1344
1354
1394
1404
1411
1414
1421
1464
1465
1475
1477
1479
1481
1482
1503
1509
1514
1519
1533
1534
1538
1539
1567
1568
1595
1606
1610
1637
1641
1655
1656
1657
1672
1675
1683
1688
1697
1718
1720
1737
1746
1750
1751
1764
1784
1791
1792
1806
1835
1836
1845
1851
1860
1866
1875
1880
1884
1886
1888
1911
1916
1925
1931
1937
1939
1941
1947
1957
1966
1967
1974
1981
1984
1988
1989
1991
1998
2005
2006
2008
2009
2013
2018
2022
2024
2036
2045
2048
2058
2059
2068
2100
2116
2132
2147
2152
2165
2166
2168
2169
2170
2171
2172
2181
2197
2198
2206
2226
2236
2237
2250
2251
2252
2258
2259
2260
2261
2269
2270
2271
2277
2280
2296
2297
2301
2313
2322
2323
2324
2338
2391
2399
2400
2401
2410
2422
2430
2437
2438
2441
2442
2451
2453
2462
2466
2467
2481
2482
2491
2507
2510
2511
2517
2518
2523
2526
2535
2540
2546
2547
2555
2570
2571
2573
2580
2581
2582
2602
2613
2625
2626
2634
2635
2642
2661
2664
2665
2667
2669
2673
2675
2681
2682
2683
2690
2695
2699
2705
2707
2708
2712
2713
2718
2731
2732
2742
2744
2748
2750
2754
2755
2761
2762
2763
2768
2770
2772
2775
2776
2777
2782
2786
2788
2802
2803
2805
2808
2812
2816
2818
2822
2824
2833
2844
2848
2853
2854
2855
2856
2859
2861
2863
2867
2873
2875
2876
2877
2887
2888
2890
2892
2901
2902
2904
2905
2906
2907
2910
2912
2913
2921
2925
2929
2930
2933
2940
2945
2946
2947
2950
2951
2954
2961
2962
2975
2985
2988
2992
2994
2999
3000
3006
3019
3021
3022
3023
3025
3029
3031
3032
3035
3037
3040
3048
3051
3052
3053
3054
3056
3057
3058
3062
3064
3066
3067
3068
3076
3078
3080
3093
3100
3103
3106
3107
3108
3110
3114
3120
3125
3132
3138
3139
3140
3142
3151
3155
3160
3162
3163
3164
3165
3166
3168
3169
3170
3172
3175
3176
3177
3182
3183
3184
3185
3191
3192
3193
3194
3195
3196
3203
3204
3206
3208
3210
3212
3216
3220
3223
3224
3225
3226
3227
3231
3233
3236
3237
3239
3240
3241
3242
3243
3248
3249
3254
3255
3256
3257
3258
3259
3260
3261
3262
3264
3268
3271
3273
3274
3278
3280
3282
3285
3287
3290
3291
3292
3303
3304
3305
3306
3340
3354
3366
3367
3372
3373
3374
3375
3377
3379
3380
3381
3382
3383
3385
3386
3387
3388
3390
3392
3393
3394
3395
3396
3397
3398
3405
3406
3407
3408
3409
3424
3425
3428
3430
3439
3440
3441
3443
3444
3447
3448
3450
3451
3452
3457
3458
3459
3460
3461
3474
3475
3476
3477
3478
3479
3481
3490
3496
3505
3507
3509
3516
3519
3520
3524
3528
3531
3533
3534
3535
3539
3546
3547
3548
3549
3559
3566
3570
3578
3594
3602
3606
3617
3624
3640
3642
3644
3646
3653
3660
3664
3680
3681
3687
3688
3704
3714
3715
3718
3720
3730
3734
3735
3736
3743
3744
3746
3756
3759
3760
3764
3765
3772
3791
3799
3800
3819
3828
3835
3841
3846
3852
3858
3869
3886
3889
3924
3926
3929
3934
3939
3940
3941
3942
3945
3946
3947
3964
3967
3968
3974
3976
3977
3989
3993
4013
4017
4019
4021
4027
4032
4042
4043
4044
4071
4074
4075
4076
4077
4081
4082
4083
4085
4091
4095
4096
4104
4116
4122
4123
4125
4126
4135
4140
4141
4142
4168
4169
4170
4176
4177
4178
4183
4185
4190
4191
4192
4197
4198
4200
4205
4220
4223
4225
4226
4228
4229
4230
4231
4232
4233
4234
4235
4236
4237
4238
4239
4240
4241
4242
4244
4245
4247
4248
4249
4251
4252
4253
4254
4255
4256
4257
4258
4259
4260
4261
4262
4263
4266
4267
4268
4269
4270
4271
4272
4273
4274
4275
4276
4277
4278
4280
4281
4282
4283
4286
4287
4288
4289
4290
4292
4293
4294
4295
4296
4297
4298
4300
4302
4303
4304
4306
4307
4308
4309
4310
4311
4312
4313
4314
4315
4316
4318
4319
4320
4321
4322
4323
4324
4325
4326
4330
4334
4338
4339
4349
4356
4366
4378
4387
4388
4389
4390
4393
4394
4414
4420
4423
4424
4425
4428
4429
4430
4433
4434
4438
4440
4447
4449
4450
4451
4452
4453
4456
4460
4463
4464
4465
4466
4502
4514
4521
4527
4544
4558
4559
4576
4580
4587
4594
4595
4599
4603
4604
4612
4618
4623
4625
4635
4638
4642
4647
4650
4663
4665
4666
4668
4680
4682
4693
4696
4701
4752
4756
4757
4758
4760
4764
4765
4766
4770
4772
4773
4774
4775
4776
4777
4778
4781
4783
4785
4787
4789
4795
4796
4797
4800
4801
4802
4803
4804
4805
4806
4807
4808
4809
4810
4811
4812
4813
4814
4815
4817
4818
4819
4821
4822
4824
4825
4835
4842
4843
4844
4846
4853
4857
4868
4869
4912
4915
4916
4919
4920
4931
4936
