4164
426
2543
2235
1091
393
69
2717
1253
1353
402
1243
1313
1406
1442
1072
1106
1685
2364
1030
4859
4848
4652
4574
4897
4837
4878
4864
4474
1378
1488
438
1933
129
207
4458
2562
532
522
3312
1178
1166
1506
1119
4643
2368
4508
2554
2617
2607
2608
2538
2527
2458
1162
4199
726
1244
1419
1371
1170
1140
1158
1416
1365
1334
1116
1361
1360
3769
1131
2605
2593
3329
3352
4485
4876
3781
2434
2612
184
1090
1474
80
395
2282
2414
4660
3331
3337
138
1224
2522
1326
35
2586
2242
2249
4172
4156
2357
386
337
4476
4686
2601
1749
3975
3336
1117
1484
1530
1104
1309
1339
1461
1278
1276
1100
1219
2561
2485
2553
1050
1323
1776
1472
776
4317
4111
3468
3343
3316
3351
2542
2655
2932
1600
1662
1492
3797
4187
4469
4861
1478
1097
2439
157
19
2559
2493
3783
3863
3786
299
3895
1468
298
98
94
41
13
2846
246
3310
252
3918
1069
2163
1257
804
779
4041
831
1098
1333
4885
4867
3411
3319
3838
1005
2145
4491
4659
2382
2223
4029
846
584
681
702
1786
4151
4047
4036
3979
3957
2796
1006
757
1230
780
1460
316
3345
833
123
4138
4522
878
902
895
1026
941
1945
1734
1993
2604
2490
2760
2595
3017
1732
1782
2475
1524
546
2489
2575
490
4473
3355
1275
4648
1512
1348
4162
1653
4513
837
4381
4332
4345
4336
4365
2321
2409
2231
657
284
1930
1102
1235
2670
4893
3904
1148
1195
3802
3722
4446
2551
1747
3675
3545
496
632
653
2502
2484
3307
4627
3785
3486
1010
1052
306
4034
3564
2327
1342
1489
413
2662
4166
777
1760
1446
1447
4728
4739
2880
170
2221
582
3971
3792
3823
2530
1451
4119
153
154
539
4677
2645
1689
4106
4588
1155
362
3308
2883
4090
242
261
854
4651
1953
2781
4392
4367
2918
2596
4608
1757
1439
481
2443
4333
4395
4361
4353
744
1206
2387
4448
3916
187
4570
3347
4520
1063
4751
88
803
3328
1554
1400
9
1308
1283
2936
3762
658
594
504
3925
604
1021
1964
4661
548
1547
3371
852
4836
2814
2793
1622
4676
321
140
4038
4435
1528
198
391
4850
1242
952
353
859
1459
2533
2800
3903
1218
2810
257
3322
3294
405
424
4602
456
940
1985
614
668
2388
3497
3779
76
2545
2629
3431
2851
819
763
950
949
2685
1999
2779
3401
4099
4534
1605
3982
4486
2019
1298
1239
1356
2519
4500
3341
725
2648
4384
4352
3299
2798
3456
3296
1408
2837
4152
2332
3948
3708
2133
2031
2528
2585
1085
4518
1795
1087
1105
1272
2544
1191
1289
4373
239
637
2151
1871
3320
351
1359
3073
3137
4888
1649
4733
4391
2349
883
1296
1589
1687
4402
4562
3511
4727
772
1455
73
430
3985
3467
3156
1071
4221
1425
2671
4033
2577
3358
587
4567
610
2082
2966
1969
4196
885
1306
2032
1081
485
2978
194
4154
992
1034
1609
2087
1095
597
826
1827
2392
2498
1060
2697
2565
4616
4359
4371
811
1435
2459
1838
991
3266
4114
1321
2908
3753
3812
4206
104
3128
4346
2102
2455
313
280
1978
2274
2474
965
4703
137
3766
4000
383
3955
1268
2622
3809
111
340
2534
3410
4899
2447
1467
3576
1470
4357
2096
783
1109
3995
4045
3796
2336
2378
119
274
3609
692
3514
27
108
205
1403
2959
4711
4872
1940
2268
4689
4901
2792
396
451
2787
1286
2363
2647
2724
2878
3737
4121
4590
14
995
2238
2346
2574
2576
545
1703
3330
4509
3831
1741
2227
2548
4442
47
179
431
748
1015
1466
1921
2107
2119
2298
2881
2952
3284
4538
1883
1709
2325
4416
2101
1
655
1319
2740
3186
3959
4934
4060
1165
2606
4181
163
1311
1938
2203
2955
3426
3795
4051
4841
762
143
713
740
939
979
1382
2687
3074
3315
3853
4218
355
536
1066
1082
1177
1299
3541
3771
4640
4754
2643
4279
2397
2813
2939
4098
4654
112
314
330
336
848
2852
3356
2842
335
570
971
997
2990
4128
4589
210
249
561
1807
4092
4157
4342
435
1124
2509
2780
3360
3368
3538
4097
4628
4655
4695
893
493
477
958
1368
1527
1612
1690
1924
1928
2040
2222
3069
3498
3684
4089
4506
4913
1574
221
827
921
928
1337
1415
1430
1499
1816
1897
2657
2674
2838
3005
4118
4224
4439
2563
511
350
520
644
720
3309
3829
4531
416
758
2303
2611
3317
3834
3992
3890
1031
1059
454
849
948
1044
1160
1602
1837
1893
2500
2505
2736
3810
3910
4049
4461
4579
311
4404
58
442
640
662
774
1491
1523
1895
1899
1961
2010
2060
2290
2354
2457
2590
2828
3188
3778
3807
3875
4102
4211
4327
4512
4619
4363
680
771
943
1156
2157
2694
3350
3493
4203
4209
2212
319
420
508
912
1075
1128
1136
1199
1285
1363
1603
1604
1735
1842
1913
2316
2864
3197
3313
3327
3332
3494
3585
3732
3775
3845
3954
3958
4025
4100
4158
4179
4596
4838
174
295
392
478
630
639
736
1147
1164
1205
1754
1755
2084
2162
2285
2371
2463
2497
2896
3101
3102
3321
3462
3572
3651
3761
4009
4674
4708
4767
1584
1951
308
352
449
528
1186
1255
1345
1738
1977
2066
2248
2464
2479
2914
2938
2977
3562
3897
4084
4129
4204
4364
4503
4516
4719
4792
4834
4930
3071
21
103
139
555
835
843
1112
1245
1520
1531
1562
1633
1644
1696
1808
2208
2265
2355
2531
2550
2799
2917
2942
3454
3522
4073
4193
4210
4497
4510
4564
4710
4731
743
48
236
482
550
722
749
793
1055
1210
1251
1252
1284
1422
1516
1623
1702
1793
2038
2106
2159
2192
2267
2405
2444
2692
2711
2825
2893
3009
3129
3189
3302
3353
3378
3605
3709
3719
3752
3763
3793
3859
3962
4182
4264
4331
4374
4415
4462
4539
4553
4866
2819
71
97
109
144
150
178
443
525
808
839
875
944
954
1151
1161
1182
1203
1213
1231
1330
1373
1418
1561
1585
1640
1661
1783
1787
1834
1858
1881
2034
2113
2139
2156
2199
2225
2233
2234
2241
2245
2308
2328
2427
2569
2572
2609
2650
2722
2943
2965
3003
3046
3075
3117
3334
3619
3623
3669
3691
3695
3703
3782
3998
4002
4005
4006
4145
4401
4492
4633
4707
4723
4889
4929
563
759
4105
36
56
68
260
327
342
378
422
501
575
672
987
1444
1541
2262
2450
2495
2515
2549
2656
2693
2715
2728
2815
2884
2944
2976
2979
3122
3174
3342
3344
3445
3480
3495
3656
3679
3706
3798
3815
3827
3888
4030
4078
4143
4155
4175
4195
4284
4291
4299
4700
4726
4755
4820
4880
199
214
226
238
251
254
269
292
302
309
408
411
428
488
538
581
636
645
689
698
706
770
899
934
942
953
993
996
1012
1074
1107
1120
1125
1129
1130
1132
1174
1189
1222
1256
1271
1291
1294
1367
1391
1393
1440
1462
1513
1557
1564
1575
1592
1607
1614
1650
1665
1676
1713
1739
1772
1794
1801
1817
2047
2089
2090
2128
2209
2247
2272
2356
2407
2433
2454
2469
2472
2488
2521
2537
2564
2567
2621
2680
2700
2703
2737
2783
2801
3001
3008
3072
3219
3234
3301
3418
3438
3473
3485
3491
3510
3525
3532
3583
3591
3634
3661
3683
3757
3832
3881
3885
4149
4207
4335
4382
4482
4484
4515
4528
4548
4583
4600
4670
4675
4681
4697
4741
4779
4839
4851
4852
4862
4874
4906
4910
8
26
29
53
61
99
116
120
124
125
136
196
216
218
227
262
300
361
412
421
429
457
463
509
521
535
558
564
565
566
569
589
609
612
624
664
666
764
787
790
814
829
844
845
855
874
882
917
918
926
927
929
933
951
968
974
994
1041
1083
1088
1093
1108
1122
1127
1142
1143
1153
1173
1176
1197
1237
1263
1314
1412
1428
1433
1471
1480
1494
1495
1510
1511
1515
1532
1540
1543
1546
1559
1566
1582
1587
1598
1608
1618
1628
1639
1643
1645
1652
1659
1667
1671
1681
1704
1706
1729
1765
1778
1779
1812
1824
1831
1840
1847
1849
1876
1892
1932
1936
1952
1955
1962
1968
1982
1990
2001
2004
2017
2053
2071
2073
2080
2109
2137
2164
2178
2180
2190
2205
2207
2217
2219
2254
2263
2276
2284
2293
2366
2370
2394
2396
2418
2431
2473
3217
2480
2506
2508
2516
2536
2557
2579
2583
2627
2631
2632
2638
2644
2646
2649
2660
2672
2691
2710
2741
2743
2759
2765
2766
2795
2840
2843
2857
2874
2909
2923
2924
2926
2967
2970
2971
2974
2982
2986
2997
3007
3027
3041
3089
3187
3276
3281
3286
3293
3297
3314
3359
3414
3416
3422
3442
3455
3506
3517
3568
3579
3590
3597
3601
3612
3641
3654
3658
3662
3665
3696
3710
3711
3717
3726
3728
3740
3745
3758
3790
3817
3824
3843
3848
3864
3866
3872
3873
3902
3908
3915
3923
3938
3943
3963
3966
3969
3973
3983
3991
3996
4052
4058
4061
4068
4086
4103
4117
4124
4137
4148
4160
4165
4167
4171
4184
4202
4216
4243
4246
4301
4305
4340
4368
4403
4421
4422
4426
4427
4441
4454
4455
4470
4475
4526
4547
4551
4554
4561
4563
4592
4610
4630
4637
4645
4649
4683
4687
4702
4705
4720
4734
4761
4784
4786
4794
4816
4823
4826
4830
4840
4902
4923
4935
4939
1018
1046
1590
1889
4344
4413
4833
4926
0
2
3
4
5
6
7
10
11
12
15
16
17
18
20
22
23
24
25
28
30
31
32
33
34
37
38
39
40
42
43
44
45
46
49
50
51
52
54
55
57
59
60
62
63
64
65
66
67
70
72
74
75
77
78
79
81
82
83
84
85
86
87
89
90
91
92
93
95
96
100
101
102
105
106
107
110
113
114
115
117
118
121
122
126
127
128
130
131
132
133
134
135
141
142
145
146
147
148
149
151
152
155
156
158
159
160
161
162
164
165
166
167
168
169
171
172
173
175
176
177
180
181
182
183
185
186
188
189
190
191
192
193
195
197
200
201
202
203
204
206
208
209
211
212
213
215
217
219
220
222
223
224
225
228
229
230
231
232
233
234
235
237
240
241
243
244
245
247
248
250
253
255
256
258
259
263
264
265
266
267
268
270
271
272
273
275
276
277
278
279
281
282
283
285
286
287
288
289
290
291
293
294
296
297
301
303
304
305
307
310
312
315
317
318
320
322
323
324
325
326
328
329
331
332
333
334
338
339
341
343
344
345
346
347
348
349
354
356
357
358
359
360
363
364
365
366
367
368
369
370
371
372
373
374
375
376
377
379
380
381
382
384
385
387
388
389
390
394
397
398
399
400
401
403
404
406
407
409
410
414
415
417
418
419
423
425
427
432
433
434
436
437
439
440
441
444
445
446
447
448
450
452
453
455
458
459
460
461
462
464
465
466
467
468
469
470
471
472
473
474
475
476
479
480
483
484
486
487
489
491
492
494
495
497
498
499
500
502
503
505
506
507
510
512
513
514
515
516
517
518
519
523
524
526
527
529
530
531
533
534
537
540
541
542
543
544
547
549
551
552
553
554
556
557
559
560
562
567
568
571
572
573
574
576
577
578
579
580
583
585
586
588
590
591
592
593
595
596
598
599
600
601
602
603
605
606
607
608
611
613
615
616
617
618
619
620
621
622
623
625
626
627
628
629
631
633
634
635
638
641
642
643
646
647
648
649
650
651
652
654
656
659
660
661
663
665
667
669
670
671
673
674
675
676
677
678
679
682
683
684
685
686
687
688
690
691
693
694
695
696
697
699
700
701
703
704
705
707
708
709
710
711
712
714
715
716
717
718
719
721
723
724
727
728
729
730
731
732
733
734
735
737
738
739
741
742
745
746
747
750
751
752
753
754
755
756
760
761
765
766
767
768
769
773
775
778
781
782
784
785
786
788
789
791
792
794
795
796
797
798
799
800
801
802
805
806
807
809
810
812
813
815
816
817
818
820
821
822
823
824
825
828
830
832
834
836
838
840
841
842
847
850
851
853
856
857
858
860
861
862
863
864
865
866
867
868
869
870
871
872
873
876
877
879
880
881
884
886
887
888
889
890
891
892
894
896
897
898
900
901
903
904
905
906
907
908
909
910
911
913
914
915
916
919
920
922
923
924
925
930
931
932
935
936
937
938
945
946
947
955
956
957
959
960
961
962
963
964
966
967
969
970
972
973
975
976
977
978
980
981
982
983
984
985
986
988
989
990
998
999
1000
1001
1002
1003
1004
1007
1008
1009
1011
1013
1014
1016
1017
1019
1020
1022
1023
1024
1025
1027
1028
1029
1032
1033
1035
1036
1037
1038
1039
1040
1042
1043
1045
1047
1048
1049
1051
1053
1054
1056
1057
1058
1061
1062
1064
1065
1067
1068
1070
1073
1076
1077
1078
1079
1080
1084
1086
1089
1092
1094
1096
1099
1101
1103
1110
1111
1113
1114
1115
1118
1121
1123
1126
1133
1134
1135
1137
1138
1139
1141
1144
1145
1146
1149
1150
1152
1154
1157
1159
1163
1167
1168
1169
1171
1172
1175
1179
1180
1181
1183
1184
1185
1187
1188
1190
1192
1193
1194
1196
1198
1200
1201
1202
1204
1207
1208
1209
1211
1212
1214
1215
1216
1217
1220
1221
1223
1225
1226
1227
1228
1229
1232
1233
1234
1236
1238
1240
1241
1246
1247
1248
1249
1250
1254
1258
1259
1260
1261
1262
1264
1265
1266
1267
1269
1270
1273
1274
1277
1279
1280
1281
1282
1287
1288
1290
1292
1293
1295
1297
1300
1301
1302
1303
1304
1305
1307
1310
1312
1315
1316
1317
1318
1320
1322
1324
1325
1327
1328
1329
1331
1332
1335
1336
1338
1340
1341
1343
1344
1346
1347
1349
1350
1351
1352
1354
1355
1357
1358
1362
1364
1366
1369
1370
1372
1374
1375
1376
1377
1379
1380
1381
1383
1384
1385
1386
1387
1388
1389
1390
1392
1394
1395
1396
1397
1398
1399
1401
1402
1404
1405
1407
1409
1410
1411
1413
1414
1417
1420
1421
1423
1424
1426
1427
1429
1431
1432
1434
1436
1437
1438
1441
1443
1445
1448
1449
1450
1452
1453
1454
1456
1457
1458
1463
1464
1465
1469
1473
1475
1476
1477
1479
1481
1482
1483
1485
1486
1487
1490
1493
1496
1497
1498
1500
1501
1502
1503
1504
1505
1507
1508
1509
1514
1517
1518
1519
1521
1522
1525
1526
1529
1533
1534
1535
1536
1537
1538
1539
1542
1544
1545
1548
1549
1550
1551
1552
1553
1555
1556
1558
1560
1563
1565
1567
1568
1569
1570
1571
1572
1573
1576
1577
1578
1579
1580
1581
1583
1586
1588
1591
1593
1594
1595
1596
1597
1599
1601
1606
1610
1611
1613
1615
1616
1617
1619
1620
1621
1624
1625
1626
1627
1629
1630
1631
1632
1634
1635
1636
1637
1638
1641
1642
1646
1647
1648
1651
1654
1655
1656
1657
1658
1660
1663
1664
1666
1668
1669
1670
1672
1673
1674
1675
1677
1678
1679
1680
1682
1683
1684
1686
1688
1691
1692
1693
1694
1695
1697
1698
1699
1700
1701
1705
1707
1708
1710
1711
1712
1714
1715
1716
1717
1718
1719
1720
1721
1722
1723
1724
1725
1726
1727
1728
1730
1731
1733
1736
1737
1740
1742
1743
1744
1745
1746
1748
1750
1751
1752
1753
1756
1758
1759
1761
1762
1763
1764
1766
1767
1768
1769
1770
1771
1773
1774
1775
1777
1780
1781
1784
1785
1788
1789
1790
1791
1792
1796
1797
1798
1799
1800
1802
1803
1804
1805
1806
1809
1810
1811
1813
1814
1815
1818
1819
1820
1821
1822
1823
1825
1826
1828
1829
1830
1832
1833
1835
1836
1839
1841
1843
1844
1845
1846
1848
1850
1851
1852
1853
1854
1855
1856
1857
1859
1860
1861
1862
1863
1864
1865
1866
1867
1868
1869
1870
1872
1873
1874
1875
1877
1878
1879
1880
1882
1884
1885
1886
1887
1888
1890
1891
1894
1896
1898
1900
1901
1902
1903
1904
1905
1906
1907
1908
1909
1910
1911
1912
1914
1915
1916
1917
1918
1919
1920
1922
1923
1925
1926
1927
1929
1931
1934
1935
1937
1939
1941
1942
1943
1944
1946
1947
1948
1949
1950
1954
1956
1957
1958
1959
1960
1963
1965
1966
1967
1970
1971
1972
1973
1974
1975
1976
1979
1980
1981
1983
1984
1986
1987
1988
1989
1991
1992
1994
1995
1996
1997
1998
2000
2002
2003
2005
2006
2007
2008
2009
2011
2012
2013
2014
2015
2016
2018
2020
2021
2022
2023
2024
2025
2026
2027
2028
2029
2030
2033
2035
2036
2037
2039
2041
2042
2043
2044
2045
2046
2048
2049
2050
2051
2052
2054
2055
2056
2057
2058
2059
2061
2062
2063
2064
2065
2067
2068
2069
2070
2072
2074
2075
2076
2077
2078
2079
2081
2083
2085
2086
2088
2091
2092
2093
2094
2095
2097
2098
2099
2100
2103
2104
2105
2108
2110
2111
2112
2114
2115
2116
2117
2118
2120
2121
2122
2123
2124
2125
2126
2127
2129
2130
2131
2132
2134
2135
2136
2138
2140
2141
2142
2143
2144
2146
2147
2148
2149
2150
2152
2153
2154
2155
2158
2160
2161
2165
2166
2167
2168
2169
2170
2171
2172
2173
2174
2175
2176
2177
2179
2181
2182
2183
2184
2185
2186
2187
2188
2189
2191
2193
2194
2195
2196
2197
2198
2200
2201
2202
2204
2206
2210
2211
2213
2214
2215
2216
2218
2220
2224
2226
2228
2229
2230
2232
2236
2237
2239
2240
2243
2244
2246
2250
2251
2252
2253
2255
2256
2257
2258
2259
2260
2261
2264
2266
2269
2270
2271
2273
2275
2277
2278
2279
2280
2281
2283
2286
2287
2288
2289
2291
2292
2294
2295
2296
2297
2299
2300
2301
2302
2304
2305
2306
2307
2309
2310
2311
2312
2313
2314
2315
2317
2318
2319
2320
2322
2323
2324
2326
2329
2330
2331
2333
2334
2335
2337
2338
2339
2340
2341
2342
2343
2344
2345
2347
2348
2350
2351
2352
2353
2358
2359
2360
2361
2362
2365
2367
2369
2372
2373
2374
2375
2376
2377
2379
2380
2381
2383
2384
2385
2386
2389
2390
2391
2393
2395
2398
2399
2400
2401
2402
2403
2404
2406
2408
2410
2411
2412
2413
2415
2416
2417
2419
2420
2421
2422
2423
2424
2425
2426
2428
2429
2430
2432
2435
2436
2437
2438
2440
2441
2442
2445
2446
2448
2449
2451
2452
2453
2456
2460
2461
2462
2465
2466
2467
2468
2470
2471
2476
2477
2478
2481
2482
2483
2486
2487
2491
2492
2494
2496
2499
2501
2503
2504
2507
2510
2511
2512
2513
2514
2517
2518
2520
2523
2524
2525
2526
2529
2532
2535
2539
2540
2541
2546
2547
2552
2555
2556
2558
2560
2566
2568
2570
2571
2573
2578
2580
2581
2582
2584
2587
2588
2589
2591
2592
2594
2597
2598
2599
2600
2602
2603
2610
2613
2614
2615
2616
2618
2619
2620
2623
2624
2625
2626
2628
2630
2633
2634
2635
2636
2637
2639
2640
2641
2642
2651
2652
2653
2654
2658
2659
2661
2663
2664
2665
2666
2667
2668
2669
2673
2675
2676
2677
2678
2679
2681
2682
2683
2684
2686
2688
2689
2690
2695
2696
2698
2699
2701
2702
2704
2705
2706
2707
2708
2709
2712
2713
2714
2716
2718
2719
2720
2721
2723
2725
2726
2727
2729
2730
2731
2732
2733
2734
2735
2738
2739
2742
2744
2745
2746
2747
2748
2749
2750
2751
2752
2753
2754
2755
2756
2757
2758
2761
2762
2763
2764
2767
2768
2769
2770
2771
2772
2773
2774
2775
2776
2777
2778
2782
2784
2785
2786
2788
2789
2790
2791
2794
2797
2802
2803
2804
2805
2806
2807
2808
2809
2811
2812
2816
2817
2818
2820
2821
2822
2823
2824
2826
2827
2829
2830
2831
2832
2833
2834
2835
2836
2839
2841
2844
2845
2847
2848
2849
2850
2853
2854
2855
2856
2858
2859
2860
2861
2862
2863
2865
2866
2867
2868
2869
2870
2871
2872
2873
2875
2876
2877
2879
2882
2885
2886
2887
2888
2889
2890
2891
2892
2894
2895
2897
2898
2899
2900
2901
2902
2903
2904
2905
2906
2907
2910
2911
2912
2913
2915
2916
2919
2920
2921
2922
2925
2927
2928
2929
2930
2931
2933
2934
2935
2937
2940
2941
2945
2946
2947
2948
2949
2950
2951
2953
2954
2956
2957
2958
2960
2961
2962
2963
2964
2968
2969
2972
2973
2975
2980
2981
2983
2984
2985
2987
2988
2989
2991
2992
2993
2994
2995
2996
2998
2999
3000
3002
3004
3006
3010
3011
3012
3013
3014
3015
3016
3018
3019
3020
3021
3022
3023
3024
3025
3026
3028
3029
3030
3031
3032
3033
3034
3035
3036
3037
3038
3039
3040
3042
3043
3044
3045
3047
3048
3049
3050
3051
3052
3053
3054
3055
3056
3057
3058
3059
3060
3061
3062
3063
3064
3065
3066
3067
3068
3070
3076
3077
3078
3079
3080
3081
3082
3083
3084
3085
3086
3087
3088
3090
3091
3092
3093
3094
3095
3096
3097
3098
3099
3100
3103
3104
3105
3106
3107
3108
3109
3110
3111
3112
3113
3114
3115
3116
3118
3119
3120
3121
3123
3124
3125
3126
3127
3130
3131
3132
3133
3134
3135
3136
3138
3139
3140
3141
3142
3143
3144
3145
3146
3147
3148
3149
3150
3151
3152
3153
3154
3155
3157
3158
3159
3160
3161
3162
3163
3164
3165
3166
3167
3168
3169
3170
3171
3172
3173
3175
3176
3177
3178
3179
3180
3181
3182
3183
3184
3185
3190
3191
3192
3193
3194
3195
3196
3198
3199
3200
3201
3202
3203
3204
3205
3206
3207
3208
3209
3210
3211
3212
3213
3214
3215
3216
3218
3220
3221
3222
3223
3224
3225
3226
3227
3228
3229
3230
3231
3232
3233
3235
3236
3237
3238
3239
3240
3241
3242
3243
3244
3245
3246
3247
3248
3249
3250
3251
3252
3253
3254
3255
3256
3257
3258
3259
3260
3261
3262
3263
3264
3265
3267
3268
3269
3270
3271
3272
3273
3274
3275
3277
3278
3279
3280
3282
3283
3285
3287
3288
3289
3290
3291
3292
3295
3298
3300
3303
3304
3305
3306
3311
3318
3323
3324
3325
3326
3333
3335
3338
3339
3340
3346
3348
3349
3354
3357
3361
3362
3363
3364
3365
3366
3367
3369
3370
3372
3373
3374
3375
3376
3377
3379
3380
3381
3382
3383
3384
3385
3386
3387
3388
3389
3390
3391
3392
3393
3394
3395
3396
3397
3398
3399
3400
3402
3403
3404
3405
3406
3407
3408
3409
3412
3413
3415
3417
3419
3420
3421
3423
3424
3425
3427
3428
3429
3430
3432
3433
3434
3435
3436
3437
3439
3440
3441
3443
3444
3446
3447
3448
3449
3450
3451
3452
3453
3457
3458
3459
3460
3461
3463
3464
3465
3466
3469
3470
3471
3472
3474
3475
3476
3477
3478
3479
3481
3482
3483
3484
3487
3488
3489
3490
3492
3496
3499
3500
3501
3502
3503
3504
3505
3507
3508
3509
3512
3513
3515
3516
3518
3519
3520
3521
3523
3524
3526
3527
3528
3529
3530
3531
3533
3534
3535
3536
3537
3539
3540
3542
3543
3544
3546
3547
3548
3549
3550
3551
3552
3553
3554
3555
3556
3557
3558
3559
3560
3561
3563
3565
3566
3567
3569
3570
3571
3573
3574
3575
3577
3578
3580
3581
3582
3584
3586
3587
3588
3589
3592
3593
3594
3595
3596
3598
3599
3600
3602
3603
3604
3606
3607
3608
3610
3611
3613
3614
3615
3616
3617
3618
3620
3621
3622
3624
3625
3626
3627
3628
3629
3630
3631
3632
3633
3635
3636
3637
3638
3639
3640
3642
3643
3644
3645
3646
3647
3648
3649
3650
3652
3653
3655
3657
3659
3660
3663
3664
3666
3667
3668
3670
3671
3672
3673
3674
3676
3677
3678
3680
3681
3682
3685
3686
3687
3688
3689
3690
3692
3693
3694
3697
3698
3699
3700
3701
3702
3704
3705
3707
3712
3713
3714
3715
3716
3718
3720
3721
3723
3724
3725
3727
3729
3730
3731
3733
3734
3735
3736
3738
3739
3741
3742
3743
3744
3746
3747
3748
3749
3750
3751
3754
3755
3756
3759
3760
3764
3765
3767
3768
3770
3772
3773
3774
3776
3777
3780
3784
3787
3788
3789
3791
3794
3799
3800
3801
3803
3804
3805
3806
3808
3811
3813
3814
3816
3818
3819
3820
3821
3822
3825
3826
3828
3830
3833
3835
3836
3837
3839
3840
3841
3842
3844
3846
3847
3849
3850
3851
3852
3854
3855
3856
3857
3858
3860
3861
3862
3865
3867
3868
3869
3870
3871
3874
3876
3877
3878
3879
3880
3882
3883
3884
3886
3887
3889
3891
3892
3893
3894
3896
3898
3899
3900
3901
3905
3906
3907
3909
3911
3912
3913
3914
3917
3919
3920
3921
3922
3924
3926
3927
3928
3929
3930
3931
3932
3933
3934
3935
3936
3937
3939
3940
3941
3942
3944
3945
3946
3947
3949
3950
3951
3952
3953
3956
3960
3961
3964
3965
3967
3968
3970
3972
3974
3976
3977
3978
3980
3981
3984
3986
3987
3988
3989
3990
3993
3994
3997
3999
4001
4003
4004
4007
4008
4010
4011
4012
4013
4014
4015
4016
4017
4018
4019
4020
4021
4022
4023
4024
4026
4027
4028
4031
4032
4035
4037
4039
4040
4042
4043
4044
4046
4048
4050
4053
4054
4055
4056
4057
4059
4062
4063
4064
4065
4066
4067
4069
4070
4071
4072
4074
4075
4076
4077
4079
4080
4081
4082
4083
4085
4087
4088
4091
4093
4094
4095
4096
4101
4104
4107
4108
4109
4110
4112
4113
4115
4116
4120
4122
4123
4125
4126
4127
4130
4131
4132
4133
4134
4135
4136
4139
4140
4141
4142
4144
4146
4147
4150
4153
4159
4161
4163
4168
4169
4170
4173
4174
4176
4177
4178
4180
4183
4185
4186
4188
4189
4190
4191
4192
4194
4197
4198
4200
4201
4205
4208
4212
4213
4214
4215
4217
4219
4220
4222
4223
4225
4226
4227
4228
4229
4230
4231
4232
4233
4234
4235
4236
4237
4238
4239
4240
4241
4242
4244
4245
4247
4248
4249
4250
4251
4252
4253
4254
4255
4256
4257
4258
4259
4260
4261
4262
4263
4265
4266
4267
4268
4269
4270
4271
4272
4273
4274
4275
4276
4277
4278
4280
4281
4282
4283
4285
4286
4287
4288
4289
4290
4292
4293
4294
4295
4296
4297
4298
4300
4302
4303
4304
4306
4307
4308
4309
4310
4311
4312
4313
4314
4315
4316
4318
4319
4320
4321
4322
4323
4324
4325
4326
4328
4329
4330
4334
4337
4338
4339
4341
4343
4347
4348
4349
4350
4351
4354
4355
4356
4358
4360
4362
4366
4369
4370
4372
4375
4376
4377
4378
4379
4380
4383
4385
4386
4387
4388
4389
4390
4393
4394
4396
4397
4398
4399
4400
4405
4406
4407
4408
4409
4410
4411
4412
4414
4417
4418
4419
4420
4423
4424
4425
4428
4429
4430
4431
4432
4433
4434
4436
4437
4438
4440
4443
4444
4445
4447
4449
4450
4451
4452
4453
4456
4457
4459
4460
4463
4464
4465
4466
4467
4468
4471
4472
4477
4478
4479
4480
4481
4483
4487
4488
4489
4490
4493
4494
4495
4496
4498
4499
4501
4502
4504
4505
4507
4511
4514
4517
4519
4521
4523
4524
4525
4527
4529
4530
4532
4533
4535
4536
4537
4540
4541
4542
4543
4544
4545
4546
4549
4550
4552
4555
4556
4557
4558
4559
4560
4565
4566
4568
4569
4571
4572
4573
4575
4576
4577
4578
4580
4581
4582
4584
4585
4586
4587
4591
4593
4594
4595
4597
4598
4599
4601
4603
4604
4605
4606
4607
4609
4611
4612
4613
4614
4615
4617
4618
4620
4621
4622
4623
4624
4625
4626
4629
4631
4632
4634
4635
4636
4638
4639
4641
4642
4644
4646
4647
4650
4653
4656
4657
4658
4662
4663
4664
4665
4666
4667
4668
4669
4671
4672
4673
4678
4679
4680
4682
4684
4685
4688
4690
4691
4692
4693
4694
4696
4698
4699
4701
4704
4706
4709
4712
4713
4714
4715
4716
4717
4718
4721
4722
4724
4725
4729
4730
4732
4735
4736
4737
4738
4740
4742
4743
4744
4745
4746
4747
4748
4749
4750
4752
4753
4756
4757
4758
4759
4760
4762
4763
4764
4765
4766
4768
4769
4770
4771
4772
4773
4774
4775
4776
4777
4778
4780
4781
4782
4783
4785
4787
4788
4789
4790
4791
4793
4795
4796
4797
4798
4799
4800
4801
4802
4803
4804
4805
4806
4807
4808
4809
4810
4811
4812
4813
4814
4815
4817
4818
4819
4821
4822
4824
4825
4827
4828
4829
4831
4832
4835
4842
4843
4844
4845
4846
4847
4849
4853
4854
4855
4856
4857
4858
4860
4863
4865
4868
4869
4870
4871
4873
4875
4877
4879
4881
4882
4883
4884
4886
4887
4890
4891
4892
4894
4895
4896
4898
4900
4903
4904
4905
4907
4908
4909
4911
4912
4914
4915
4916
4917
4918
4919
4920
4921
4922
4924
4925
4927
4928
4931
4932
4933
4936
4938
4940
4937
