2004
1530
768
433
428
170
668
57
3264
1729
2233
1080
766
2599
735
2447
2022
3257
92
1945
3468
3762
4475
1360
3352
4651
549
4029
3928
4334
716
209
1114
858
2577
4658
1951
3003
4463
314
2099
3868
3506
292
1923
3190
2717
272
4579
4264
4061
4068
2553
2110
1010
2045
3624
4620
2676
2319
3216
1872
1064
2596
4803
4069
2959
1054
468
3826
2116
4152
4234
1175
4744
3705
426
2918
1116
1389
315
3665
629
924
1851
1109
1793
4552
3609
1933
2368
4421
348
356
4619
2906
3668
4262
1639
2868
1449
1942
1706
4553
246
1777
212
1635
1013
1369
4096
3647
4268
810
3095
4591
3281
1016
2376
2841
3961
772
2454
847
2175
4080
1172
2731
408
2545
1731
509
1020
1399
3306
875
2466
4001
2035
701
4112
1924
3957
1782
3877
4074
3637
511
4519
3759
2779
693
1298
3695
1192
669
3913
1822
835
1191
177
2359
4437
1454
3702
3224
3950
347
1202
996
19
2506
301
1311
3383
394
1929
2425
4871
4602
2291
3333
2530
1628
3591
4193
3878
2546
4098
4626
101
2036
901
1609
1529
2267
2143
2645
690
1801
381
765
4161
1769
4349
3377
3047
4598
649
3329
2999
3945
2400
2568
3519
4865
4776
2365
3446
788
1318
4315
3747
4765
2729
223
4745
505
4848
3403
4151
1850
2507
4850
1996
3956
2370
2162
2080
2619
667
228
3538
3041
255
4420
1483
4031
4590
3889
4019
4448
1166
1944
3039
2940
1164
99
1208
1033
3598
4629
1277
4294
3963
4066
4372
2482
857
400
820
197
4524
687
60
4090
2782
909
4348
4768
2377
1926
4469
3511
4940
3593
4447
1645
4689
1615
643
1156
351
271
1723
3304
1493
4176
2965
4724
1132
1266
1611
776
3537
3638
1986
1785
4362
673
2957
4005
1506
2925
4194
4645
4187
2487
4654
1843
2201
2871
1571
3183
332
548
1946
1474
322
1361
3108
2762
1927
3776
1882
720
2190
1881
848
3483
4700
1915
658
4911
4839
1753
2366
4042
2369
1815
2681
286
2405
547
3710
4681
3244
4095
3583
587
353
1041
3528
1620
863
1831
2581
3330
892
4538
2056
3127
619
1596
1914
655
2642
123
1496
3482
1113
2799
11
4933
3648
1206
2654
1816
3240
3210
1333
1595
3368
119
1186
2815
1812
231
1739
653
757
2196
674
2423
335
4086
1150
1473
2824
4322
2898
3514
3620
896
128
2453
2340
652
61
2938
1561
539
2076
1254
1005
4210
1210
3574
4124
405
404
3062
3294
2214
856
1312
2620
4789
4546
383
317
2126
699
194
4774
3915
2934
4458
1484
2418
4683
1510
3656
3067
565
328
1833
4686
1425
1692
2949
4758
4510
2554
1398
2156
4584
1678
1076
916
650
807
4502
977
3981
907
2367
3694
1503
791
2504
4051
4351
798
3040
1732
4099
4412
829
1030
2074
948
1174
2753
4650
1791
2113
1665
2713
1636
202
1686
4145
2998
4236
3341
3662
363
89
2488
3841
4381
3177
1835
3316
2892
2522
1193
4393
3247
1697
4673
4860
2283
2604
1337
4831
3699
4529
3008
540
1602
290
1637
1364
2525
376
1242
4143
2515
2705
3206
3496
3308
1644
3110
1712
3689
3875
1616
3116
953
4159
4819
670
1638
3667
3220
4481
1972
3657
4358
506
726
4674
2854
1674
2786
3233
4785
2318
4622
4432
4652
2855
760
2371
365
4014
4618
3120
4836
242
784
3112
2105
679
3103
2115
1300
3817
3790
4465
968
2055
4105
455
3500
2114
3587
318
3384
4750
1006
805
110
4666
4880
3594
1341
774
3520
1377
1519
3261
555
2102
1220
3765
2429
4245
3038
3271
929
2734
877
3658
1956
577
1462
2993
3780
1211
3807
4599
1525
1357
3719
3405
4569
4374
876
4741
310
1781
3861
64
2723
919
3892
289
4853
1549
624
1954
3058
2282
3374
2560
4930
3566
1579
1263
4779
2084
3938
3612
4777
1614
4207
2003
825
3779
879
235
139
1453
377
2328
3248
4016
1365
927
4889
2712
2134
3194
1432
2771
1839
4415
1756
4345
256
2315
3740
485
1184
1338
54
712
3480
1214
4570
3389
3700
3057
2741
4698
4496
3017
1488
4914
3471
2236
3601
4035
1829
4913
132
1099
1557
527
2414
2338
4810
77
535
3453
2752
3477
908
2261
1747
321
4509
1176
3052
2672
1395
48
3621
718
2167
2435
2674
1272
4087
12
644
3757
4427
1128
4574
935
288
2066
1891
2951
3170
2007
2019
2590
570
731
2199
550
4904
543
4868
2961
4013
1077
4869
397
894
3420
3380
4135
131
2025
4055
52
1233
1157
1101
2843
1903
1738
497
780
4326
3888
3252
2442
1470
2320
1200
4593
201
1505
3978
3902
2790
4446
1746
2954
2801
4589
2130
3418
3475
4721
4313
688
1231
4715
536
2310
339
431
3529
3979
70
816
3474
393
2541
519
795
3397
4761
1273
3414
2621
651
1288
1910
469
4787
4150
1065
970
2387
1131
3029
2374
1001
1260
2858
4701
1434
1283
3258
4936
4639
3232
98
4220
2700
1586
569
2410
1545
3484
1429
3074
1794
2101
2335
1408
4661
814
4289
2098
1138
1965
4748
4503
1714
3218
1280
386
1222
598
155
3639
4522
586
3809
902
2846
1104
2812
3122
4780
4321
3893
3680
3363
2240
2311
203
2975
1704
1141
3436
2510
4297
3265
1555
2188
4525
1648
366
1297
3934
1265
884
1244
4927
2064
2106
1710
943
1308
2502
3081
4223
2844
503
1435
2016
3289
1941
4153
4451
4543
4857
4682
1071
2008
3927
4156
276
635
3726
3630
2537
3954
2131
4408
270
1239
2774
3064
3317
3394
2334
3090
1137
1247
1159
196
23
2836
2657
3890
6
2163
4226
4033
3670
2559
4081
3739
2955
2842
2660
2988
922
2565
274
1535
1287
2141
4902
2903
3885
581
1531
3427
3451
2037
4259
2686
2808
1349
204
1810
622
4571
3373
3004
997
4453
4542
2720
2848
800
309
2337
148
2677
4473
224
4136
36
4008
2276
4560
3002
3390
3955
4343
4024
4082
3816
2831
4006
3723
1683
1446
3339
3153
1219
508
3046
1443
4078
4270
762
1331
2587
3291
1326
434
1126
872
1000
3180
1482
4751
3731
73
2336
4641
207
4830
4229
3785
1970
2987
4037
217
2179
2136
2325
1094
100
4937
385
984
4307
1887
1487
1952
1102
2333
463
2905
3479
459
3083
90
3215
1980
1659
2385
2832
4675
4534
58
357
4053
611
354
697
1695
4784
2528
1633
1112
41
3023
702
2185
4130
1241
4276
2349
1444
3825
2910
4934
1009
507
2210
4718
2650
1170
2343
38
173
3077
3708
1275
1992
3730
2796
4636
930
3118
3551
4027
2051
672
1819
449
741
2138
1
931
4845
3398
4792
3141
3324
546
4901
771
22
2079
2082
32
557
247
2778
1688
2534
3756
3623
1343
2441
2054
2542
3664
2169
1074
3874
4609
2730
4667
2091
2415
1708
682
727
3895
4212
4504
971
941
359
4440
3048
3242
2693
2736
87
1949
677
3243
1661
1861
4786
4333
266
1995
2245
2211
1691
4269
2389
724
4472
1823
2237
1368
3169
3176
4243
2714
10
481
3249
3707
4642
1715
572
1323
2742
2161
1920
3935
1085
1536
743
307
4107
3887
573
3806
3031
1604
2287
4254
4855
4707
4643
1752
299
1106
467
843
1215
2971
1433
1733
1492
2221
1243
2298
976
1402
2486
895
3886
1883
4319
2664
2172
4457
4250
523
3725
3610
4017
3729
779
2567
3751
4028
1179
2394
1163
785
3584
4483
4907
3560
3985
4460
263
3501
2966
607
2797
3552
2241
1324
63
3025
311
69
4624
273
2413
3
3442
46
125
4200
2572
1420
2173
4647
3241
3208
2252
3151
1023
4405
4749
2152
1149
4461
3951
585
1959
4169
1330
801
3254
4214
355
621
2469
2226
3005
2593
2449
4838
903
2329
3613
2302
3561
4795
3126
4235
1899
3015
1978
2821
3227
2793
3972
2538
4640
4318
4293
618
4186
1565
852
4241
4490
3454
1500
982
2529
1325
3054
1617
3801
4102
1893
4474
640
4875
1567
4009
2941
2251
4903
4088
3021
827
1748
3505
2974
4856
1601
556
2986
2907
4692
2629
3164
3171
416
2802
3884
4824
532
1842
723
4717
4387
4428
1789
2591
959
28
2750
3276
325
1864
4041
448
2144
3901
2278
1216
4539
3088
3188
2490
3260
293
2198
603
1212
1817
4592
435
4771
1647
811
4430
4527
3226
1836
2893
2063
517
4131
477
4000
3167
4535
3749
1909
4625
2633
4498
1834
2472
1438
1770
1014
3559
4308
1205
4935
3767
534
2884
4594
2798
82
2765
2215
4918
4219
897
2120
1985
2513
4154
4452
2436
960
2097
4516
615
4897
4782
4832
464
2874
2722
1405
4505
3487
545
1725
2053
1363
442
1575
3013
2532
2184
4646
3494
1111
4337
4885
2235
4196
2406
4874
2220
1286
580
3109
1774
4371
2820
3401
4026
4091
4260
3851
4162
361
295
451
446
150
4173
681
3251
3563
2805
4368
3754
294
1702
3522
3918
713
1463
187
2352
3750
4177
628
2246
4198
4411
3803
2181
3032
2980
62
3355
2900
323
4719
1930
372
1908
739
161
3634
1820
3608
4237
4057
2614
3568
3238
3898
656
1344
3387
2514
821
614
429
4138
4312
4339
2883
4877
2643
1634
1991
2219
1460
4327
2304
502
4557
180
4587
1772
1204
2916
1183
3432
2437
27
1968
239
661
3042
567
3056
2803
4736
1489
620
343
1720
1513
4773
2930
3641
3808
3425
4257
2133
2397
2038
2322
685
983
1047
2309
474
3354
2574
1165
613
1684
105
4732
2825
3455
1386
2775
3778
3302
79
1375
638
4739
3235
261
2616
4459
2182
4170
608
1050
2255
3325
3066
868
1069
1248
3078
4757
2140
4588
2665
886
4781
3912
2013
1654
3228
138
1224
3820
4359
3262
2440
2409
2575
2014
1190
1787
3065
3114
2866
2042
2462
1258
478
2878
954
992
2446
3854
4286
2174
3328
4456
2087
1410
2438
928
2695
1976
4537
4190
3146
4714
4688
3533
634
3334
1848
1040
4672
3209
1119
2698
4400
1993
1052
1468
1938
3415
4573
925
2708
1188
973
4752
3129
3939
4655
1441
438
751
2089
182
1490
2754
2887
529
3203
1007
2408
4879
3356
2594
778
3353
1518
1372
1679
1548
4890
1051
3449
2288
1086
2994
4309
432
2277
424
3540
2390
1890
1989
3509
574
1082
65
3921
1652
2517
3619
3865
3836
3196
2206
1228
2060
2225
3381
2671
2773
2673
981
2682
2171
240
4310
738
4660
923
4094
626
1922
4338
4197
4607
3655
1315
2566
2978
606
1087
4425
698
1786
3270
911
2758
1808
1745
3035
2811
4189
3075
4690
91
1063
1187
893
4564
1981
3187
3371
1452
452
3327
792
3605
1546
1257
4521
4492
3051
799
4039
2096
2962
3766
2699
1863
4508
3721
2205
869
3178
2430
2584
2687
4206
1755
2023
1467
3518
2583
1437
2985
3014
1871
3219
71
4577
3379
1259
222
2095
2483
583
1235
1340
1355
4255
141
1570
4392
152
700
4563
4247
1084
3392
2067
2031
1663
3322
68
4167
1416
4346
3512
1274
513
3055
2386
3361
2509
3053
4547
3470
1524
1121
4330
1560
3814
2332
990
4079
1912
1680
599
1093
725
782
4730
4840
1189
3406
3541
4772
2495
514
102
1558
808
1800
1362
3350
1008
3033
441
2837
1003
2263
2137
1171
3231
2634
220
597
1061
1068
4710
3192
3827
758
4813
2475
4397
958
8
4032
3006
3797
2489
2434
3727
4851
609
4807
3513
2212
3873
3091
636
4382
384
3019
3460
3788
1809
4788
1268
2300
1627
1971
1028
4586
719
3137
4844
882
4056
3007
3315
631
2284
2100
2592
2544
1097
1901
2956
2404
1181
4638
4113
3606
787
4450
4837
2107
227
3714
4887
3833
510
2476
654
3745
880
1552
3049
3335
1936
671
915
3669
137
4278
783
4829
3331
2412
1790
4290
4324
794
3672
2227
2618
3044
16
3441
238
1227
1750
3908
3562
2759
3516
2159
4708
4597
4225
889
1562
1700
2840
4391
498
4862
4379
39
2149
1566
952
4160
946
705
4923
3237
97
4712
2791
2382
2690
4142
488
4513
3282
3960
3092
3628
642
662
2501
4762
1900
2059
2521
4528
471
4117
340
617
2839
44
2556
3517
4215
1905
3084
3321
1960
3933
659
218
3811
1849
3493
1921
3181
4799
3872
4108
4470
1751
4517
486
4671
955
2354
4147
390
4291
1666
1768
1081
1749
4071
4678
3592
2600
358
2721
183
2638
157
1884
415
3256
2516
1374
3923
2895
721
2919
3429
1862
1004
4843
1961
2165
1134
1591
1350
1335
3428
2557
728
50
379
3456
2384
3000
1391
320
715
1860
4939
1332
3588
3300
1917
2624
14
1246
4365
2547
4120
2299
24
4878
625
4414
980
2511
1528
199
3535
1169
967
1873
1623
4426
2217
3839
2865
1348
518
3691
4827
824
3059
2444
4746
4801
3644
159
1278
4370
175
1709
4148
388
1761
3222
4352
2012
3652
2139
802
1865
914
2166
3435
4328
2939
1722
4438
2788
245
2086
114
4191
368
1289
387
3676
2562
85
3891
3303
2912
95
797
790
2381
3360
3071
252
4603
3292
4364
2417
3565
3338
3123
2040
3643
3904
3995
1145
1672
257
3556
2870
2749
3020
3530
447
1964
3758
4331
4669
1642
594
1975
1329
2249
4302
2326
1346
746
3165
769
3696
4141
4921
2795
2692
563
1271
1564
1295
3028
3795
2123
2170
1282
938
3763
1608
3771
2896
2882
94
4093
3761
3946
1625
4168
862
2254
1763
3863
3450
2281
1622
2049
3673
2535
2112
3478
146
1419
1982
2550
2847
2746
3236
1185
3864
4677
4060
4697
2738
4500
1339
3348
3843
2238
3416
1199
279
2968
1894
3948
1457
2402
2817
767
4182
3577
3326
3009
2726
3255
949
1062
2894
1025
3221
2628
4149
3849
3987
2257
3098
4121
3746
2505
4551
2766
3287
544
2279
2118
3010
1499
3111
42
966
491
2612
3842
4046
2885
834
3994
2981
1140
3104
2880
1521
4273
1554
2424
3534
1053
1290
1538
382
391
4266
722
4544
2622
3636
3548
3952
3024
3448
1973
1428
1459
1251
4436
4048
4178
3871
1098
412
4429
4083
167
1390
761
2512
1764
2625
3307
4812
3297
3531
2047
2324
2083
1613
1600
2228
312
1824
1641
1294
4716
4756
2243
2922
1381
840
126
4617
1127
3301
229
2666
4396
1466
3001
3735
4766
3734
1380
2290
4493
1969
1619
566
3096
3728
3853
75
3508
3182
2552
1413
987
360
2683
568
4103
926
316
2639
3660
1736
900
133
1143
888
2111
4282
616
740
4299
3133
484
4477
3720
2879
291
3738
2613
2520
3775
710
3273
804
714
828
1830
2028
362
2345
3364
2422
460
1105
947
168
2653
145
912
4870
1168
2852
1059
4263
1123
4402
2108
2057
2428
1907
1869
1044
3279
717
4917
839
1953
554
121
1048
2043
709
1173
4366
198
2661
4464
1448
666
417
2239
3452
3569
4759
1767
2213
2678
4075
1376
1605
2636
1314
367
3201
1373
4938
1762
864
3812
3200
3283
3275
4616
1516
1091
2465
4228
3602
3476
2356
364
4101
4805
3504
1853
2706
4849
4610
1167
1758
4012
1669
2947
1765
1388
2303
4808
4419
3296
2419
59
3467
2078
4861
2265
2092
1828
268
3211
3277
2897
1038
74
1154
2656
3682
3139
522
1296
2728
3217
3580
2850
4896
1827
319
2027
3611
55
2983
186
2189
4778
1858
3386
593
4499
3813
1378
1775
501
104
3958
1285
277
4635
3787
3230
524
3318
4242
4280
3712
1039
1585
2928
737
1572
623
1108
1261
1367
1366
3138
3407
3239
2555
1400
4800
109
3213
473
4047
1632
1217
4556
753
244
4487
3917
4271
2816
2158
4687
4003
4218
838
1735
2931
1582
262
3576
4910
1379
1075
2943
1776
3105
233
127
691
1464
4314
1475
3993
2316
1559
4205
942
830
2533
3366
2258
3732
103
1727
4369
4722
921
1610
398
4203
2810
2549
4663
3679
1481
1397
2209
1092
2860
2308
3546
3357
2044
3189
176
1728
4480
2531
1022
3786
3131
2523
4858
4518
2977
1158
2229
3161
2015
4872
3337
2494
3130
1015
2607
2129
2890
3278
280
733
1403
3582
1078
185
770
3132
3421
1888
2551
2147
2967
3311
3022
845
3824
487
683
1792
3701
3815
736
2702
3148
3156
56
2480
2540
4482
313
3532
3473
67
2010
1690
3678
978
1653
4058
2755
2006
1919
1705
2094
2471
2192
4729
1426
2649
3099
1583
1424
627
3704
4133
3336
4548
4811
3573
2191
1532
2202
425
2473
195
4760
2819
4025
33
3783
1221
1317
3976
865
3193
269
4685
2314
2992
4834
551
66
4163
389
2142
179
2065
2392
248
2355
496
1012
2908
3575
2070
1631
2688
2745
4925
3269
1019
2597
1779
2358
866
3545
3744
2208
2989
1118
4476
4261
660
842
4802
3107
476
0
1719
951
1875
2518
1687
3320
526
1307
2651
1778
1201
2792
1392
2450
4134
2924
2292
96
2223
582
3488
2561
2383
1153
4514
135
2667
4530
3984
3627
2485
575
462
2937
4562
4231
994
4300
4559
3781
1983
3650
236
1539
675
249
2564
818
2119
3852
850
1198
3789
3553
3572
1031
1240
1305
4406
1115
1783
528
1657
4253
1847
4488
2145
4634
3437
2180
3748
2242
695
696
3342
806
4045
305
4285
3191
2935
588
4478
4361
1107
2341
3433
562
1079
4192
3491
2264
3996
4866
793
3290
2271
1269
755
1136
3362
1299
2595
3128
40
3616
4044
3402
47
1578
2849
3424
4442
3409
378
1223
1580
3999
3388
2864
4578
995
2452
1885
2380
1148
4815
1730
3697
225
1354
3125
304
2761
2353
704
2573
750
2727
773
4886
4175
4696
4533
4084
3709
2950
853
3773
4445
1682
2601
3152
1534
1584
4713
13
4165
1334
2266
2088
3113
3941
4873
4052
3510
1088
861
117
2005
3395
1262
2851
2923
2740
4694
3070
81
1234
2032
4416
4097
1195
3444
3162
2306
1826
230
745
17
4814
2077
3625
2347
2001
3250
2571
3293
465
3982
859
4221
4355
2527
1852
3410
692
500
3422
1840
2122
2838
191
375
1979
118
4020
4922
4775
3268
2327
2379
596
3988
4706
3794
2297
2052
4183
939
4852
4531
1984
472
2933
1802
4004
3310
703
2652
1130
3089
4172
3063
1932
3919
1957
1270
1160
1597
809
2732
407
4695
3974
4342
1568
1588
3524
1990
4676
214
4341
453
1060
1322
4070
4631
192
1207
3117
648
2770
243
3050
450
4195
3570
2586
2231
1795
2373
2760
1255
4256
1447
4468
2696
3622
2920
2274
961
4073
3525
1811
1955
1542
1895
2020
2492
3499
504
4596
748
1256
3034
2756
3632
3578
4072
3423
1798
2648
4272
1916
2704
4011
4317
591
979
2818
3030
3045
1804
813
2602
3469
2953
1507
3298
4320
345
3027
3376
3949
3124
1576
1281
4227
2669
2609
4409
3600
208
3840
4876
1036
4275
4306
4684
3345
4679
4454
1498
4129
1264
3724
3202
4443
1911
837
29
1854
2598
4763
3086
1931
1197
51
2307
338
1225
4433
3542
258
1284
3629
1178
2155
2569
189
1304
3920
1226
986
2899
2011
3370
3158
4279
3590
112
466
4367
1592
3068
3642
3997
1928
4633
3263
2178
3155
4022
3136
3937
4912
4705
4604
1345
470
4435
437
910
1643
3894
2295
4316
4703
537
4155
4615
2630
2104
3207
326
1095
3440
2127
2443
3457
4929
1024
2273
3463
3614
3267
4656
4157
1469
1550
1796
2703
4863
1485
3977
3847
15
3382
3313
350
2463
3597
4611
3197
2061
49
414
3666
3061
253
3060
164
1139
4608
2776
2679
144
1472
418
589
3799
4693
1523
2709
2888
2751
775
3253
1716
3965
406
890
1203
4038
763
4174
1495
162
3567
689
2861
3818
3097
4118
4295
3926
2075
1904
4375
490
3154
1436
4582
2576
1021
3150
4648
2109
2769
1162
4164
3319
3804
1352
373
1336
3770
2294
3349
93
4122
1451
3205
2416
2747
1677
663
1598
1232
1321
4747
630
234
2151
1407
2470
4550
1504
3936
2725
4915
3706
2605
2030
130
1974
906
419
3595
4380
1083
1055
665
2958
2663
2398
3943
2160
3280
4274
2000
676
1152
308
1393
998
3859
1522
2351
4494
4211
918
3733
250
1797
4413
30
1342
1962
1103
282
2563
2124
4336
1660
2694
1309
4115
590
20
1703
4378
2913
4623
1351
831
1724
2363
410
2017
4835
4043
2026
4144
2909
4399
184
1421
4881
1877
1359
4545
2496
4753
2777
2148
1100
3866
1017
5
2244
3212
899
440
1422
2360
1423
3225
936
2305
206
1943
1394
2039
396
4354
1892
3539
4258
3323
1026
4665
789
2585
3245
2972
4864
559
3907
2828
2339
3175
3857
2856
1621
2716
4116
1501
4601
595
1950
1967
3555
957
1878
2991
2757
2952
1151
781
2944
4820
4158
1676
1897
2256
4040
4252
1110
499
53
3550
3554
564
3358
3604
2724
4401
3693
3947
1301
3234
3229
213
1541
680
3834
2984
2829
495
445
4506
4208
2407
3443
963
1042
561
3186
1977
3896
1889
3043
4230
1667
1693
3523
2536
3819
2807
4806
2872
115
2781
3791
4418
4566
370
2543
1886
1502
3973
3687
4360
4217
3134
1431
4798
3768
2499
4821
3897
330
4791
4793
4240
1411
4794
3214
3880
4576
2701
1070
4846
883
4311
1640
2420
3753
1587
3199
2881
342
403
3870
3458
1430
4511
965
3777
1606
25
4439
2046
4659
515
2391
3536
3430
4554
823
989
3828
3823
4126
796
4049
4363
610
2623
4916
4600
4737
3930
83
158
3586
2921
3698
2272
1721
891
3989
2461
2508
3085
3929
4612
2863
605
4353
1072
2068
2929
1925
4823
1743
1939
251
3347
3419
3185
2500
3305
3079
1514
1458
1056
3599
3821
4233
972
1670
3016
2135
1902
600
3835
2456
3867
2794
45
2029
999
2655
4063
4628
2936
3661
4089
4204
3408
4390
4350
327
2203
1479
1476
4127
3145
3837
4740
826
2626
4424
1590
2582
3309
421
1319
2748
3485
2024
1880
4404
4670
1213
4304
633
2827
1818
4132
4512
2399
4809
3992
3991
4733
140
2684
4185
2451
3492
2218
2804
1940
860
2395
950
1043
734
3717
2312
707
1994
3503
3635
3860
2976
1486
1396
4100
3173
3295
1846
3093
37
2464
1543
401
3465
2886
2457
1934
392
2768
2787
4010
4704
1784
2262
2926
2996
2050
483
1718
2313
3681
4288
4265
3899
3391
2875
974
1744
2085
1803
4822
4471
747
1717
945
2431
4462
3018
4301
1401
3970
4085
1511
1918
4216
4325
4931
422
3515
1694
2479
482
334
2964
2524
2915
3649
143
2195
2403
815
1947
4727
1037
2995
3481
4755
3618
1135
944
937
1699
1161
913
3284
1624
4532
111
2093
4092
303
4222
160
3119
1807
352
4166
657
2289
1057
1629
106
4797
1701
3626
4209
4859
1537
576
4125
4932
2785
2862
4723
2150
1573
4614
3932
3037
4137
4106
1253
4403
216
3144
2194
2071
1649
2902
3911
3942
1478
3168
4376
1547
3564
3883
4908
2637
3495
3585
4015
4184
3713
2362
1734
592
494
4653
2519
3969
3882
1347
2668
1741
1766
2342
4466
2606
601
3223
337
1316
4501
4417
2658
1737
1066
2548
4146
1689
4023
2378
2579
1594
3596
1760
4486
4201
72
934
2845
134
4895
851
4357
1404
1415
178
3881
4303
4572
4842
2
1879
742
1788
988
1245
1237
2073
1230
4213
647
1838
3792
2615
2301
4199
2901
4520
3737
2806
2942
2580
2997
4699
4067
4065
1855
1089
1607
4711
181
454
4664
1450
2146
3160
4790
4580
1146
3143
3931
3036
2321
2588
480
35
2128
602
4883
2826
849
265
1491
3285
754
2048
3829
3782
1656
3944
3526
3980
3365
3312
3711
2468
2058
1898
129
2216
2445
1353
2401
639
584
3073
3299
1497
1046
694
1540
108
4920
3413
2689
3159
1668
2224
1707
444
3246
4
2764
88
1302
2478
525
4894
2069
3459
686
3438
2783
2153
1250
3645
4770
190
492
2460
836
4110
3838
4497
1455
3822
2526
1293
174
237
1832
2197
1124
3876
3174
3166
2439
4111
34
2743
706
124
4507
2772
4434
2869
2589
4817
3172
4248
975
1553
166
2009
3396
4754
832
4389
732
278
1780
4239
3351
3142
3445
260
2670
4526
2578
4558
3914
2917
1303
4076
3983
193
4898
3507
531
2710
2697
2932
3810
1867
1988
283
3615
3069
9
2570
2948
341
512
4386
2432
219
2685
1209
3848
374
3975
267
4734
2361
2763
3259
3149
3869
241
1874
3076
4394
402
461
1406
777
3722
4340
1698
2248
855
3544
2814
4657
4171
3752
2177
2250
2744
3072
560
3736
331
530
2789
1771
993
956
3121
2823
2270
932
2780
4077
3716
423
3140
1383
80
904
2388
3879
1122
479
3924
7
107
2834
612
436
2186
1418
336
1417
2200
3906
2260
2230
2411
2631
4630
885
4139
3607
1117
3184
3011
86
4181
1650
4828
991
4283
346
296
1414
1439
4388
4637
4909
1589
759
142
905
3798
3769
1759
411
1177
3157
380
1593
3367
324
284
2033
2608
3521
521
2121
210
4702
4581
1249
3100
43
306
285
1876
3272
3831
3082
3683
1805
1291
3796
3472
1814
409
3962
729
1754
3916
169
1370
2973
708
4725
2970
4064
1857
4329
3800
2459
3557
1002
3688
4232
3147
1509
456
1320
1512
3359
1517
4281
300
4919
3026
2375
4296
1387
1356
4267
533
1440
2960
632
2346
1155
3741
2707
2330
3462
1671
76
1651
2857
2497
2350
4455
18
4565
2286
1859
4246
4407
1125
2002
2458
4180
1477
2474
4743
969
1837
3675
3490
2125
664
113
1120
4720
4680
3375
1292
2331
2646
3805
1664
3830
867
3922
3633
4188
4893
3617
1471
3426
2911
4585
1029
1032
2041
3135
1742
4767
2876
3400
1229
84
4728
1382
188
1577
1267
3986
1681
4373
1427
3163
4292
4568
4735
3527
151
4731
711
1310
3953
571
1998
2081
516
2691
1658
812
1999
2021
4769
3640
3274
3653
1685
2867
4238
3579
1963
3314
3411
4627
3412
3399
3497
1868
764
2090
2647
2675
1906
2835
3646
4030
637
4422
3543
4632
4491
3589
2426
1845
489
2364
1456
2833
641
920
1073
1913
874
4816
1409
2715
3690
1480
154
1494
3715
1935
4484
3959
4395
2990
3447
2481
3204
4410
1034
4742
3094
881
3856
3764
870
4825
1569
349
2168
2018
1966
2187
4668
2421
1556
4833
4356
4555
579
2945
371
3466
2641
1825
3558
221
21
2739
1027
2889
1049
2293
4377
4606
2357
3631
3663
4485
2914
822
3855
4605
4783
4251
3344
3179
1958
4385
3905
4335
4298
4383
786
287
4287
2103
4691
3659
4662
964
1533
2644
2269
4892
3266
2183
4804
3990
1773
430
962
302
873
1544
3909
1696
1866
3571
3692
2767
2963
1096
4567
1813
254
2813
1371
3940
4018
329
2822
1327
933
3772
427
3686
200
3971
2735
3431
4002
1515
3651
2800
1218
2484
1726
3288
3581
1757
4224
2558
4441
4140
3340
4007
4104
2372
1313
4882
259
344
646
2477
1236
78
1675
2222
264
2034
1045
2603
2784
333
1147
2859
3115
26
985
2617
1445
4561
149
439
2680
1144
4595
3900
2719
538
1856
4062
4244
4540
1655
3603
3784
2072
1384
443
1713
2317
3964
211
1603
420
4332
399
1018
4109
3862
2348
917
4449
3404
215
3845
4583
4826
116
281
4467
817
2232
2891
2491
4036
3802
841
2467
1142
457
4738
4347
2448
475
1196
2433
4891
4034
1551
803
2427
3774
1412
4841
2204
3755
2493
3966
1673
3925
2259
2733
3461
4899
4926
2610
2737
2498
854
2830
2234
4906
887
3286
4796
2323
1461
2877
2635
3703
1937
156
2927
749
4323
3372
1948
2946
4888
846
3547
4021
898
2711
2539
3012
1058
3332
226
878
3832
4709
819
1306
3743
2503
2611
122
3858
147
756
1194
730
4050
1581
541
1442
2154
1238
1276
4523
4621
4284
3760
136
4384
4854
2285
2853
3685
1630
1508
205
4541
844
2344
3671
520
298
1527
4423
4123
1252
2640
4536
232
2979
678
3101
2193
369
3369
645
1133
552
2117
3087
4431
4847
1129
3998
4613
1740
4924
2659
1011
1328
1465
1646
2062
3080
4905
4202
1526
4179
4644
3417
4764
3346
1358
1279
4515
2275
2627
4128
1870
4305
4249
1385
4489
744
1618
3684
4054
2718
4884
604
493
165
3198
4900
3967
120
2393
3385
395
4344
1180
1035
3549
1987
3910
3718
2164
2280
2632
1844
2268
1806
940
1599
297
4649
4444
2157
275
3742
4867
4818
4059
153
2982
171
1626
3654
4495
3489
3378
2207
3498
4114
1090
2904
833
2873
4575
1841
3434
2247
3846
1821
1067
3486
4277
3903
4479
3844
1799
2969
3343
3674
578
871
684
4549
1563
4119
4726
1662
3850
172
3106
31
558
1520
3393
2176
3195
4928
1997
3502
2253
3793
1182
413
3677
2296
3968
2809
2132
752
4398
1896
1574
542
3102
2455
553
2662
163
3464
1612
2396
458
3439
1711
