0.794126321234449
0.9906681647094175
0.9038581456629728
0.6787263489070574
0.523012511751713
0.9300262826047808
0.8647705908959165
0.9327837987742329
0.9241776684752607
0.7322399669070521
0.9496834908733861
0.5482069780014958
0.6660585270691683
0.656832923963935
0.5818097621951781
0.9919643645763834
0.7637541097887142
0.8172395506167476
0.8224242778815691
0.6390059519666809
0.6755642599215326
0.5509447166879559
0.8641336044622661
0.7552705542727558
0.7093907400704994
0.856211110094929
0.8509640838180804
0.8830342153908419
0.9780537985833999
0.9472678919459809
0.8547464711113377
0.722485516610808
0.7197058969566275
0.8626200794659937
0.859214693719747
0.857314395591997
0.9524395765583027
0.9927952568244713
0.8357714563348286
0.597475223860933
0.5976430451021411
0.627457522195394
0.6667705181302721
0.5148489786161636
0.6576570308278411
0.5424315946437455
0.8434178797299964
0.7068134481063055
0.9071282848513313
0.8545975601053213
0.5889497206834842
0.8871019212960887
0.6415811028157337
0.6053681877308044
0.9044226783789577
0.6770576512558643
0.8635522268025266
0.8848156304476198
0.980233077922081
0.6890347748922029
0.9944290542924945
0.5410970570607783
0.9055536800269695
0.8563299805909783
0.5428195315514763
0.8743380439593107
0.9393210682534534
0.8232323915381752
0.5161457598824768
0.8305464218913492
0.9831604674420793
0.9488854043128752
0.77020598377904
0.5818976295546627
0.8790796265112333
0.7622887259409648
0.7352085416894596
0.8905201950436259
0.7605578085291361
0.6863906646080611
0.7290030215840058
0.970132248279344
0.691796576347649
0.5583599830970932
0.7980582920023898
0.9508554031157146
0.7717316293989314
0.539533645198164
0.5504149516902359
0.8182869455278103
0.5725578952759351
0.7797770970640845
0.7917273136632368
0.5455912066135201
0.8601904743791635
0.7559272142503771
0.8469425517332444
0.7241294708682595
0.7968959877693145
0.909785985898153
0.7183284119693374
0.6652138044533484
0.7325814344004711
0.9928928714077618
0.6519183300562263
0.7113197634289721
0.629215457857649
0.9596450147107992
0.6808701156944633
0.7405851935092118
0.8400507654982567
0.9298461070065185
0.7372844281401352
0.5270089740933068
0.9250339965187414
0.6225776583553837
0.5552450105679846
0.8295050679086577
0.7715865158274728
0.5088101631154267
0.9906473669070971
0.5822262078487567
0.7003235184149477
0.8878836737108379
0.619058234277835
0.9708326970464841
0.7136484273729722
0.6893214291361229
0.8693911648578787
0.7070260310317174
0.5408568267812706
0.6465045946508412
0.9509924027178231
0.645466479139019
0.6090206703362637
0.5207475329081757
0.9019627367731791
0.9946939362947971
0.9220942615528056
0.6467092099494298
0.5530288371168872
0.7736560355772014
0.6203479999438174
0.6824927398379034
0.7872653725364422
0.6911083968089682
0.9118757655121061
0.7709804259568416
0.7593453301769046
0.9807351264781871
0.8222211904421111
0.536509301795978
0.5890876730833294
0.6558700708138533
0.719718839986043
0.9906759749432934
0.8983010301713835
0.7393849536623879
0.78720403652653
0.9864888089243101
0.6446493708162164
0.9808275679217573
0.5374925717645991
0.5592787631413977
0.9745959927383276
0.6485723358344302
0.5711848345877415
0.5616975095644505
0.9935972199329302
0.7544040001946875
0.8937058179015334
0.8238395945030317
0.7997289705966171
0.8784492777249565
0.7971837099273911
0.665040548974685
0.945895396162143
0.8934910584499436
0.8785007508306644
0.6687643709691699
0.7766928744429986
0.6653440006128473
0.9898830543794138
0.522696985313859
0.5458623682875385
0.6592902221064609
0.9262051923142961
0.8551044996205472
0.7214941143040832
0.9114058439159625
0.6078005070201214
0.579849167973854
0.9919552389374042
0.7790954086817955
0.6180694723306032
0.5097733630484593
0.9863385821824617
0.9995681344248031
0.9752814241241724
0.8584754668971581
0.5247931250897255
0.8465774911032788
0.9043347229382606
0.504258091765049
0.5080588565565343
0.7029422437104144
0.6066187889646363
0.8651921107714834
0.7688076194159867
0.9844236518936089
0.6845425698243166
0.7898645443512102
0.720441673449689
0.855110319047286
0.8936858850812126
0.8414646118018302
0.5512981522910645
0.6479661774046006
0.8919092361701006
0.9396467433727149
0.7541876355815873
0.864706280130443
0.7063999625097401
0.6205812949121515
0.8689162837666707
0.6194833443712471
0.5154104819665577
0.6175672313244744
0.8910809360129539
0.5980668722235565
0.512320137733773
0.5954892848465863
0.8441744002998641
0.5619548402772769
0.7384504210641787
0.7045111814296912
0.6481586568003173
0.8688628604681372
0.6963810160511736
0.6530117358032226
0.74570716707963
0.8692631368627388
0.5776141314361132
0.735198105417211
0.8255105720455509
0.7860200497795452
0.7841803541835413
0.923859314080495
0.7030322483382104
0.9771152929449256
0.9232278748210165
0.8452400431345887
0.9532118038810785
0.7748797766452268
0.8679924996179157
0.8107713915287568
0.9780485169384097
0.9414314648337547
0.6993819189280696
0.9946533000587425
0.8649688799386768
0.9353103004189685
0.61144314299211
0.6410725967373339
0.7074296225678846
0.5580065556117493
0.6687987977347943
0.9187448416478176
0.9424225238449875
0.6304358627304205
0.7197361345690074
0.5657482163355021
0.9668318519378761
0.8505235847022432
0.8088541823804005
0.663268454102447
0.7042612974445985
0.573860079104427
0.5953616779839696
0.9148221019150264
0.7881004361867734
0.7590944392233974
0.7949698683857815
0.9042272780183175
0.708516621445314
0.8637574939583481
0.7082647136025125
0.5759728146189296
0.7545554710866123
0.8078231819562495
0.8967656409616149
0.7801622868586362
0.5864102252475529
0.6221810682085058
0.6684223615987074
0.753568797533631
0.7568446701902485
0.8835290086522041
0.7739727946179528
0.6522037974070662
0.6647488201033638
0.7009528550805141
0.7144993224440566
0.7667902884439797
0.5154407159432709
0.6568790786954326
0.9617357555633788
0.6495970809251025
0.9255464984685962
0.6417022052211383
0.5738503177639966
0.8322794065340533
0.9874730306427164
0.5155741453350501
0.5830934937453012
0.6699381659484718
0.9124800997240681
0.9202111685264496
0.650302479720015
0.5919241771273219
0.6878262398305285
0.5232656890683588
0.8902823647304344
0.8042736047375172
0.910368427629101
0.7844413495880643
0.7273003924358765
0.9909450830971529
0.773623636501257
0.82567165216206
0.5730106951194731
0.6839026823359466
