0.7418769607303926
0.9890969099221092
0.5691166911064021
0.6516187591465168
0.5951449469229828
0.6517737376953483
0.8801852374244257
0.9877296013596093
0.8659711635585492
0.8553972519581373
0.6920351692345748
0.906822012699211
0.526742861357675
0.7871378525302599
0.5830005880544076
0.9850684874790723
0.9714192061244935
0.7586158831760474
0.7067297378928232
0.7316782469140225
0.9586333141396087
0.5245452220322884
0.8560319131271037
0.8393572365601955
0.9938317144920173
0.6971404646245885
0.6174735627725245
0.8228674511524059
0.9794078653452232
0.5931006101784424
0.7529194533092871
0.72057163210389
0.5271078628747442
0.7270512093436144
0.6339949479397993
0.6726629182817122
0.6148401539984476
0.5551240120463934
0.696991123849101
0.9950368063992887
0.8176870147051756
0.7777762081390317
0.8442562802212678
0.5284334895055884
0.681063654776044
0.7994366386313976
0.8602333404834184
0.9564234589317013
0.9548474709694148
0.9134523603474576
0.8110466333299584
0.6199314602012826
0.8673938790240991
0.9560438918008358
0.7072373398893965
0.8529800257556774
0.6312949354671675
0.5107159588350689
0.895845020873058
0.5465791939436273
0.6770157304240327
0.68603220164687
0.9682187833894137
0.6232232585701374
0.5015142101657416
0.8516224028911074
0.5434263583375891
0.8719466446047941
0.5475771694926928
0.5796704026406851
0.6458289672093198
0.9065196327634713
0.9933739380034912
0.9810014484719707
0.8017469219188882
0.859897522535086
0.5185116714464495
0.8542305166113064
0.6971731830314533
0.7077795061859822
0.923530658642179
0.7043991460083678
0.798977005846297
0.9468718338817319
0.9716746471084019
0.6793036317517565
0.7465698218629913
0.7141166653402576
0.8593424179674303
0.5030049481830436
0.6779461106715163
0.7668827636058035
0.8521534064976106
0.7873110621529609
0.9138516692477472
0.9656871920640803
0.5648425194093187
0.5616355614270415
0.9609775266177804
0.5041970609294832
0.5865085458097398
0.6875078949385953
0.8201244853099241
0.7425193208354706
0.9535331062288731
0.7480894702034268
0.6518311007194039
0.950957041224908
0.9994807310835406
0.8535424308337969
0.8029135509676414
0.8158243131470084
0.9493769087480061
0.555513021144124
0.7601998388701465
0.6943411816659298
0.9376156589101585
0.5001178115651085
0.526940848610697
0.7849119295884787
0.5203749207256696
0.9516000344224251
0.6375683834739725
0.7226246814180739
0.8689450101606252
0.6887421442774548
0.8392778332746208
0.8039075671743352
0.6755962786108267
0.6842539749391507
0.6891267160049808
0.8685346345620948
0.9869678793138648
0.9194686135820072
0.6443173362834547
0.5543151891299829
0.5524739558383418
0.6242745564058838
0.8197811661104518
0.5751977690215664
0.7855301961762448
0.9808452702913355
0.853737574148197
0.6864077419527614
0.774450870398835
0.8789362585289229
0.9074903847801324
0.9258294297546765
0.5280068602488774
0.618120426209337
0.9300335636809728
0.8419841747867343
0.9358332977048262
0.918517980506626
0.9390903434762667
0.6814969428052051
0.7113355229812515
0.545345428276841
0.7190490339244583
0.8587790213527662
0.6272917341316728
0.7847926925901422
0.6282187760222289
0.5808402840585248
0.5099727800456468
0.5558524540583744
0.8440505464905044
0.5463480353076843
0.7439955955849771
0.994994868190801
0.8888703032116676
0.6556491484151379
0.6307094884603508
0.6541468197734372
0.6513183816521795
0.7280650767264407
0.9191688554163177
0.6866756934330001
0.778467183442366
0.5745732017132793
0.6413631817303942
0.8070876010196751
0.9175939814042509
0.7989649293901424
0.9314025422727314
0.6821659502386717
0.6738529419201389
0.9882023950866518
0.7584606406309482
0.7722005524182405
0.8607785443728821
0.6862677939765388
0.8363411430270025
0.5206482893583788
0.823096138369634
0.6345165408244351
0.7578946560832049
0.5841900982025439
0.9805121388577624
0.7682225326128871
0.6567157520706609
0.9594595269448662
0.6898164925586661
0.5282238201957157
0.8774587341700485
0.6719999569733813
0.799983351589973
0.7933445597708617
0.9376777626566487
0.7943692980616524
0.9893235422360286
0.5554572442108379
0.8936445868801515
0.7200218149968272
0.6714837127181432
0.9447639288314174
0.870549317506268
0.5973246529763577
0.901122067072104
0.8619421185622487
0.8844050522067033
0.9750899869945302
0.5939464790371008
0.7056913622933056
0.6742005477143174
0.8682063620329629
0.6680430842153164
0.8249047482550642
0.5879423464799702
0.8551932354884919
0.9574592858131887
0.7901361172822252
0.7846747355937003
0.6447078806397477
0.5606677945430236
0.7494805408918992
0.7143669777179662
0.5133479935481208
0.6730028336452786
0.8399478577348236
0.8331988873271559
0.9728228841788658
0.7639086119240364
0.9473102915488103
0.8365288927372234
0.7270184638221913
0.7533702348160292
0.8951226909297917
0.878179302925878
0.9531451565885252
0.8497170514213396
0.6780242053435155
0.9935706517008877
0.5042801050562391
0.7450081893809686
0.5292314150397278
0.9670502473586173
0.6877922257676699
0.7527969089950977
0.6462962084274502
0.7409059458793841
0.642583711387998
0.8712003442670004
0.5954318032155871
0.6690566174207098
0.864118627022061
0.9603584038905583
0.8116235077489042
0.8849668329285401
0.9507930578534276
0.7901052067897733
0.7027530741666816
0.9979350655065495
0.5620946199409368
0.5093556485895009
0.7615812607125452
0.9699455802417281
0.7916638708772945
0.6226909275326351
0.5523395071425986
0.7518572802437042
0.623727572315872
0.995954047437512
0.8880708488716411
0.6550403449438953
0.6548612877149467
0.6324001588701409
0.7702616803374314
0.825511919701494
0.6549061107812961
0.8166987816711726
0.9504614122869603
0.5104193532976866
0.508308940022705
0.9341837899219247
0.5839171136078922
0.5363507200768476
0.5844745655717267
0.7509610203539547
0.9267027335095075
0.7499839738391425
0.7625927439762261
0.722750944116569
0.9608583738164999
0.6855015863724068
0.8346779058719933
0.9754409678111483
0.8314775526762487
0.9427973431787293
0.6804594241400623
0.8408803461563991
0.6976449179281217
0.9919980959591399
0.6155005844445929
0.5219259776713479
0.9216213152861328
0.9815230979840992
0.9732080642016894
0.9930352545577059
0.8087297009915355
0.6320719023571839
0.9155884658551253
0.5078954024435439
0.801375541150364
0.8570973742835992
0.620291636025972
0.8794992788947253
0.8852615520578269
0.6223827961166386
0.5546595186931801
0.737044891449889
0.6892324103790098
0.7268896352722012
0.9523710327563983
0.7642198426698799
0.575709193551655
0.7343960595698489
0.5367115733544692
0.5905609093823748
0.9519728921899543
0.8497184601769651
0.6148225661199629
0.5583899517039927
0.91610275045934
0.6863327066783924
0.6783531837991288
0.5338833531734131
0.9168372623146204
0.5628792625910869
0.5536828711255596
0.5280128538815678
0.6647627030415337
0.7392386617163214
0.6444659764398155
0.8633002988482623
0.6986331023924623
0.8114784708821973
0.9795024160530621
0.669294756582788
0.8913265935023401
0.7689067280516069
0.6731769257615605
0.6904797675858936
0.840468719141438
0.6017144742521005
0.5413151652612452
0.5075350043309348
0.7033001134320211
0.8205732076967737
0.9866787454948771
0.6727301805175183
0.6540511125813993
0.8178664558299087
0.8987767369828162
0.8692510626120541
0.5377180930692691
0.9626948113818812
0.9394078531070178
0.6296721624795727
0.7139669598500491
0.8879944421073667
0.7524497712686491
0.8481999077306138
0.7845471438228199
0.6299699053959216
0.5260084321153604
0.7173769217450161
0.7681288994685689
0.8706209330055076
0.7201970384246104
0.5020688615588648
0.9603482527346652
0.9322501801183399
0.8280917267473548
0.8359310767636187
0.8894010321589513
0.7823397214411186
0.7446260598385324
0.6914929971045884
0.7447684606313327
0.7353057088509998
0.8866973488963112
0.9080025083035961
0.8328684701698992
0.8834655487591188
0.5157738162232539
0.9444444953028694
0.9348901937801599
0.8684682245433909
0.8340198811109755
0.5066148731609031
0.9410935242731593
0.9712692246262933
0.9955697490460713
0.8803106016561308
0.900785624724832
0.8845630474450841
0.895000696029955
0.5220580503187231
0.7070028963859402
0.7104866085542525
0.7336203423053607
0.8502802733719675
0.8935015175288217
0.9004543392838134
0.6747333743514126
0.9470294979005317
0.5308596841329859
0.8189056397026604
0.9208125467751085
0.7303985787215135
0.9752509458109395
0.9679926746978676
0.9045324388970275
0.5001051088909694
0.9067530958049785
0.5765581174511585
0.8164006975858841
0.9574178141980545
0.5414762880554393
0.9255677615531348
0.9257019940257635
0.7950643445743871
0.9060456480176492
0.595677730556334
0.98409133066157
0.738167500232962
0.8023741109151177
0.6882433978614362
0.7914070030474532
0.5087398525814927
0.9170281805022609
0.5421929845816422
0.9624620653132636
0.9125391186508783
0.711376278673131
0.9438050526315258
0.6555399734619688
0.6394917123368018
0.6498682402004807
0.9860684884465984
0.5068359997208027
0.5629347308943302
0.5664074469525018
0.6525702991806364
0.6047201848198742
0.7999046418066595
0.7143121285461462
0.5826790832531045
0.7264095271435185
0.9355876000492402
0.9950366536508324
0.7209348198689055
0.7876825128737002
0.809481242464761
0.7915607769522985
0.732986671292757
0.5770557320814038
0.6233755405791597
0.7956732256233146
0.9580301426174698
0.9573001825709007
0.5520680992432887
0.9775528209986392
0.89054351476667
0.502208275490194
0.9486999133544772
0.5294009897991359
0.6961158999396535
0.7878657206109277
0.8891703065497738
0.5914279574898573
0.5564736203369307
0.7819268782157573
0.9129357278457129
0.6719870293533647
0.860495708672484
0.7130422130060823
0.6064373667624066
0.8756491926015237
0.9698677602770578
0.7258186138564339
0.5138594300502056
0.6497292598672295
0.5841528459601207
0.7435570963440619
0.6570820225720423
0.8134975907581113
0.9759017081442475
0.8184653571390049
0.9513623318233779
0.8156448572668223
0.5517680947364705
0.7102314535325737
0.995826437163273
0.9899693936575295
0.5522251985795756
0.7170804070656891
0.7709985751381236
0.6815831488232024
0.8875774032657913
0.7654026212953094
0.7942720102484826
0.7364524571042804
0.5286885529456401
0.5914447994412195
0.5184881714093328
0.646197756002171
0.7541090439833131
0.8156818128585269
0.5510757729072844
0.9764046454880929
0.6397292472882907
0.6820883911135429
0.7511851288335307
0.6448456094290872
0.9848355694785493
0.7180850800153351
0.6976190952169709
0.9425324188021216
0.612260306866852
0.7150694792647065
0.9333139195175295
0.5687445991822517
0.8682822896750887
0.5278702066509838
0.7264092021136573
0.6480271911249513
0.7264899723328805
0.9102459405677965
0.8541525012537126
0.5075733370843336
0.6999979631800128
0.6565161752468222
0.7148423873678029
0.6993583068615009
0.8755695225552946
0.6592905736881973
0.8465308009059866
0.874813004941253
0.5107883106957394
0.76919944841245
0.5635483921669339
0.6226723442024259
0.6576536063548573
0.9238949789125331
0.6539656142256589
0.8405072154270621
0.89916877771959
0.9665285400448648
0.7165115243114842
0.786964083874714
0.6835061889294451
0.8136968522578202
0.7001681166261395
0.7024540672005151
0.5572307218905801
0.999724911388207
0.5256216276692802
0.8070263467606785
0.7859256378248232
0.7168421105548256
0.5319998478693049
0.711236532451232
0.9240211482050337
0.6942392392992125
0.9176357608946386
0.9714481048293557
0.8349215807631992
0.5355072238166905
0.5874710560411308
0.6922911554709632
0.9838323161234093
0.855986286454159
0.6332033457862405
0.9885408268689128
0.7737307900728915
0.5592433770844775
0.6228923420974757
0.5968876439400992
0.5305034145910716
0.9396540030861722
0.5686172474505082
0.7393913310596488
0.6166290291305787
0.9732136904040601
0.6395308139596128
0.5569202702368683
0.5017915724395525
0.8556351743977794
0.6887066472127091
0.5056226600002938
0.6286862058794199
0.5475802120732212
0.5134716739092027
0.5099132880839607
0.9356853919214645
0.8071621144490515
0.716788959030077
0.9174516649162188
0.7267484772672008
0.6929296198170574
0.7430192416039907
0.9505677623853488
0.9949109874201874
0.7473951161764033
0.8548342402010654
0.935354075251015
0.6486817668068097
0.6580784436910736
0.6532096650600605
0.8932772776557512
0.5458658986926752
0.608050338992767
0.7165998219355328
0.6906622901383002
0.7698693896388169
0.6635175811962635
0.5745473758115036
0.7850369955145383
0.8452213155476205
0.7165079417191387
0.9542026064347975
0.5744416191074813
0.9515064261582923
0.909198252910006
0.8740423689679505
0.5555496661704669
0.7660207503754186
0.9884392566121077
0.5854798506295129
0.538143376603121
0.770812323298464
0.9138613103928188
0.6835058310078292
0.9891633535531599
0.669060480691128
0.8394093366154698
0.8493394044038534
0.5413881640181181
0.6616919642485056
0.8613386757391229
0.9515620208863812
0.5979653141374894
0.5705149067719337
0.9531890093688674
0.5162069430167472
0.976241001327206
0.5551079016744924
0.9625594564765496
0.7517426452742588
0.9669359127783193
0.8304353674260225
0.5230932535992334
0.9307231275154317
0.9088234022556535
0.6611652688470658
0.6219582993127108
0.9668854333439774
0.5665952581897751
0.7616417320682989
0.7703250350927284
0.590083082013903
0.5751817898365575
0.6868232065613395
0.8822123639882502
0.9523765336003462
0.753432378907275
0.7727434073273038
0.6996962506883665
0.5893693766471664
0.6572733186131903
0.8892249646151016
0.5374925729878746
0.9558081778513164
0.5477227002128324
0.7158534310760812
0.9851798111535381
0.5439004240821266
0.9799418453527429
0.9103824204606605
0.6300205579381211
0.500450256716678
0.7942650606278274
0.6316760523643665
0.606181293303251
0.9152484395961729
0.5905688551892216
0.6153293469077019
0.9994627402484126
0.5218131956223979
0.7903173031187452
0.7724049392028249
0.7514498438336431
0.8323763973129628
0.9193742309151052
0.605801331173105
0.9472852675168055
0.559950173153536
0.7293477426747839
0.9578576488595044
0.7121942602524576
0.6406837906850635
0.8424002197965244
0.8826953353593956
0.552891785258806
0.6050483921989898
0.9063613762261338
0.5944999772277252
0.6209345471220366
0.6038681779697445
0.6581701547174631
0.7579580114022924
0.6369844004198133
0.5112064720057309
0.7034796622211161
0.5709078553768352
0.9866740933853259
0.6434497175763563
0.6547492581811153
0.6836337721722514
0.7588513281325925
0.6424684371089138
0.5592359265754476
0.9463005949916397
0.5559781506728227
0.5746715366416832
0.6222298087689044
0.646045907442084
0.6109338264806624
0.7264301107384034
0.7477872872607257
0.6563259429496191
0.95462551607244
0.8571585659682138
0.7721935541002316
0.8436827170234218
0.685811182892843
0.645673609186782
0.6895000163918829
0.582882553686725
0.5585852670960969
0.9654984774042445
0.8474756416610401
0.779035000301104
0.6455502570379171
0.779612836891955
0.7482738882625493
0.6537850399932335
0.95651219638764
0.5228250654633282
0.8251578120959577
0.7627388194358102
0.9109504213583183
0.9320574522197016
0.877428043809559
0.7305641273566612
0.5061692163788849
0.9717719213723788
0.8100913454258283
0.5617621298000777
0.5461390679583435
0.9162947220512025
0.957004164614631
0.8757494987854016
0.8658852053957165
0.910025511362099
0.9405397535050704
0.902043514603707
0.8151608322031354
0.8180311738760453
0.9591955665430565
0.5817052004247922
0.8779898722857413
0.6137589001076464
0.7403633696876041
0.5320578118800551
0.5251309172656469
0.7953438580966785
0.5234190468113694
0.5111641657187931
0.5961260480549841
0.94375953641938
0.8268078559957943
0.6341049484039232
0.5192732958987547
0.9759420060582292
0.7036076196173311
0.886853971162981
0.9603994205306894
0.9298315398789176
0.5423394994857091
0.8758566999391403
0.8378024259664466
0.9771289662908899
0.743654462787508
0.535925725610201
0.6747434306648492
0.6371147873045173
0.7528530636015198
0.5288716760744611
0.855771423465087
0.9464138740446488
0.7533243582516911
0.5538110750802325
0.8644385809624544
0.9393461665316217
0.924204625199101
0.9314545519904721
