0.9259737076547747
0.5876001588978942
0.9760599995384358
0.5437438989398964
0.5988797880077847
0.6608270352835705
0.7605021136461663
0.6322076572555707
0.878813871388116
0.7403313521154069
0.9384800160773514
0.7296536600151677
0.9032050783997461
0.5909785990321702
0.5840555336914779
0.5558100809825626
0.7793066345315162
0.7816045001136664
0.8070233918157566
0.749166925107337
0.6658105568797237
0.5840650626747717
0.7495889883305924
0.6613500136766786
0.6519608597921058
0.6036213099106164
0.7370994761719777
0.6735797849395486
0.5838871679936686
0.7866476993176549
0.7930009785003558
0.9635494603090415
0.9669341548318614
0.7886037358536451
