0.8766968537319569
0.9026394175437763
0.9581908672294182
0.9643170356104704
0.7754218352741322
0.8629735132409934
0.831159525136654
0.5468310984152516
0.9392465039517008
0.6127025230795998
0.5840928747161036
0.8937359951597981
0.7835725823185006
0.9568924156666205
0.6665449875758136
0.7216074709479544
0.5214290956114751
0.9988679129015998
0.6524654500868836
0.9978195431727618
0.9963526718905086
0.9365873797642867
0.6047561905461083
0.6128646039558172
0.6095728368700882
0.9187840847327831
0.5228080045609728
0.5600773487981986
0.936759952673444
0.914230713860883
0.7620131450659353
0.6110298074375515
0.7730738073484531
0.9452822715514038
0.5050097959707824
0.759511704962053
0.6177898857704884
0.6248221172374949
0.6796605342106172
0.63473595458575
0.7833862705680826
0.7883796295619041
0.5164803020300339
0.5228799130951002
0.5764271128935035
0.5919130998578104
0.6435353035152791
0.8759662513639193
0.8728140762827252
0.5003155657893934
0.5266476455508459
0.9926731718504151
0.953259094578548
0.8807565742445691
0.9554580972428146
0.7927887381532921
0.9985121030392862
0.8447416972812329
0.8278499635821097
0.9736986000858856
0.8045044476440777
0.6205785617551591
