0.557238514525154
0.5861624953582057
0.8929984293142321
0.54722695345785
0.8566633183601602
0.8877483155090142
0.5736343976192941
0.5307432586599004
0.9886798895079517
0.611947382714894
0.8415279551448347
0.7200836204379626
0.7221132854173165
0.7121268593186533
0.958317347521455
0.9155074401311281
0.5076803619430121
0.9536555935076373
0.5777918823512912
0.5210643227377224
0.7511469561847489
0.9129609127667071
0.7194503455542429
0.5325361122195824
0.7821479518574681
0.5763032234786784
0.7012304585805369
0.7327061988865947
0.6834902144132666
0.5942282099879673
0.9574956216177679
0.5678034033919364
0.713413914128189
0.7815542816498002
0.8754781707156056
0.5669742339651554
0.7756933596188085
0.7114309670836398
0.6454038477609003
0.9247877046397854
0.6506062047476971
0.7626641111181724
0.8680493424498368
0.9755163233272497
0.777500240531839
0.5896618153004989
0.7729298383902332
0.9480720961826661
0.6221692180436571
0.784102963237656
0.9088685843537689
0.8474475188852962
0.7008553715838162
0.6533814899492711
0.6239683905592728
0.7317739231412552
0.6648508933493235
0.9108335708469814
0.8745319368507904
0.5670107240672541
0.9868378293088975
0.5294310320607603
0.6295173039694286
0.5018880968423054
0.6946840527653804
0.9607054274849006
0.9878854078202909
0.5462442064375838
0.8840697036929401
0.811542726963506
0.6156023478730547
0.8185719196713683
0.8606752347599429
0.8586526797068321
0.8668664776890895
0.9099245552333544
0.5082648712418167
0.7971847915570858
0.6817379334644503
0.5166584556436915
0.8367269387385627
0.9192373327021076
0.6520017201272925
0.7916973950620515
0.9987690103039458
0.7849818764257193
0.6578781026486147
0.783024136834101
0.7022900063797758
0.712759721020682
0.6756041188125073
0.8006992369890473
0.5164186737765282
0.7945319974899783
0.8523827739345917
0.9115452881315562
0.6636774932504336
0.5175424713951418
0.629142045714108
0.6726808967695852
0.9305593954078022
0.9348818611299718
0.6814011291124361
0.8490628322304711
0.7021052622343626
0.5445818281003871
0.637471382051709
0.9771875147538156
0.5362627693499025
0.7771409480743832
0.8492362145473356
0.9401202186448385
0.5341463176745825
0.8367283561739414
0.8530067763135301
0.5767290781983884
0.592511741055086
0.933876390560854
0.8445896819067636
0.9124013633983784
0.7538266467085546
0.5894692569461538
0.813854771876709
0.8664416499831773
0.6350805673367281
0.970427883856021
0.6241783247802635
0.6705528605274464
0.7995704331402824
0.618486507395029
0.9199199975348034
0.7335832250326924
0.7410517860262011
0.9889046633094256
0.9316147591056587
0.7068420201312984
0.6487208714973114
0.7546515493717463
0.5445644604970108
0.9727082974012236
0.7840995136366112
0.9574882600608117
0.62530759852232
0.720114382250975
0.9289459784287613
0.9442582825682135
0.8194710383281782
0.999426293208564
0.6858636950640387
0.509288929522796
0.7625236972353034
0.9237597572658952
0.7062717999535981
0.9337782011900594
0.6525494631996394
0.9317922558167011
0.6861755100714907
0.6720302512931905
0.7093712700936818
0.7404652890550902
0.8383159883562108
0.6619171701123281
0.8774322763321509
0.51907239373107
0.7807568242806573
0.6728491087125158
0.5956027245107339
0.6816581501408718
0.6543653977354567
0.8174446835925049
0.591448954382997
0.7746084803854087
0.9470441584165795
0.8338468823030067
0.6740739573730952
0.6392944275191841
0.9635866743296064
0.6119413523596662
0.6765588163094255
0.5146367453821563
0.5942705144148035
0.635119793524128
0.7749617154694868
0.9356259576898158
0.937460353136196
0.9447706106181928
0.5160835436045164
0.5466092588025606
0.6705843044209855
0.6461684489975715
0.8590916070467021
0.5807569673956645
0.601519149827164
0.6369905752803271
0.5279425131595388
0.5128069815288454
0.7796313355932043
0.6782996797049579
0.9405952289283441
0.505765418224307
0.9453642041303425
0.6189412249939084
0.8411942395797721
0.6264777268338575
0.6897793308212206
0.776703624903791
0.8561058822839073
0.5108918491540722
0.5234937784265463
0.9593005685535516
0.6705327188808068
0.5037065984313179
0.7074479554227933
0.68699447174252
0.8238061888658471
0.9646168082108265
0.8998827908694711
0.5751364743044991
0.7130929515844334
0.9033348644896657
0.7827983362863467
0.7760850062006515
0.5000865959824052
0.53277836952882
0.8721478495067212
0.9974470222575362
0.9583326578903633
0.6808693293296619
0.8981385611494108
0.6086031594526575
0.8271914388273651
0.7479674996267284
0.6761635692094445
0.8970162713733089
0.723694537094848
0.8045381480192795
0.722992011405814
0.5082187947069436
0.7332151307074262
0.6644086832577192
0.6453406143874425
0.5468445720286408
0.8523064493058603
0.7905711546340757
0.5944141223125636
0.6183153466487541
0.9774672663343779
0.8949303203910071
0.8646257761697471
0.8201025126542176
0.5397854704336216
0.784607962840363
0.5155402665763961
0.6445483952912702
0.9587041187109067
0.5840190355209319
0.637575830905482
0.9329503551744899
0.8000748431381585
0.9712307964528335
0.6880017711874928
0.5536258511037475
0.9777106798693616
0.8036592610674884
0.879910747907833
0.886488593688296
0.5472351524775503
0.8743723330394811
0.8038626535185995
0.9494244299465159
0.9214200256828741
0.6397274543262529
0.556044890097202
0.6178841868701686
0.6532879927217485
0.9415956154536691
0.6706761113371971
0.6907023373903195
0.9224907901198074
0.6246356774205722
0.5779296035334112
0.8855397630832043
0.968625244922128
0.7038796357738274
0.8591847027735304
0.6505753099862901
0.8743663099919105
0.6950582067558955
0.9455654120927877
0.7620676742113086
0.8853505295602405
0.9718908926859586
0.7535375790465781
0.6860207925031266
0.9064761846127414
0.98929778290728
0.7841268522828037
0.8897308010474925
0.6427131144021845
0.9355658519654628
0.9345479595161069
0.7301634745547627
0.6328604997717311
0.6877553861905756
0.8827136133847769
0.5922459419114863
0.8786010935497786
0.8227350999207065
0.708836938928968
0.9583898622132396
0.7627111654219358
0.8510324628698909
0.9288582377417477
0.5177761414245812
0.5695211404578522
0.740027682231968
0.5941298294870476
0.8634883489124798
0.7069034561657461
0.6193744764777138
0.5144817183141841
0.8838171472361525
0.8698579720024862
0.8989425307580017
0.6958077047938482
0.7953217263890328
0.5521403894737054
0.9649219164412943
0.9644805528382194
0.785385748970674
0.8198745368947424
0.5502979116682104
0.7186300224433811
0.8548493463812473
0.9582179667778665
0.7461860770023118
0.8282262445056748
0.8436172695389335
0.6699780743404453
0.7987444368543162
0.5866814039278748
0.6844195527000925
0.7574721367325006
0.5061240065971475
0.6420923828913546
0.8009335252603249
0.6875654754853953
0.6492782044394092
0.5409320068206245
0.8714072525296185
0.5820407646263813
0.6757079796133231
0.7121705207103028
0.8643399742253912
0.672679729538759
0.6764347798454374
0.799857206259974
0.763439050658812
0.9741893945739919
0.8591885116414613
0.8558500046824529
0.7129506508989718
0.8418385828080525
0.6920160538988194
0.6037291096722814
0.9571466409096332
0.897162876796251
0.8758588270092915
0.8277542692867832
0.5306826232892083
0.6621328504967838
0.5336604136797427
0.5357760387145265
0.8785082373646759
0.7003600128531674
0.8589882722473922
0.9675678609187313
0.5495621595557172
0.6249946564608861
0.6468375480034075
0.6821661819943678
0.8694398522694944
0.5738286327778992
0.7145067725531005
0.5299722744139566
0.769665482750445
0.6512158486182238
0.5184160865888126
0.5950610496996949
0.7976625332825324
0.7535959355626263
0.7033034070722245
0.7399001366955286
0.6076089753153655
0.7351879574285587
0.6673280034143927
0.6810128571549728
0.702484932437204
0.6192453880359747
0.8620310686737398
0.8433929952911843
0.6256634051154386
0.8429716436202284
0.5729013374352221
0.7900078649228053
0.6836032088823061
0.6819548108328413
0.8121539638702764
0.8170830925422434
0.6394319376931403
0.6339607140042922
0.9721374416920827
0.8104033176623954
0.730749034210217
0.5070393933999426
0.7243394148975109
0.9099679545809647
0.6488902547985675
0.8371854245666741
0.8673290337906275
0.8313232499293242
0.5239856965352593
0.6087808089977276
0.7470984717115845
0.6359959953127274
0.706790270370558
0.7901331152704069
0.810158490324791
0.5609628793884155
0.9417643233731816
0.8485242478360238
0.8205793970199717
0.6356161806627778
0.9314637632656302
0.8003481480436183
0.8682997251190305
0.7999681243716865
0.5824950596394834
0.692174509430088
0.7755102715309012
0.935521793316417
0.7100309975705092
0.5274227584332448
0.9947036473020823
0.8947415540484092
0.9032266279194476
0.5137449004195281
0.9973036587587893
0.6287396494031984
0.9494892435734061
0.5388879018848993
0.9805750909514779
0.7726678185871905
0.8505753010198434
0.8538160476254082
0.9224587679119609
0.7025219838688873
0.8957037063167508
0.8965710781773024
0.7556408471571685
0.6481899884036825
0.9322931125785656
0.6761290056745571
0.6293079175672875
0.9596030418984681
0.6400302227566845
0.9049680060057386
0.8882849610222179
0.728232178067052
0.9670314575530072
0.8176684293830707
0.8331660406084521
0.8554132204576498
0.814836436714234
0.9979109464121998
0.7898027597557847
0.9997772122183421
0.6483964521151941
0.6117021013890094
0.5760784813476978
0.8792999984337762
0.9792541443418767
0.7035220033952821
0.8459125454567598
0.5584068074483639
0.9356200894324571
0.9986071953703072
0.9006820391224986
0.9099676585748139
0.6334194923747872
0.5711459363566861
0.9218444626769657
0.9662293180857446
0.5515803329881398
0.5297030108109206
0.900016422522558
0.780207224020829
0.8920293619463293
0.7470226539166951
0.5232532842246258
0.7714628446136094
0.6685188272261511
0.6356830874306465
0.9289830786014472
0.7720849576094124
0.7334122615873273
0.797293903567758
0.7486126629266368
0.7757071630206221
0.7174409710342706
0.566485626518692
0.845311829194675
0.7304584519335386
0.556144765048364
0.7816446826258133
0.89975002142115
0.6331732380016357
0.7859335931530197
0.8425538224453212
0.6465951676327104
0.6945158655624
0.7174930934368584
0.7934979504260979
0.75994610937847
0.5118161076895358
0.5311495371287023
0.6131468667597171
0.6213101826126165
0.744476762231302
0.6898143034043904
0.6482943725017072
0.9848506118732836
0.9893294033320683
0.593788224094567
0.9328054145226672
0.9517782830843112
0.9119473655255355
0.5568595562855353
0.7076962085806668
0.6352884944489979
0.7288581355538059
0.7043638884395559
0.7409793732101819
0.879016669917912
0.9260817229673344
0.5722219918111544
0.6396681614027093
0.5012430781960564
0.5688385038441128
0.5311416454411118
0.6562480918547313
0.5226509952884058
0.6130893219528522
0.5148794134007038
0.5262833836096494
0.7880047215688686
0.6952604804199829
0.997416547847684
0.6886148563271304
0.7682927653857343
0.9924595069085708
0.5729109730857433
0.8115892809229588
0.8253282791914797
0.6039542233370574
0.9181996291047503
0.6875776465995299
0.7726543928375222
0.5114577634835443
0.9396915457764827
0.5698869056437572
0.5138302727715633
0.8419648903862961
0.8498258519019795
0.9673278131453493
0.5261681191870022
0.9714392447913471
0.9168194895667905
0.7734657403783411
0.6324725090145276
0.5156384036022721
0.9393451824242346
0.8668379669681641
0.7924542961536556
0.8790622537854731
0.7687858522459367
0.6838943087638889
0.6902583179308655
0.8133621167394705
0.6857017354772976
0.8946123165315651
0.7641820997864806
0.680317391894753
0.8895312970835507
0.9194358358428332
0.6881775221929867
0.928633121125465
0.8362093299343033
0.8816835005197121
0.5481013175959375
0.7487694853159641
0.7494395801568627
0.724968659401295
0.6936355841633394
0.806820647901908
0.8348528469632084
0.8854981141816709
0.6954308625550971
0.8274688656119004
0.7479545009205019
0.5142957152238141
0.8826406625244478
0.7904469928804799
0.5900465360261671
0.6373380102814977
0.6195240406379757
0.611359707599126
0.8162792620400154
0.7570920134983518
0.9036476267238247
0.7781389579158957
0.5802049843137218
0.7312155318860603
0.6848708266160325
0.6320423024511289
0.5772982217468238
0.986794931121477
0.7326289089898783
0.9130586577718325
0.990300934353137
0.7921905757862608
0.8860426217439767
0.6684965947745916
0.6087463034013413
0.8539490419881953
0.6411125101331241
0.8551410278132537
0.9003325339067167
0.8881149258121752
0.8027422399584145
0.7134804036623202
0.8990540200987132
0.5727114499767103
0.5184931746499839
0.739679270057224
0.5170524646081973
0.7098754346997715
0.9757080182516521
0.7225255654470106
0.6878160010773705
0.696387991168389
0.871499315446609
0.9537881727423738
0.7325562629835005
0.809707896628123
0.814896158943955
0.7161940811049472
0.8244164746131323
0.7739903883535457
0.6992724407532805
0.7288330218252912
0.5331824291840331
0.6471788661260442
0.9281875688327876
0.5134867559057312
0.7703239047702222
0.5752959632895074
0.5019969227949863
0.7647118971703377
0.903380608956134
0.6902929673420333
0.7274178126313295
0.7755624661248892
0.7858980854291047
0.5601412680964114
0.8911359752889719
0.9778382537889083
0.8928667815112508
0.8893520644863067
0.5571281342604828
0.8667006940292857
0.5956494771324439
0.6944096610783039
0.5258126753822865
0.8144979467358684
0.6876863450707043
0.6188923024851019
0.6627895533948633
0.5273712159324164
0.6900370530612095
0.7712848636728893
0.5487869098457956
0.712458887225145
0.5116261484243083
0.601473043302259
0.8627389838112616
0.7986405219618042
0.959810717682812
0.6660588166565122
0.8507779115603209
0.9487216048813396
0.5576265578019403
0.902020277351129
0.7574105723785758
0.8237778968044764
0.6454220441312255
0.8264098344100209
0.5449375515690738
0.8862845979283294
0.7027172071589647
0.9236431157720936
0.6343689015378182
0.8777708450784913
0.7413304776986327
0.5424260120255291
0.8324795560318383
0.9743977966476628
0.8706317408625819
0.8822174010189083
0.7782878082254046
0.5651583727808681
0.9943484051187218
0.8990405605214016
0.992096431375302
0.6878113649591818
0.6060039871413759
0.6013345015713696
0.7280045335178993
0.9628560210196584
0.727004813650861
0.8997944064432145
0.8709692779248568
0.6684589650354607
0.6630669566994456
0.5324725026060235
0.849096335946121
0.7599941560018064
0.9172211765783811
0.9900334524301624
0.9085303272227525
0.6045728201203568
0.6890358498324767
0.6499516262091376
0.8605601735046262
0.8754772449155483
0.7342070087943793
0.9177640492826062
0.7471093680751593
0.8626620889782818
0.9329131594357359
0.7762304906490136
0.9162995396705931
0.9654115153392884
0.9676163302234283
0.5896762071715772
0.6224657094550479
0.6443073405899478
0.5482127407041538
0.9353586511354318
0.7004289231247414
0.8749643287865323
0.5844022366465409
0.5692456290368589
0.5105544168956024
0.582783690604513
0.914149106845916
0.7223215866876478
0.7517622775928954
0.5560686924861449
0.6493632053549296
0.5106268232931275
0.705329288626989
0.9789851371966847
0.8724804738787659
0.7106069777773509
0.5093007204899993
0.7748241133485783
0.7529364376066661
0.805121535446046
0.9825627630637187
0.5688409083854156
0.5874251309109402
0.5672045708090012
0.9227480829184656
0.5701978995282224
0.6149924293200755
0.6617064839942487
0.900668754605646
0.5843255099478423
0.8292510618965432
0.6335227818788398
0.9386462607371908
0.8874629471722604
0.7823586768333446
0.5454552553069032
0.8499057864453321
0.8685659403789661
0.6931849448421571
0.935629617695944
0.8985162039141767
0.7312426197034996
0.7386081909267613
0.6317836432993753
0.9538969080580924
0.7691711903809826
0.7659844787529595
0.6446124101141424
0.8456636517535261
0.8080607148735457
0.9384777901235473
0.6724254110694864
0.5616254819869693
0.6517354289236449
0.9839935025211438
0.605180502434761
0.9059689260023325
0.9697770985580261
0.5363473398242298
0.6714782341373094
0.5015007116126985
0.7188935852107228
0.8652469405298335
0.982085062602726
0.530566124707309
0.8449804136280528
0.710080366043849
0.5512817024127707
0.6051835593227601
0.5833798800450432
0.8456920578076547
0.7937315172812034
0.7809679480513119
0.5023950473428174
0.7795034239463345
0.9281203423369463
0.5140740537569843
0.8880377937648256
0.6781740472672908
0.8229045317852786
0.8611138453795535
0.5786840599195708
0.7669976321105079
0.7766079242832109
0.9747366916572278
0.9897139539260114
0.7520220928392505
0.602737432987575
0.9800273714563537
0.7558253375984864
0.5031592126841994
0.9515412212638777
0.5121917190041203
0.8760182494000759
0.739064270755242
0.660438875153645
0.9447756460709882
0.5439028135860184
0.7612344972640093
0.634834471962652
0.5491043755071477
0.6510108792120537
0.6326237935494303
0.8550265709403089
0.8221652977447775
0.7396417904356294
0.5948135319069636
0.9846796287712838
0.9778708422457104
0.9155158142225072
0.8750202850238011
0.942231098774697
0.6744319940125526
0.9823601068029262
0.643985051304926
0.9740626749506025
0.9599534046773853
0.9598662951443909
0.5161853981978191
0.7378710276117599
0.5049752275216624
0.8037688149982899
0.6845466964835234
0.5886168013754766
0.6933369735911054
0.5616107407399573
0.9996832285485454
0.5154139089281411
0.5757197974217381
0.6605298316700567
0.6236790217988895
0.5079647658559505
0.7654756943074694
0.5459364883937174
0.5948362444070927
0.5429985067002232
0.9729935607570862
0.7888202206503112
0.7324767886799738
0.8506301350178598
0.6778609565328113
0.7557589999597237
0.8389343242145519
0.6675590262708841
0.5646808383092812
0.9921877784502573
0.8983539484175526
0.8461569682762451
0.614440974969227
0.7365871831646607
0.6917997552008477
0.8792995683477627
0.961201268823811
0.6017534085489719
0.804439103731833
0.7399472972319987
0.8510310258593858
0.6415939459148099
0.6199155800524916
0.8459140633085673
0.6681855629998523
0.9670893949965768
0.7366154620319516
0.697310420313979
0.9260730608276948
0.6364957822782207
0.861556035006142
0.8782034180891851
0.5021969597130802
0.6922436972018686
0.5393407059141625
0.935397240169547
0.9207860944107229
0.8837165441998411
0.8377316782473454
0.61993548913312
0.6965443157080408
0.51747693749135
0.7900950290565285
0.5368361725606146
0.851289825549173
0.65550154178143
0.6677649099707188
0.897563509509407
0.6268250490068398
0.8168107508175969
0.7325314201853377
0.9409706553704493
0.9173408285210605
0.9589170630954922
0.6214328882104305
0.6578634577087177
0.5629659880411771
0.957907200141283
0.5608302200782707
0.7984456110690614
0.5916234969595062
0.9185419676426081
0.9895665470655244
0.7566901226774738
0.6497632707787213
0.5885422863503376
0.5010826973749005
0.6090958863024938
0.6604987200402093
0.9255448735341478
0.5476635597314116
0.5848425297669008
0.5213953395764468
0.9279404544145815
0.7322832813400918
0.8169830690755481
0.5970859086591245
0.6548647130531495
0.7981749243342919
0.7028505456387277
0.8063258289945758
0.8398332910114511
0.7067946064310012
0.889753636978572
0.7032423691717362
0.5862988021904556
0.8920632509292297
0.6727155912271101
0.6998024490357593
0.7451146325976127
0.5500045938622449
0.8482615640991438
0.8035767434076276
0.5079392598194281
0.7788824561854493
0.566183526252936
0.6105603328378717
0.8981676439780568
0.5225041088950195
0.6682714313767897
0.7138372898379254
0.7377653964179611
0.8075974719375304
0.5154208803639315
0.8710029778066313
0.9788522558421684
0.779887186417143
0.7932985779298725
0.8777245756644083
0.7533714809731069
0.9680521065389505
0.8724887300309596
0.5845355372715684
0.7793099079244292
0.6458978892931659
0.7229876712665975
0.7325008059577935
0.7616740381278255
0.5418224079874971
0.6046091744710107
0.6597058760587832
0.9088623918237169
0.7012917985502485
0.7185636815304748
0.9241954342665668
0.9131246891235392
0.5786748634561182
0.884245404784564
0.7562706899561238
0.6612251890240451
0.8895085205696784
0.5238302226595588
0.6495633257828977
0.7599253097199739
0.998812269929169
0.7181394619962304
0.7547886767043503
0.7744960402119918
0.5731993657468528
0.6716766850072022
0.8341385780044672
0.8810082707501475
0.6267034304042536
0.9860666587551978
0.8894420683343397
0.5423412575884055
0.822299177799809
0.7683915807961332
0.6965022463198811
0.9871333281895875
0.5835948109304128
0.7710008661086954
0.9348886088534747
0.6828010365392906
0.9804102022836485
0.533916851573077
0.6653711299443676
0.8181398616082937
0.5903140215460325
0.9472912915737396
0.8739768160964763
0.7545622212218666
0.8981551317375358
0.7131658132986696
0.7098174128464969
0.8318054254023596
0.9476406172705791
0.8294181643517877
0.5497884752344684
0.5918024904440693
0.8525190587292595
0.8945294918630644
0.9558571948135015
0.7541532476705262
0.5625553864678081
0.9039920602996547
0.6559367572362056
0.8636444510374985
0.9782576161047711
0.9910801219155936
0.6102191551016021
0.8443573574431416
0.5466558155301162
0.9637025104731833
0.9936968511603478
0.6506711654573751
0.8904925440474787
0.6819486259652168
0.7712911916894496
0.8033667427377177
0.8255165928831258
0.8546745568037083
0.8207962396153472
0.6044999865143181
0.5829088815220815
0.6251384436218981
0.7233214517884249
0.7774371746545798
0.6044982976283515
0.5528158278936526
0.5323040138492086
0.7306240094875496
0.533876334362597
0.6083200743608175
0.6811137819119741
0.9596707654679142
0.9626123524937993
0.9145195149249898
0.7610946007057399
0.5416245825844946
0.905679887741071
0.5510890545794332
0.5525142505786333
0.8999017112571344
0.5981081464154039
0.821748562627069
0.6555250170622318
0.89175692591364
0.744711403766771
0.6580680336339185
0.8343553566364963
0.5637601000726529
0.7496121075522546
0.9609187419210505
0.6121932451377169
0.8601060715270525
0.7978984198614782
0.8876972490801405
0.7517526142786346
0.9790422397912606
0.5826451045584529
0.7438955919574574
0.722588023400625
0.8545168982702283
0.9483229029212448
0.7374843524409849
0.5535061127256607
0.75702859523532
0.8162153498840038
0.8131794134071444
0.6882555577285641
0.8027703108331588
0.6881130685343798
0.5247741650217853
0.8456928840136579
0.5644872854894761
0.5193394459344245
0.8669509267726438
0.9802177587381953
0.8659053869705143
0.8423515257563838
0.6564219880858468
0.7816368586108359
0.504293875599793
0.6366146050936983
0.5398738035348696
0.8630805827454531
0.9685217629517894
0.8908233402135636
0.7296043559809359
0.8771295899647331
0.9071415807159432
0.8180663921811981
0.6992586705424058
0.7146790976597743
0.9115798468121799
0.6242482508996561
0.5340125267088068
0.6389104267463557
0.8738079717913682
0.5627845346866077
0.5016151284433792
0.8947171593590838
0.6458036250025133
0.9338671498603599
0.5182732545661964
0.6202910521037663
0.7984761611724784
0.6747014862950651
0.9109201201069675
0.5313738991915569
0.667189641283944
0.7879717090837004
0.6027001453052379
0.9610101274873388
0.9768376085775425
0.5868180582974158
0.9949190471007792
0.6325354029351133
0.5483146884562862
0.608432581865723
0.9835119968488577
0.616009955323876
0.6274943642403809
0.5632702560104196
0.7406324608563981
0.9592618990413064
0.8191981488683058
0.9302694335431738
0.7261671918450323
0.8578989658904527
0.7935992827050227
0.6511996705582062
0.9273025793153692
0.5587800451557938
0.5717586561200866
0.5683357653753163
0.8870540943894059
0.7980562167503663
0.5607854816309007
0.6723897517417408
0.7378828416648242
0.7467005119117005
0.65750240612148
0.5571800776131155
0.613349519871078
0.5815896929477345
0.9671959492135846
0.5698356718901909
0.8210221472836742
0.9358463308990423
0.7054284628100893
0.7517462292891115
0.8795990395033689
0.566942155742278
0.657082494298229
0.8395865428591682
0.969017584858642
0.8284808737450748
0.6516752392695236
0.5316748517848364
0.9836392121559284
0.9426984830209267
0.7362828918585145
0.7415834807142533
0.5013490790610692
0.5369581027627159
0.9850609883149648
0.7288080553284335
0.8952831591167518
0.976690265406051
0.9656731435071572
0.5747615679616718
0.9356204214241872
0.89206469197228
0.5794062610361883
0.5057123347700629
0.6701667562425511
0.772825113739442
0.8985052651318067
0.5221476580627257
0.7404349903856056
0.5069213577719855
0.512072837243432
0.6508442582085827
0.9112014594635716
0.9842198610145816
0.9086806095377615
0.8597949603258449
0.6649132100574392
0.7456380535279716
0.8339365584470235
0.9593865657498739
0.5479404819299184
0.8663900743865578
0.8982056283119503
0.5514599446710424
0.5580657130609951
0.7012097575211454
0.6667415893401665
0.9612438838240189
0.7460781284292992
0.8939201785614818
0.5449639025163496
0.7844387474835807
0.6291673123410904
0.679610212576107
0.8607522738318505
0.5444690977922528
0.7010446937509687
0.7550796511772351
0.7116241864841613
0.7199582807602312
0.5136605920375664
0.5517782805708169
0.6770885010718828
0.699275278667708
0.567550684566716
0.8855097068155875
0.830810024029847
0.9125303771536122
0.613343814292921
0.6940359236904594
0.6930154978091874
0.8181926163919606
0.9158668246523991
0.8286823397408243
0.8342863043925179
0.7545994043749364
0.7137654962273693
0.7990046748218762
0.736475497425533
0.5676807743150338
0.9700865243469923
0.9124432801580507
0.7831670011225473
0.5387493159687226
0.5695655049194154
0.8369145167602139
0.8384956645615079
0.501790244985698
0.905288716932152
0.5811803722823018
0.969724192714437
0.8020018541526083
0.9152657961535378
0.8494518457716601
0.5362841220868371
0.8350412474190896
0.7573060677336226
0.955669208071174
0.6830404418097515
0.9987412387078627
0.9620736783761463
0.6248118349292795
0.5707684239508168
0.8660805279977641
0.5103983124238887
0.903755274816273
0.8491085657532352
0.6794762951500357
0.591762497317652
0.5605589791542402
0.6695197034041319
0.7920054642502437
0.6723603419830493
0.5986813922856815
0.9058111185755141
0.614616181767681
0.6386124117526122
0.8403013171517999
0.6573242797730605
0.8134525512445971
0.7135908180076116
0.543416046748447
0.577398650848419
0.7933125677455379
0.7583835456974024
0.9440640733901686
0.5902117500448903
0.7091728438206932
0.8471170932838528
0.670570944336048
0.5134832789421042
0.950619348933772
0.9752401675061934
0.7878304429402314
0.9019121430552801
0.7980058979147162
0.648618146246787
0.9862592816813903
0.6680707724636419
0.9625414673461952
0.9564962653213743
0.92775883191142
0.8438579689846604
0.5509912966525404
0.6567683683716221
0.6246691077397655
0.8497194082631658
0.6655174243879243
0.8968879679993018
0.8742325954624792
0.8437031323917675
0.6088322235644669
0.9943702150139904
0.9607376924367227
0.5496531223433544
0.883433940302581
0.6327540179306155
0.8804542145040299
0.9695450253969463
0.5808567314569226
0.5556386976715229
0.682186756412855
0.7077053254965605
0.9439646355863958
0.7795338745639512
0.6604477385153291
0.8877633521540069
0.9798800051344145
0.8723414781139034
0.7219658072226114
0.9477771943573712
0.9477303055382142
0.8450992658151544
0.9689149792774865
0.7792835221342818
0.8044983616719132
0.5506541044388941
0.7172771734709826
0.629669768366335
0.6075872057587698
0.916803021842576
0.5497799366740124
0.7646630796892333
0.5838705006875256
0.7562147375231407
0.9790809257275985
0.9209930121394518
0.8688186736433567
0.7766860075204711
0.7762442641854149
0.9147685109926644
0.8505216215829681
0.8236905449526148
0.6308406369727384
0.7471467686339277
0.9557131839421105
0.9793149219485274
0.7414064187812093
0.8630168999651031
0.9715421968495142
0.9299013595636626
0.7325458098981992
0.8012412915108089
0.9746226054872977
0.9226995218832972
0.6636164385541726
0.9037978923181336
0.7645526776319354
0.6169772329564649
0.9728362276329329
0.8839421710048034
0.9940724206205322
0.8534367757000854
0.5110039475171703
0.552231796124244
0.5333749175683049
0.9713374770654676
0.6774215428260391
0.9380377501914993
0.8904498903230064
0.7223269284538036
0.853212298719425
0.549067067880824
0.984009757445659
0.8408921454616023
0.5541371229868561
0.602029628685679
0.9106692454799167
0.8749867392217747
0.5205785144982026
0.8951026433070739
0.7443828922422588
0.7851721230508535
0.9266622460564893
0.6767295827879243
0.9132533898366093
0.8732902897582551
0.9070134054196427
0.9158718194680977
0.5618565982356202
0.9177620680350731
0.6617295849577549
0.5413358520739706
0.5807059144607454
0.6048062370942671
0.5110952549348804
0.6153625101503719
0.5875101633187645
0.585502301052953
0.9286337304121693
0.7544274842880034
0.5746275108694977
0.8277126769338694
0.7044465210423807
0.5105986304461908
0.5865119490323202
0.7856997814002042
0.9583760063351112
0.6845959533291994
0.6793907228415975
0.7471857071558516
0.6169526290991569
0.9057327295777036
0.6534580256733058
0.8416442659964396
0.945148411192859
0.6030967854640201
0.9677514782552759
0.8398480124016112
0.7200768367842612
0.5576990010926622
0.7725201432535138
0.5806177689916273
0.526862557735714
0.6143720027586397
0.9171987070991867
0.5259938128098964
0.7309293885337003
0.8698701891769232
0.9301973119807458
0.650431419138092
0.646110677106322
0.8750080917350627
0.917231884768253
0.8490965036222757
0.7445576058121381
0.6101525714867158
0.7121513216735179
0.5325600687443264
0.8211762976401327
0.9201342150193921
0.9169894990138665
0.8980133200521585
0.9647623254706064
0.7846814509242732
0.900975535504565
0.8056952165534934
0.9196261481422598
0.8751331049707358
0.9865004264969947
0.7423609376865046
0.8029880898767876
0.9778596053982185
0.7453751549982608
0.9369888790557672
0.8607927238444645
0.5291569658127591
0.5974602804966116
0.946452886316713
0.7092030159336922
0.7136435209020127
0.7327500413471701
0.6882926893592733
0.6045979815616054
0.6354015657246264
0.5496331368467497
0.7608773606283263
0.9121416365710346
0.7408507750810744
0.9101806408026818
0.97336009037127
0.9164845680291315
0.6387907404174608
0.6956731803307498
0.7132285041685714
0.5840580269049739
0.6135755179783338
0.6896391475331788
0.5699827090749561
0.6000053355860173
0.7334060551688321
0.8057402402575194
0.5645265145004476
0.6347868180978723
0.815850421679752
0.8929809161543216
0.9505918383796101
0.7175204894240914
0.9370819412305555
0.6911322942454834
0.5119348346108101
0.5205992644334456
0.734868848890027
0.8803430822233114
0.8074413802674774
0.9371492200279916
0.6405942569334415
0.6230011204968632
0.8139501086395285
0.7657063328271254
0.8430542780827308
0.8392161843676459
0.5062963369810543
0.7683877571681461
0.9343551728910597
0.6000761636183363
0.9977028653169773
0.7090529763060884
0.5380739485127504
0.9036241336433009
0.6372559523989314
0.7180506964763601
0.8476442120841637
0.6419991458580993
0.7077384582188055
0.5133442915250241
0.8054123721934938
0.630850169131744
0.574395567122604
0.7339866319514421
0.9533666423585035
0.5225462025939451
0.8414958178500038
0.8189486821026138
0.7534440970476377
0.6216389133466442
0.8912160471639388
0.5135344266839259
0.9990266613644987
0.6678845206435138
0.8173419135572932
0.6117425884388297
0.5277645347750967
0.5436756367365976
0.7567995819186346
0.8652797469811697
0.6285887671612955
0.8125198325528626
0.6917033319014438
0.8740864761484348
0.8966909183315882
0.5276979709494156
0.928940393785846
0.7809279599761383
0.7003522981421402
0.7110641760513475
0.6124097780822977
0.8828230742432014
0.6920907992333227
0.8509607948896217
0.5473109510719878
0.5825941849504528
0.7557954955674275
0.9029501616004632
0.5302923812033067
0.9288036016599842
0.881323778245187
0.577009232222284
0.6943900851641543
0.8211196446226272
0.6979500729357175
0.7724680267674993
0.8892956371284637
0.5265954925040883
0.8791795888839181
0.777557499815811
0.8934953780842585
0.7023009461185781
0.52282558695364
0.69166537904229
0.547421742210873
0.7087594109260158
0.8158666646289897
0.5591229194404701
0.5689605759815245
0.8542979677742945
0.6712728812769068
0.82157870699996
0.513108225512191
0.532083282823687
0.7679659175355098
0.8399603132626372
0.8506110813174316
0.671433241259306
0.5992379410224454
0.9282218945568761
0.6586744590462552
0.9383559729114317
0.8088764658313992
0.6371640062732147
0.9404178010052093
0.9766614117892408
0.8891574313231883
0.7878938140831415
0.5659676856956386
0.5482194297085836
0.995160056859739
0.6288729543050521
0.7199819877813947
0.9376930416375264
0.631431529977508
0.7321047929453901
0.5287281955041594
0.8936452399815692
0.9692262501106647
0.8368053187464191
0.6027803603628219
0.9834627231189049
0.7506565005009271
0.9575979807587296
0.5969001344749241
0.5003200800097796
0.6424057890442423
0.526890118389881
0.5195861663588659
0.966808090231968
0.9308015677708524
0.68797201910783
0.8348921690678616
0.5433658603328246
0.8497542997145229
0.949735391874547
0.5503815496956002
0.707401371110243
0.6892423753778449
0.8768466914204105
0.5228936091793372
0.7395558144501132
0.9955568506070072
0.5523049109860678
0.8525695647106725
0.7046433499145548
0.6093777855295499
0.8553972665988364
0.5048624697193274
0.9866302300711477
0.867344172422978
0.7698752900045789
0.5707230927963767
0.8924833797688743
0.7301738919850831
0.6965922535675673
0.622853022513085
0.5530080604904412
0.7618753557533599
0.5269732619677284
0.9095631989645101
0.5274573399405471
0.5686806341184867
0.5554545980121895
0.8406456405188424
0.6259993023819195
0.7776778373419233
0.5410915375531933
0.6440685466272948
0.8045089076388201
0.8469707750502881
0.5378263444467832
0.5513290804387907
0.6740609764821788
0.7129708030842417
0.9232066520590073
0.8570108298654563
0.8444670599860867
0.6967685900400096
0.6858968948779725
0.9118088819959886
0.6916017614117691
0.8274369359960938
0.5789167671479812
0.9243518566027231
0.6655158828223144
0.6505434849610925
0.5368716269707575
0.6274818473407269
0.7547400468015362
0.7812881543429975
0.9809995305006521
0.7203619810703206
0.5930647822383022
0.848226236478404
0.9339477504449835
0.7255680469986986
0.6692026100349475
0.5744071697981216
0.9141373833816433
0.7024054092230758
0.9462262385657225
0.973875692883972
0.8288824889677301
0.9389185517409085
0.5776073581651854
0.5616613615278401
0.9200872212672864
0.602505697792691
0.6640016014305563
0.9952436920970066
0.8211038520773706
0.8613102748772924
0.90554120636039
0.5506511571800268
0.7565673805040783
0.6455234407618663
0.5188726373748096
0.8522304056446464
0.768897479331707
0.8256848698299148
0.8524304906893755
0.776478087365537
0.6455145884319378
0.881221625477341
0.5280988090713625
0.5239982904272096
0.6788625716702331
0.7737940714205891
0.9958976734524732
0.7093564442204392
0.8096764254890113
0.6969600133111444
0.5442028640134878
0.7515342763674407
0.9290716926682985
0.9431327419788097
0.810859198651328
0.6735335214211928
0.564431661813872
0.7334054676698887
0.5121047510837575
0.684927671635243
0.9224714416570459
0.5725035548942766
0.7252337574357535
0.7592604691790221
0.5709884563076589
0.6995038036726628
0.6595165365785374
0.7312176159843987
0.6829641365421799
0.882527332316426
0.8928422474047514
0.7698936050894154
0.771528221766554
0.5742548709857288
0.693138410663993
0.9688095372387087
0.9578958198722558
0.9457030608642212
0.9443211445476785
0.500224450758256
0.6841829691588595
0.9612676588266279
0.7937112070328362
0.8638765193729989
0.6789744735869847
0.8981288483762926
0.8912551487976919
0.55634363438214
0.5651492683443
0.5364834057044061
0.579085638468533
0.9110801810486427
0.9532781392427554
0.931557106724161
0.9523397089873837
0.5607402929894096
0.5775377886305533
0.6577396255064607
0.8820540543637561
0.950269114211741
0.9068719142628976
0.867155683147909
0.736052760947352
0.944196900225289
0.7498431366659293
0.724850353893844
0.8202557958148934
0.602383374537588
0.7046485710991865
0.564246438439852
0.7427852513838362
0.7412122205496303
0.576038894659677
0.6168559337950402
0.6370079305199305
0.662004144330222
0.6382709483166742
0.5196609357515465
0.6810309619087703
0.7999950818595556
0.8281107651083297
0.5060924443076598
0.5736201354976569
0.8973073677233462
0.6535071440854541
0.8292093430475724
0.8801750839222884
0.629396958056038
0.880081767501706
0.7974422468783513
0.7816384776013101
0.5916362601308978
0.8325281478683737
0.6062312133404212
0.8650566445838042
0.7723858410807329
0.9088828437219127
0.6194157074953959
0.7961588812299274
0.9289040592711599
0.9288344171685476
0.6593329236871287
0.5131604899650035
0.9088750732055675
0.9673080608743398
0.7973040239521697
0.9721595114341511
0.5685060913121476
0.8350114369580681
0.5949134361153962
0.6832107778957216
0.5901868169038205
0.6186998016160291
0.9532788898537136
0.5906068931453519
0.5365530345047653
0.6043394163431072
0.9302077703365993
0.838624079416174
0.6088011723698352
0.6334639187913278
0.896990951532542
0.6141914750583032
0.6615548530074882
0.8906283695575247
0.845001875412989
0.9661549739101924
0.9325472500651611
0.9151540111112783
0.9613607372260711
0.8610278511729512
0.9630010641312261
0.9442067379529346
0.583215111769867
0.9757342413276604
0.5329902365364629
0.8053014158601441
0.8218818092259623
0.8354080631071328
0.7296023345884455
0.9030366185209919
0.6026211193789468
0.5316960577762936
0.537164191056865
0.6128059498922283
0.5830764249144402
0.7421512904144179
0.7245931314527205
0.828397339284602
0.57903138500861
0.918011800130202
0.7082896395051753
0.8443675023486805
0.9082896682273756
0.6977255967893111
0.6596187949634889
0.9907712845854331
0.7814886179294815
0.6022792326133963
0.9154488687163107
0.9246235847106885
0.9845003093112115
0.5258804239406649
0.5357545767303633
0.7517699319538387
0.6252986697739706
0.9815888610189993
0.5492280793474523
0.7695534074854409
0.9599040118071698
0.6790939842967609
0.7556675938346527
0.8642096397658667
0.6446097742646353
0.8966188852325321
0.523470286296612
0.5317374413703764
0.9193679124500587
0.5067713349545935
0.786669874955183
0.606453945340341
0.6875316731747139
0.555699914497423
0.5994687141164806
0.6457485680814884
0.5643700250203956
0.778167347887798
0.7567250018355001
0.5704738155194335
0.73269621035213
0.6320097686760279
0.9073646605364012
0.6005294210987353
0.8402694977294703
0.6709953595334356
0.8439346023923595
0.8063381584348276
0.608364512244115
0.6525271916060309
0.8050459742011927
0.8316357720239496
0.7353827812483047
0.8643254064767728
0.8136200742467541
0.7879763876999175
0.536754572500582
0.7132911232239417
0.8490408575516846
0.9058652970000067
0.7205644878469467
0.6896612680266221
0.6835950108819631
0.611178108656085
0.5260168387644155
0.7708108921755729
0.682933781955677
0.5446741352625122
0.5158125842315966
0.9631506087948103
0.6686896322769498
0.5310784206926435
0.6711140515144596
0.7738198907446237
0.962825570157415
0.7551463551959732
0.676513792059948
0.8516279883292459
0.7997151463271656
0.7506078369140483
0.9339316638117249
0.8343337518788454
0.9384577930904701
0.6427569912452105
0.9121221556704648
0.5037945990351373
0.6156606955472528
0.7682657304344922
0.8764409044213921
0.7547419112125109
0.5966372332955308
0.6966202208353134
0.9092774948568942
0.9256973592215869
0.7392161859409898
0.5352646092795799
0.5550204215502632
0.9759830853247431
0.7908895076902411
0.5038150074587326
0.8493837970350998
0.7063712585674013
0.5032210448082348
0.8934959682249144
0.971501837815413
0.6466086540541811
0.5659391099440876
0.8806737057744984
0.6528576159674743
0.7736318896425356
0.5955228439511904
0.5195391954591703
0.5554903696036964
0.5555032269154541
0.7359109654390825
0.734943443575831
0.8991054781616856
0.6628127819914602
0.5548772513120523
0.5468116555070163
0.6040216065968247
0.9457814131566669
0.8241568429125168
0.6999487935431499
0.9981478569783049
0.9458745152340009
0.6884909863502101
0.6760506243017583
0.8679055285800691
0.7897020775006209
0.8206571354926042
0.6991134817488799
0.8795596131254164
0.9823738214830302
0.6078098067602313
0.7501749012841199
0.5592188854092948
0.5740682712977038
0.7195120517646355
0.8179957628700509
0.5299803392277886
0.7370676973019491
0.6352264955172804
0.7813165992268676
0.9518898862960756
0.5635522299387477
0.9350070625746387
0.8772306103193075
0.735863084897092
0.5781093318063225
0.7150821619642798
0.9428219522737227
0.6210096463155993
0.577603980398151
0.973193271162448
0.9785529182690211
0.7990603273966386
0.7876589183526991
0.7940386830449735
0.8310423068488291
0.5978532267392911
0.8196386584537021
0.8517080538149482
0.7243762336162927
0.9104137061162729
0.751525407997134
0.6925016619046809
0.8387976505921401
0.5173323958756524
0.5571890046106174
0.7128602157079579
0.6530356584176817
0.7316895047796035
0.7193013748864234
0.837728774455794
0.9686350444767561
0.7971646018028773
0.9557863241332316
0.9773363712868911
0.7514725309278434
0.7789748455448702
0.9709538560666516
0.6057700783789801
0.7722308474761919
0.8801963973376423
0.7498156183177377
0.7676806104525784
0.5865676920794587
0.6344680150553202
0.9052097212569361
0.7146790247275001
0.9172454628728406
0.6610071730156504
0.7751302572279393
0.6471528164292208
0.644312217023503
0.8065165624166439
0.9991430555254482
0.9289861002322926
0.8840856159692768
0.5719940977682852
0.9615614067549816
0.5616975198252779
0.9870143478973714
0.7642273828618986
0.5207405434544314
0.5805139260275091
0.9509827846790753
0.9676334565563409
0.8857293829022155
0.5130044050293086
0.5676780653453803
0.595916777609982
0.7355501174436951
0.7528731870055064
0.8155525050893551
0.6459631260042056
0.5941958477273646
0.8791232577774677
0.7925330880027468
0.7908852158838654
0.7155003492707113
0.6510649155192746
0.7463258571520104
0.6248778578379806
0.5976902522653388
0.8688884591510864
0.5988283562073291
0.7667222171072726
0.5894768941277354
0.6499606662288913
0.6777041054183234
0.5961751254668339
0.9802900301352221
0.7974054956341
0.8804744807895026
0.8797921687992857
0.8578995215836825
0.8469681139433081
0.6933461505786853
0.7172706649974799
0.8623731815718706
0.618241078758871
0.9714101910301255
0.7514719761948758
0.9968691437093644
0.6925384165129629
0.5715124847419528
0.5092972281879768
0.5874191532214312
0.658455987102857
0.9854761482744405
0.8941049189980768
0.8783754099215182
0.5856701184445219
0.6358877733520589
0.5629824456584591
0.6310686699472519
0.9512368241607972
0.9250273943788621
0.7298690400359826
0.917747839633339
0.5298184416030634
0.6810712387304391
0.8291404552187079
0.5517513243456641
0.9994942681929244
0.6374847405845817
0.9492032404517864
0.9103945567274585
0.8595332732153054
0.7286549243085589
0.9568930700706126
0.6593637349837062
0.8023698905544174
0.968290278505515
0.8514781998762846
0.5223527625759691
0.5092659900398706
0.9202614104135955
0.8815291977543572
0.9172047178830346
0.5825362804682519
0.7680266114269583
0.5498342561266563
0.5531115096316627
0.5545041622734219
0.8565865605196592
0.5924819601022917
0.8975744013657541
0.7731741832738299
0.6412704107810946
0.6302544531178749
0.7905928252501453
0.7506790286004381
0.657927966605791
0.5405538539894563
0.7614120433566505
0.8606035331818023
0.9685878307214235
0.8013261955168394
0.5265412983736164
0.7090901780568133
0.8222889735301903
0.6388715007328543
0.551433471393042
0.6744409568635047
0.5506430998547562
0.8729090055297994
0.5010053792023728
0.8193320424641359
0.7449163400664369
0.7124866189705323
0.7240241962850387
0.5633718752066044
0.9965958246638107
0.5918923776241817
0.8206824442267517
0.6869822672194466
0.8808674986177327
0.8869648049456031
0.8816359498808901
0.8549078803229105
0.9722042772132646
0.5683975674137516
0.6743406078077735
0.5159734985406693
0.8818501211358414
0.7090936382004334
0.7186529118102782
0.6561864125489729
0.585653824932781
0.862129847727436
0.8912545132430119
0.6584215425986992
0.8559361157397655
0.5486179667837525
0.9435895492848351
0.937700207869061
0.6407854307464537
0.8565551897609868
0.7626337867576449
0.6682637919562062
0.5163132415581522
0.9457113412892735
0.7886435942281693
0.6035872411226408
0.6303006264611619
0.739774852550606
0.6582589533831577
0.7796611015259184
0.670060843090192
0.7156260863536181
0.6139792559994662
0.5305978417763945
0.7402965214261064
0.6363128100252002
0.524367931784192
0.875622921688539
0.6173358621142975
0.7466184240973064
0.9502912063612945
0.9211070207071903
0.6782835353677328
0.5220587530027391
0.7266044759157813
0.930620434797653
0.8692753934393789
0.9162402859601408
0.9968226302770404
0.7388356507037384
0.5346779958092862
0.8643691230648525
0.826513195112911
0.8861891944186016
0.8152775990122256
0.5463646204274304
0.710433698883064
0.604405216585693
0.7393963077644872
0.9909295165423089
0.8208386285811282
0.5639205272836201
0.9823135943958535
0.8122294358544735
0.5859596370588783
0.526381735414772
0.7358981475279027
0.6423644899834445
0.7895630641944816
0.5945088412929883
0.9398103223520715
0.6682002566579857
0.6802918084954279
0.9611399579762192
0.8737954897691259
0.5969312412449387
0.9128378512497227
0.6622951432221031
0.6767371807763711
0.7134353014834247
0.5396181451385864
0.6840554447474221
0.569648429558621
0.6924252280258748
0.8619191688096924
0.9935201462874452
0.6981780100585242
0.6222630589348769
0.8952579329806297
0.5716703139864892
0.974485628060395
0.7530901562081924
0.8419508656962467
0.8233150695825378
0.8572528325290996
0.719576997826841
0.6940234506772083
0.9913564574680565
0.5073375943328146
0.8712615780504
0.6369599867166927
0.6925078992949079
0.5857770504686037
0.6590840674604608
0.9267500188325035
0.8729874719846704
0.6643732667413739
0.5782074477365897
0.846590536523381
0.9675067248496564
0.8654251030439992
0.973818707274303
0.7569836836998507
0.696987069783896
0.8809823002752241
0.734424232372048
0.8915796651164518
0.9220747152081451
0.8132183680475857
0.635055797962498
0.6787486918054046
0.8814410011824104
0.9848810733606186
0.7106871540240718
0.9235791259419062
0.814965829069092
0.6108675416905307
0.649099207136877
0.6664437881727029
0.6738229489310639
0.776061377032122
0.629124461842832
0.6617559077802071
0.5543357621846601
0.9412512827469088
0.9237733031701002
0.9508401736630596
0.5621429653290981
0.8985768626820135
0.8213449747065993
0.8889196168715056
0.9181916355057498
0.9111402734502545
0.6982021197706099
0.7138446395758824
0.7380502999548666
0.6839951464555851
0.5366010955438252
0.5340151697178304
0.8556886939180751
0.510950564193261
0.653957161116421
0.56320971076256
0.5314001435765798
0.5357577858154781
0.8391963825751524
0.7177548498323224
0.9950515455299012
0.8900983577849914
0.6786218482186022
0.9423001459150937
0.7054442033224646
0.9729552473918233
0.9932700527823557
0.6999907284784943
0.9348043714517555
0.706531522039993
0.7547067601333288
0.9607648852788635
0.5879944663235408
0.9572695392315111
0.5327625453602323
0.6394576517030729
0.6496401741530712
0.7377173457767617
0.7804438567482141
0.8910548523627458
0.5677426756185737
0.9286530251622707
0.6952632608541249
0.6576102815301161
0.5097429435622609
0.5837777122702228
0.7859995803715875
0.7008308679535243
0.5761840053918096
0.6384336863378807
0.5593081211446709
0.7499409311051195
0.5855078180145116
0.744350125838124
0.8188248270928259
0.7244963303759704
0.5557089341813
0.8641241795176084
0.7763921192733315
0.5067710936906118
0.5740199803850692
0.5147956070153672
0.9508015957690588
0.6783446775523243
0.8138068547645612
0.81252243116286
0.6611545021219649
0.6620919244818251
0.622959223962728
0.808883458778664
0.9988853464051283
0.8369649933221235
0.5561651241471511
0.9127644396993551
0.7765077135627481
0.7005934075131075
0.5211150223974043
0.8380744530810789
0.9172023539567807
0.8252506741119259
0.9705703713612723
0.6614875488819627
0.9636087051971024
0.8826796322609167
0.6869087855037274
0.5135380566073553
0.6008322244747665
0.9644573584716579
0.7427527241411594
0.647974025983873
0.9790587069074677
0.6290460235908388
0.7103877928051838
0.7629400944576938
0.9957151401269632
0.7521150549899058
0.733588322419785
0.6952113758176844
0.8365215776405677
0.9947520617639356
0.6948605193525994
0.9800935274073159
0.6658545729687384
0.8337905461468262
0.5106708183624964
0.8548817429032376
0.5103891186505345
0.961140388738032
0.9196692192135839
0.9258671020471448
0.8928173113913591
0.5194733386695862
0.897177210458896
0.8019455111106328
0.7893811427592319
0.6105326405883691
0.9997628239553167
0.8212083534429602
0.9310589372437634
0.6096428338088316
0.708737465667842
0.6618386370689853
0.9277934072897418
0.9915902686548717
0.7637041766856204
0.6991294077868861
0.501236646703547
0.6633541509868197
0.5736996272562085
0.9906855291694849
0.9071835661849835
0.6075496242717897
0.7357490735783705
0.9142531928727549
0.6465307531482125
0.6521535190215273
0.9670312837355113
0.6780130014423118
0.9006615432510598
0.616753703520379
0.6420669773138209
0.6840360593395987
0.89510782125185
0.6004811918624205
0.5034974574176178
0.8474286829524567
0.6524171774000058
0.5762316724685577
0.653168681939156
0.9643677914759334
0.8798096047729166
0.7911918621676842
0.6681854873858453
0.9961792876601274
0.9315562086268474
0.9824944915370889
0.698162906660698
0.6355273448543439
0.5553068932799583
0.777050261640789
0.9983148746804503
0.9177744386595064
0.5515079486899017
0.6271383138229896
0.6983551611026568
0.522469149263942
0.8602259637348177
0.6618820963460224
0.6458164419665482
0.8728811438552908
0.6979966571988899
0.9807556576027139
0.5589289054693056
0.7694563685625155
0.62033392770285
0.9206258988563093
0.7087865707044609
0.7158585781791447
0.9308504001373041
0.7744660496068413
0.9650437466457792
0.6088153494685156
0.687325711819258
0.8217913351778945
0.5470222568728438
0.8767005698493613
0.5483652165665778
0.5793216116633824
0.8869119829142735
0.7942976587398467
0.6284176182595769
0.6446204925479632
0.5035539459247129
0.9050988716252795
0.8555075584613212
0.7974985567334782
0.586747579018032
0.9938771107886879
0.5414372252432486
0.9496990767574363
0.8054029493816006
0.639177160495412
0.5904316684951876
0.9384099538227255
0.7275808789901874
0.9493112793309619
0.8731864024690645
0.8705516395904074
0.7000026173144711
0.5121683259625827
0.6620368993376902
0.6606068708017458
0.8707149675839707
0.74539212713629
0.8021470538870057
0.6313736103104922
0.6712542062191773
0.7407738742553431
0.517804149032846
0.694473223705255
0.6219817777380717
0.6319680593989451
0.6953673952884432
0.7929368891060473
0.6357993948597062
0.9616827446281245
0.8627511315632808
0.6590284480237507
0.6283389948185056
0.9493260332475865
0.7928052952430545
0.977418891952441
0.6527953836751094
0.6667084481312453
0.5663854222642555
0.6693912701831304
0.8213653701041155
0.92853412129519
0.663869827323559
0.919436441963811
0.9223828428608285
0.7541752774536458
0.8885468513434739
0.5162118470701054
0.9112342544614984
0.8520026646378662
0.8296375940176794
0.8093417547015325
0.8950880081340017
0.5627643129384872
0.9341918867007954
0.904470351634524
0.5013130280770592
0.8079152491525846
0.5434901789698774
0.6059387369487577
0.600966468637143
0.602170644270589
0.9122420208813837
0.8469533327690625
0.5079307975391122
0.6861837873775352
0.5508609670180094
0.9364511369962438
0.8879461316148738
0.9413397355132354
0.9946941343430231
0.8395887170654581
0.8124293957772413
0.808567137404107
0.9632544566970065
0.7186315397776406
0.5048416907211243
0.6563582861523479
0.5089727944697375
0.9285525296831294
0.9999705934959053
0.9945379979012136
0.6263424502452255
0.7060371987549342
0.9528192315467798
0.5129110217108701
0.8771214576028317
0.6051808675351914
0.6153022316768477
0.5735522010609944
0.7042852016631505
0.5524985398184927
0.9451758826477128
0.552543824396899
0.6462011281246239
0.7495447904553895
0.8920681755072988
0.8909488728123902
0.8416548761712317
0.7351838743331296
0.6559530112790313
0.7737969557876112
0.6134770168071503
0.5785141866710009
0.7678766315455345
0.775772490532756
0.5420088570212278
0.7893208252251794
0.9297679949551246
0.6160832734664171
0.8197892536283424
0.5364600610304101
0.8333828261390546
0.987606193767572
0.9415836218879455
0.6532086711086486
0.7532566161887854
0.6612893168107709
0.7959604359291639
0.7482781590593426
0.5819431589948302
0.828012958236287
0.947121120999312
0.9515657377229063
0.7702742236409059
0.6436651144088115
0.6405149810736055
0.9135405668634259
0.5971905380953573
0.5972216176938252
0.6891458501325434
0.8766325920973579
0.53774448893086
0.5940189879624348
0.8800139359227126
0.8499118935060429
0.5583139963809403
0.8746066395073321
0.8462919343628533
0.6232244640601448
0.8626376654570249
0.7409774427708362
0.7873100455636987
0.5266649046538956
0.8013052137183445
0.9116324857743535
0.786299904030135
0.5447065536836129
0.8108015950999725
0.982922708946094
0.7396430808976898
0.7749562587462302
0.5419193755933207
0.9536871312369941
0.5598671055655429
0.8305254996679126
0.6392662721433243
0.964793062271107
0.9246899591373707
0.927147570304818
0.6835366728355394
0.8357308850570736
0.544916667020508
0.9643373429001688
0.9350808598349871
0.8136237073812432
0.9022465698366442
0.6087175197714247
0.6506380152129555
0.6907596318870981
0.9439348673622734
0.5619005098425622
0.7541381259641011
0.7884876331008895
0.9656549030207946
0.6397775321285761
0.5576619584431413
0.552621713233117
0.6420675662686591
0.9930105956686288
0.5572628880358426
0.9899074465951028
0.5778915368332156
0.6093049201930201
0.769662476537673
0.860794107180135
0.6388865679106597
0.7456997036904227
0.9458947008250516
0.9395724383604918
0.7652824181109213
0.5583845314580963
0.5203180692316364
0.679804379884819
0.9625755140185847
0.7996605761837946
0.8085755237572275
0.8219108181842365
0.9981456857909983
0.7668568274897185
0.7599189813580924
0.6102980930864941
0.8601869496472163
0.7468534675186966
0.9613552859977564
0.9514793279558464
0.9286358094850083
0.8099903563221571
0.8784553391498979
0.6979008500595221
0.556051887338447
0.9270301085037916
0.5108131698455405
0.805926875891726
0.8672617478050395
0.7220899940531298
0.6818608668917093
0.5213367649095786
0.6019311525498516
0.5662913759012225
0.8042122460965633
0.944489229632601
0.9703944675776921
0.8310034003673928
0.8367903033283421
0.5695166815033976
0.9061447190562859
0.7251288969675236
0.9145641135568243
0.8031386492209098
0.5210789265928489
0.9848508820224727
0.8757523734424211
0.8639119584434376
0.7596744349744793
0.6534297848490531
0.5688845142161498
0.8126429789091645
0.5749687788318376
0.901374767470967
0.5359301630457568
0.9684662611143715
0.9135696172609808
0.6531500373118091
0.6687201024755802
0.9365400304411445
0.9197079407606836
0.7086609035471132
0.6465667820942658
0.5381095525005859
0.5960925631044642
0.6039803779536727
0.5018993808303287
0.8078489679242562
0.7201684512930999
0.8179186242035796
0.6028517592345077
0.9561549159602531
0.9475225834947263
0.5126301719378502
0.8341559186815783
0.6575585931257957
0.8006386812020855
0.5025151858167143
0.74025832999707
0.5827907795940004
0.616455983202287
0.7690989772280243
0.5127108251729413
0.7415920333628869
0.7453142779202863
0.6345353747975673
0.6536150985653537
0.8918271810081322
0.876162474606285
0.6345342220844115
0.9455018119748988
0.5915246034184753
0.9752825448403069
0.645714543296811
0.8648449281411011
0.9654595962901423
0.9277913784684153
0.8497478326650059
0.9771364587849811
0.7429648080836466
0.7450513227109086
0.8360051570832321
0.5538900363008923
0.8759646122415886
0.9754592389214111
0.6649345956832355
0.7203846507755782
0.7627475142089054
0.8646573003589941
0.7859176257365499
0.509687938803685
0.5335495789512632
0.9721417950992308
0.69122224010897
0.6148439229678235
0.8132513733454725
0.7225248447146775
0.7235696745924717
0.6831378238153946
0.7403415609375693
0.7007904450119686
0.7618974818102748
0.7548885840889699
0.7668521041202703
0.7315140158039632
0.8621471994455954
0.525225557047966
0.8677987284237838
0.5505791500205703
0.5789885452929415
0.8874772914169186
0.5636949593780016
0.9975940930726644
0.9877256173368052
0.9450542302719032
0.8615820212412942
0.8172332643519631
0.7992959199309098
0.8351890831396631
0.9711882823384705
0.5835238282319883
0.9857616972972219
0.7209643542430615
0.9689249934021784
0.9602324287628234
0.551513817601637
0.6307096016962883
0.9389862421839059
0.9733422566230783
0.7906502420972543
0.7062587511143605
0.9381500223625076
0.9358359498313534
0.7245953443323087
0.9396385877159037
0.9124644611714074
0.9849644434255385
0.6689607405492667
0.8763038061251989
0.5846750454022756
0.9285050613013113
0.5367872149548625
0.578538277554955
0.6080569275309274
0.8719749016836237
0.6304915954747179
0.7157939762650551
0.5768062411624881
0.7697233726634027
0.7985050814517117
0.9958636801749622
0.890372778248161
0.51686272761242
0.7675138042822036
0.6977211645964465
0.892157701487805
0.7874634845754005
0.5293763412612402
0.721779275910732
0.7909610975616757
0.7184435506697802
0.963895553582653
0.9186726803211094
0.9034962811600995
0.946741649798494
0.6964388390634177
0.9941758089491134
0.9200175345613997
0.7205835250028626
0.9788083645042572
0.6620684581773221
0.7790742603880264
0.9139903519484975
0.6100070355625429
0.9005909161165255
0.9624846516741303
0.5161958599579712
0.8243539919064402
0.8512114476781487
0.8795335467301484
0.5375532905934814
0.6552736750655932
0.8878925612138928
0.69465353201791
0.872790818657517
0.5785317474698626
0.9027990796303683
0.843748191777975
0.9202697777182081
0.5460201038534918
0.6419706021279951
0.7003949113245072
0.7800331729498269
0.611511813550567
0.7421717706074613
0.7731847589262271
0.5508550456993423
0.5095333064720118
0.9829884903082388
0.5230225874331402
0.5351247221399833
0.5047328732663348
0.7971336337129997
0.8956841064460438
0.98950446550372
0.9281520468212764
0.7530804756706524
0.6689582238343433
0.86014869133225
0.9071168135551688
0.7258278373510927
0.5401859968713438
0.7678716935491734
0.7645879136809334
0.7373403289944358
0.5098487484179008
0.9758065067875146
0.8223698944192823
0.8966946616262944
0.5469225761754839
0.8099671911979609
0.7371611960184258
0.7644215318359296
0.7224357509992934
0.934666981478182
0.9082813740812676
0.7476948423808512
0.7900151424651508
0.9024323606837623
0.6170514675024052
0.898238108420561
0.8978479790456086
0.781012683496457
0.5766256176373615
0.7978930371324202
0.6994247462108487
0.6018391512831267
0.5170779106667891
0.5594393383307161
0.5553252658499706
0.69509757691622
0.5340334873941079
0.6329768939253853
0.5363728946020669
0.975019872066358
0.996528014867078
0.9996956651480663
0.9486738704500898
0.7786858856462179
0.9994165697270712
0.8439627033741114
0.5983268707945424
0.6639967447833028
0.6593937952733405
0.8576081708043853
0.9682889458464621
0.5646683260441886
0.8304735913683853
0.6361009427341342
0.5323453439496776
0.7869941744316407
0.5801783043720239
0.7665695737768485
0.9034448082125343
0.9515878392795434
0.9065532843236517
0.9204960563263592
0.7246510284078205
0.9120650212873438
0.9964601664956474
0.7212313080681528
0.5941268049748871
0.7273937922117022
0.5410411194353564
0.9180938479818468
0.9771656271637321
0.928027379969353
0.571572051711126
0.5684510789969427
0.8322077996911332
0.9147769096875767
0.8726587138384041
0.8112097996324414
0.6035285983727443
0.5482731321974544
0.6660586756348406
0.8723089173488097
0.8016110943697545
0.9462350323884253
0.837486925605891
0.554155894957143
0.5052653573272257
0.8288965144326876
0.6106858220534749
0.7844613051012346
0.7725015674876041
0.584290633590169
0.7824496045917805
0.8367551334197206
0.8538896502623887
0.580395456428991
0.9729316165603578
0.5275803265725434
0.7329578719193135
0.7407264620243779
0.9529349499150996
0.8241181572580001
0.7134135354925077
0.6011426861336895
0.6787165786350697
0.7373092850547793
0.9272895727264592
0.5330856834866406
0.5362069066303676
0.5866603775349076
0.5348143129821996
0.7531779422924356
0.6614676042995515
0.8064874515158167
0.7965041140959805
0.7464383877206157
0.816745822638421
0.7990901292122663
0.9390172730876161
0.8172239471621348
0.5746312957760362
0.6328777016046685
0.5652992176454706
0.558528316387986
0.8742384394474951
0.5103969100161734
0.8127756866539072
0.5266682203744679
0.5291323202649699
0.7162557452787217
0.5099067398671373
0.6293360457646864
0.9721474030934861
0.7225318138333938
0.5504014258205701
0.7991858777001657
0.7300387222912141
0.9563055880779552
0.7479438183962372
0.5884095687049073
0.7829600483054531
0.8062998113465492
0.6078368246422353
0.8563161836687838
0.5714138663590388
0.6990647204137744
0.6223789799470287
0.529221611372786
0.8420486080637566
0.9979532176559178
0.9544578912865935
0.6721858757456769
0.9549476846446865
0.8738976479024335
0.6339603018705962
0.5245906390963746
0.9135345142103591
0.7477977988950366
0.7061386599363779
0.5176838578231484
0.6716693982061599
0.8771243156322363
0.986100731357898
0.9744115832857005
0.8464969817362163
0.8012214813823856
0.5844497874580217
0.6003936929691647
0.9897077532025577
0.8649660534260027
0.7119080819695652
0.5648551491579383
0.648613026622674
0.5323808531347178
0.5538301973364644
0.7733685468021179
0.9715347556786966
0.7976083601448313
0.5398965235754845
0.9358396365410009
0.833253954767514
0.9105288533456637
0.6989192417071977
0.5823765338950424
0.8028211483760197
0.9004538694774937
0.8245766804295995
0.8644652711254341
0.7104747394670023
0.6779492348709746
0.9032303051747995
0.7573949240797961
0.9660023251004715
0.9410235715583264
0.9221556857573692
0.7782258130270312
0.5628679261598739
0.8972030815832521
0.9246818446041678
0.5502731056161878
0.7348731720700601
0.8222202217874288
0.9428675399255638
0.8637492402438127
0.5329317245367947
0.7352881695893508
0.5159930080429829
0.9434378725756837
0.9216331203617414
0.6892202740404857
0.7441726715245329
0.7484271475486997
0.9859024537528509
0.8428957976915279
0.597129804563342
0.6858607526921072
0.6709144267918505
0.6805568969757054
0.6023341864480349
0.751643389213722
0.6989035040731946
0.8901897220358908
0.7993004226114028
0.5567473438198094
0.8132427770674466
0.5408615202112752
0.5373067070415156
0.6358382737105358
0.6195678493596342
0.7569927115065826
0.6417199884093667
0.5249574157994765
0.6208886210103055
0.9732289895433962
0.8185371402360198
0.8186489625903869
0.5393119996822004
0.9350452898251005
0.5760046968348616
0.7056993197606034
0.9855867054865126
0.845016410134467
0.6424071698787395
0.6017546098317739
0.7215543481375531
0.7870023639418695
0.6705626469197559
0.7814237233132582
0.7111797656212202
0.5646308421703113
0.8993057791794778
0.7618410956062529
0.574273714052471
0.7445085025582041
0.5379977380658921
0.5973830348517231
0.7936898671752963
0.8836688040188236
0.9431310744902063
0.5127589194163873
0.7814635055234359
0.612077174396199
0.7156830905391856
0.7787562367526533
0.9980739042877831
0.640415739321099
0.8461443125791372
0.8949079407430822
0.9812260543910587
0.7764400528938039
0.9467194602297859
0.8903647074636161
0.9261863333085791
0.5422884516714603
0.8212266614549757
0.879467946841686
0.6201240766462195
0.5013686437569622
0.6106328967150929
0.7535145580077894
0.9610844299367418
0.6710385786586068
0.6486339229914263
0.6481514202000678
0.959154031388075
0.5120737981010308
0.5146756512949237
0.8810465848764812
0.6852784578345772
0.6087125773565145
0.5021505134386441
0.9350510167747539
0.5685951261897408
0.627057443002384
0.9798314124034391
0.9459629926062716
0.9529688601225796
0.6759163401244617
0.8566778416776901
0.86093846895651
0.6406243776392113
0.661042546270858
0.6139835909057894
0.9491889278581116
0.6588728753757103
0.680123557883835
0.6567590603520925
0.9806844617637079
0.5248556709283525
0.6175090351722352
0.9998836500731084
0.7711353461018735
0.6720130033048097
0.7580359282040661
0.6574979362832389
0.8688673005582804
0.8297381707054383
0.9161479496586213
0.8847396837847821
0.8387283619625263
0.9754661280715788
0.804680074497117
0.6697681715557174
0.8482646576303696
0.9804413887934575
0.6776078429186212
0.9724523154135944
0.6885924926289695
0.8278342443079303
0.9420227105788502
0.8016379939514069
0.517497514386982
0.7042568428277985
0.6198448122898454
0.9608878044250617
0.8614000248398213
0.6597175445064406
0.8183404059245207
0.637213543216673
0.8041585758144112
0.6513168045478517
0.5481476298664993
0.7155462576000564
0.7172552388651776
0.8369370332760893
0.7720337491893045
0.852834428426551
0.9374090951976695
0.6294100502652056
0.9978647086164556
0.6083160625691506
0.9448066323971348
0.618841347430303
0.968530107461798
0.7036352651242215
0.6541379003377656
0.7665543570542614
0.6783022684048359
0.8037861850720056
0.8323211642579069
0.8256858819718886
0.5859244762341325
0.9623766870264314
0.5228303149434366
0.5033553603736611
0.8044793331214019
0.8149113983044258
0.8898735750798159
0.6901973734961144
0.5449421581454124
0.8758328783582977
0.6015556129332682
0.9262261942900372
0.7475147280834371
0.8882945520827769
0.5619085106545538
0.9611361269185417
0.8598267019708767
0.5921071437299464
0.9090063397588177
0.6712737652801273
0.951500168182627
0.6024741972147969
0.9464171458836292
0.6048394261361341
0.91475492014118
0.7416726984861159
0.5005085003746509
0.9750426055568164
0.7846602856002827
0.8942075951576594
0.7910072230721259
0.7160124629976219
0.5067486059817703
0.510902804715947
0.7951419423913691
0.8874880726721333
0.5009624847935991
0.6000688877781319
0.8869240686581694
0.7470565359181829
0.7009545501740507
0.9374896166308544
0.9199385147332255
0.7085357582560923
0.9165717555201227
0.9611567376197212
0.8099063976537836
0.5343312347574982
0.6540448916128598
0.695411553631504
0.7990973879595166
0.6940645439562999
0.5422014424737839
0.5973797237104443
0.7032538170757219
0.976994767306526
0.8549250926991967
0.8262200622908822
0.8878059964450595
0.6845360839416684
0.9611195926536003
0.9657586319851548
0.9616965741161688
0.5982331854625544
0.9561076758957001
0.9854730535502414
0.5092939925730219
0.6462729859826299
0.6024652726678863
0.6194181997685533
0.7573983019064554
0.8550849312405514
0.7685554134869301
0.885419498286016
0.7437702956529277
0.6489457411306765
0.8572574964287176
0.8641891024785346
0.9390026014282827
0.7541513836046716
0.9868982926218339
0.581300975898004
0.6506696698753955
0.8230360394668117
0.5700194624318002
0.6591250082739288
0.5273609038350114
0.5240393217187649
0.8663219023798283
0.7747939058749029
0.7642438436203363
0.8425171542493948
0.5228377670073041
0.5260091999762551
0.7445933605437611
0.5465121828352641
0.5038842410171905
0.8529563870926871
0.9410329737948686
0.7246363417633623
0.5719965788439052
0.5675724672222465
0.9204054805841884
0.5117616598044816
0.6091888690598246
0.7435170472971342
0.796372239248113
0.8996724152990471
0.7857524892464905
0.7251114370127982
0.8872354823087967
0.8477076642554964
0.9825852282459641
0.9038299974589437
0.5457647603378725
0.7850257730614232
0.6548983273635569
0.841051415421965
0.5367252991393938
0.6827785491336287
0.5464003924840435
0.9759043993221079
0.8212618401451715
0.7501399073354615
0.873176283964588
0.8218058555214491
0.8286904867758846
0.5492043527631261
0.8255511954912096
0.9624212788368247
0.503098598369899
0.6000419938228037
0.5364310231584619
0.631121660717261
0.9740642382052722
0.6973034210364202
0.7057149839008346
0.9375703278445267
0.5205289847249317
0.778034082487981
0.9101435577552509
0.9762963883257323
0.6275682542552999
0.6231719989283228
0.742729625968952
0.9956718578799091
0.6348347852528855
0.8815467367848292
0.8902134919550286
0.8565846287940995
0.9929261652933328
0.6775123141103221
0.5714340972380698
0.8769908587108998
0.8723796775193573
0.7801878129610148
0.8240241849313051
0.5375150865195742
0.981676508799163
0.7719586527958094
0.9999451688929051
0.738982828783434
0.8623951651648034
0.9378247212173791
0.9555486943896438
0.6886248037196736
0.677413907076883
0.7233767112271918
0.5821260534711896
0.6134855359522261
0.6828274648188084
0.590185088362241
0.5943751046499859
0.5049453295775528
0.864431552022048
0.7964375954783447
0.7607196183280265
0.6684498856993055
0.5055042282532927
0.8592136776186576
0.639821135932223
0.9826588055499397
0.5125218565413109
0.590622962258104
0.6588097316798099
0.8452542202174973
0.625896014790396
0.7259623288555542
0.7163342164141198
0.7922878899540502
0.8454657360862483
0.7298080776969085
0.7913166164256367
0.7933679313942839
0.9435819723729262
0.6517144833306865
0.5468564147884387
0.826925626616258
0.6023955449249915
0.7478085594094592
0.9866444679304622
0.7137820465134478
0.7908877103366219
0.6345620596720296
0.551334620960991
0.7392524678596384
0.696341226896374
0.5630430822625261
0.6229343390322828
0.836406009919771
0.5677841303165918
0.9461055121580246
0.825459425981333
0.5411272088299348
0.8710302479916847
0.9674576719786159
0.7058437384160798
0.8838541278124998
0.7700502998195947
0.7271733053630263
0.7648610806285139
0.6455077223168716
0.760651863299032
0.5182917353632933
0.7415337868304646
0.626264991081755
0.8893648573012868
0.7237338980539816
0.886503233287911
0.7932774035680064
0.8300327346163607
0.8389468224620384
0.7394340738323779
0.7177813105206904
0.7533693157556443
0.5965694775614498
0.5531891904842922
0.9733597114047698
0.9505010957896489
0.7375066937102697
0.6787472178523274
0.6061629217470631
0.999357634359398
0.6338536457098927
0.5580180297610078
0.7901095499398652
0.9782386340254425
0.532257026615506
0.7033248903497498
0.9878495471470292
0.8752096441877566
0.8508333034205657
0.6562344273397505
0.871324407752089
0.9528383521107056
0.6732791335002823
0.5376442468855565
0.6866453165593717
0.5779013959040797
0.8331127337758475
0.7380435776586112
0.979049768166416
0.6934645062238266
0.945941514847179
0.7728156924489651
0.9736974642987808
0.6905424239805167
0.5675369646514439
0.672560294683173
0.754491671244253
0.7055968680620859
0.524924542266664
0.9310556537601784
0.6923850773657235
0.5839271120427014
0.9499853383386334
0.7625452364744498
0.628623675227874
0.6906833100626093
0.8638750290137585
0.8780032989270586
0.8637691381727277
0.9418543925137828
0.813825863327161
0.6825774803470941
0.9749084530038405
0.631743254070595
0.9953436318033752
0.8155388174318846
0.6711385433405086
0.7189390930471099
0.5697827643837079
0.9914544591649983
0.6038947171794007
0.6915398680381448
0.8800947330831275
0.7058471191802513
0.6986633476798444
0.6689771143706397
0.8123388713701577
0.5548062419039781
0.5585889603189571
0.9901583946209149
0.9147065743936534
0.9416297851212538
0.7743839586957644
0.5796330678521364
0.7933123343284134
0.9630649075010873
0.8369569909316945
0.6180539742420751
0.9471316268074024
0.6378165448082169
0.8299961638341797
0.9192210451553089
0.725734660169405
0.5229206822793304
0.5797345823673833
0.590410841502962
0.9884290743021321
0.7406635794409566
0.8146534535531766
0.6288875697100571
0.9909775434283046
0.859561551191539
0.8203893617641729
0.5631246243851242
0.5054774851062206
0.6198426742801894
0.8666859021042492
0.6299000005175734
0.565001011895527
0.5634869651391078
0.8537408940143552
0.5684388935125738
0.9861310719405463
0.5159341178344318
0.614501438718327
0.7255596458420384
0.6064255411274873
0.6505913119690119
0.9470565679431409
0.8385170806889717
0.7184800186322399
0.7807518520723362
0.7274980324161234
0.6243301544415174
0.6651154042874634
0.8572591257751243
0.999713416076357
0.7692654777916353
0.5146725914853385
0.9702890349409012
0.6656455499935642
0.9664359396700514
0.9361395385794733
0.537354187638446
0.6193418104029254
0.746306864161544
0.8415347279553612
0.9370292170288821
0.6568202046968126
0.778162490862936
0.8374567959921868
0.7798178383813439
0.5432922218656847
0.8856094271669754
0.5934488925196278
0.9823145911498874
0.7402727919053003
0.5994783126688554
0.5657190133585989
0.5469672396640948
0.9356694543830737
0.6097339634193903
0.8817039915672453
0.8802687185963352
0.7590472051145488
0.5420518858503849
0.5446399314300066
0.9991307601176875
0.6312003315874013
0.8333627265895631
0.9805622590155204
0.681061335287342
0.5631688915186017
0.7826936524307911
0.9032802294745508
0.9401800386234549
0.6421067683305102
0.6919741295118087
0.907644046348197
0.5680724095879063
0.618825404573494
0.9397360155534152
0.7147663065604732
0.7837648993909694
0.7809642457745014
0.9318006676842435
0.8259677156237208
0.7543185722413123
0.9489348069431274
0.7116623961262561
0.9004938098512674
0.9665349177249785
0.5346733515513966
0.6238184796581736
0.6885894212871546
0.8828660469696592
0.7210465421540172
0.9344589072074336
0.5985448250479473
0.7785932264722082
0.5365893636282515
0.8978870066461944
0.7707121185568628
0.6247211307563819
0.7551415063422403
0.8319681344462173
0.767634596975337
0.5602942648912383
0.8941369354414161
0.5465267681400663
0.6989614142663008
0.8790864571363008
0.7306702013249101
0.7222356374298732
0.6826430266923661
0.9393495689662268
0.7551086941745822
0.7328603885193834
0.8149974001806737
0.9653577996023084
0.7655087407859373
0.6823591242559524
0.9320434152679412
0.8727571356774968
0.8675195859653573
0.7378414404855299
0.8612598848790538
0.8053688556194123
0.504677560376779
0.8396592056519601
0.5770813145389264
0.5041283512443797
0.841003652702968
0.9329506346475308
0.9996056827315185
0.6051332802907201
0.6779350061509497
0.5770743843045727
0.8832587753827499
0.6373024002134685
0.848594964362415
0.738107964986058
0.6357136767838361
0.9065731201512846
0.9872526762532842
0.7472692538391521
0.5262494544651697
0.9294644996666372
0.7661401863829828
0.810447229353213
0.8347467842022414
0.6624030731725062
0.7742635291499904
0.5883634648498794
0.9532702165368161
0.78802304404834
0.5886187989959814
0.7738330563980483
0.6664391021506155
0.9053488032025706
0.5742376043721606
0.5089737220744919
0.8956154751426229
0.8004253784975699
0.5439301128476066
0.7622336126590543
0.5982096865243919
0.5441055731563942
0.9573855987784452
0.9260770277087071
0.7120809564609294
0.586693635085699
0.8920341775613587
0.6779700243161333
0.7071124143038299
0.7610007827620221
0.9254158764555105
0.693932607605907
0.9390968498726552
0.5698654452309658
0.5373729931153911
0.6033892202211698
0.6809101409379954
0.79335362245845
0.7830311493453959
0.7088018437869117
0.5142091724022001
0.528580125589903
0.7427176174787721
0.6337787017214046
0.5463304141686671
0.639109361088352
0.9996302913015305
0.8132754160169282
0.9537398593930968
0.9997125975845893
0.6971777696707363
0.5261234494423179
0.8083705340817704
0.9492802838124343
0.6501527977296422
0.9215907018316016
0.7175672878472401
0.5744356985959548
0.6811206820126644
0.7112403902405033
0.5771966242981798
0.5595676715261229
0.5855027688592154
0.6664873975298101
0.8361674806354495
0.9741423358081789
0.9080735465668801
0.9488012905588885
0.5133829218491093
0.8086326882002284
0.6232908759458056
0.8327101633706753
0.8243578073991906
0.8970491957408946
0.7801091466999335
0.9790958456781349
0.9037697268386109
0.781168450297707
0.58934401357093
0.7916287428935439
0.9094811949084227
0.8275576349122327
0.7052249528456793
0.8022004257522954
0.7214454480105581
0.8951758148960687
0.7313969079140772
0.6743897841275422
0.8171526451381353
0.9132418358377574
0.5874609741548127
0.5421921272200207
0.7892735629666073
0.6755279537680488
0.5724435820371033
0.7284874635579535
0.7382639588691516
0.9223902117218701
0.8984489104582212
0.6242765644342386
0.9899449235781042
0.5263515571556887
0.585756853056941
0.52794608829553
0.9098886153957706
0.5525168865892551
0.9097837787033182
0.7768930186954754
0.5960244217012566
0.7009992449762671
0.5419596432850478
0.8072762376301034
0.8172987100887302
0.8235994237762734
0.6308111704387095
0.6067873420355441
0.5211184141614668
0.6619141055390105
0.6855566572543278
0.8173644186551671
0.7662805154150825
0.8890281227426173
0.5348753532997415
0.6380540054403014
0.9717362991077938
0.7842206243354397
0.8475546830846916
0.8842672824299106
0.5131010085287047
0.6989552085364308
0.5034231760770485
0.7829842588490388
0.6513451865358308
0.6658717255369735
0.850903128969315
0.9851873565007355
0.8443271571013963
0.8397951299116484
0.6563862388325641
0.8004570374918195
0.7271378733991214
0.9946039944739877
0.5942207790973519
0.9267289192699144
0.5511120667704708
0.6088730800502222
0.6645145609344818
0.9773500650094623
0.6794559216535546
0.8491033018841616
0.6947509874085873
0.5417514423074293
0.8719385003899087
0.8698484908988382
0.8772812302892581
0.9944728872596624
0.5691120854521623
0.8554892040506678
0.5378775763220602
0.7688048260978531
0.8020078553917778
0.9913988870310411
0.7720480912397558
0.8310578998379801
0.7617051313621361
0.7265210337196943
0.9984816842658348
0.8538365755208247
0.6035080828149981
0.9362740633769555
0.9249768059677195
0.6876016822987634
0.8450394135904336
0.8742281212132691
0.8293026024756597
0.822377967236223
0.9159130059719343
0.5115941569137563
0.8218244035689375
0.9537705079079449
0.5416236655407776
0.8598122139798816
0.5583456872967145
0.6004041922282685
0.6743806350714379
0.7531181620513331
0.6965151174189209
0.8727311487768864
0.887746770909104
0.5125452120526001
0.9781540744363193
0.7822538068358362
0.5533376291237869
0.8563480349060233
0.6559439862145362
0.60163272665954
0.5858146660070741
0.8473650437871876
0.8180972437128697
0.6653810229300169
0.7570132213685355
0.6084303833126277
0.7692544934101355
0.7948514900119039
0.9053248825548712
0.988387257252179
0.5820600359141741
0.8155674028635043
0.6008340206449057
0.5589210355029671
0.7882254604553995
0.9605494635326022
0.7774507607131174
0.9777355103795087
0.9728653272562215
0.8610441240381379
0.7356377684073075
0.9217570180018186
0.9155790634535608
0.6242171572138869
0.9966184384418642
0.904003421052215
0.5235059546394103
0.7604471880385697
0.6637577775737233
0.6795264589901602
0.9951334889533614
0.8275495199192695
0.7354775869297596
0.679684534466908
0.8735214127603244
0.8650013144056033
0.5518793927991769
0.7704991356458946
0.9173525379086889
0.8907291198676799
0.739283628666471
0.7866820989779939
0.8620728002155853
0.857063357424251
0.7975823633608226
0.6836401103995227
0.9335838242182184
0.7064200440420879
0.8885797951474416
0.6717305060270761
0.5606892672715598
0.7524187080524434
0.6006422473793349
0.9580637509139961
0.7550435727875034
0.6139301683138408
0.5589866457367998
0.5795570772830592
0.9369008062833432
0.6274887872834285
0.9940558036726874
0.7357211227478753
0.683596815572693
0.7599011870897816
0.5115349774067076
0.7577800907258019
0.7542943039049954
0.5832323066296079
0.8726814972491915
0.5899026324209937
0.9101329084867427
0.641537115344643
0.7128676780679734
0.7369668545611794
0.7835792208976158
0.6743351810927245
0.800340087093751
0.9730052775762437
0.5764309452469313
0.7321727631637129
0.9614533297389275
0.8708562958120873
0.5328737863214812
0.9619410614965633
0.5704255853648023
0.6764908322167381
0.5101370409863931
0.5622878201832536
0.5717719418898681
0.6022616611987184
0.9202315126439395
0.5241357260005672
0.9391076859891239
0.7062797173050608
0.8046296099638709
0.6621723505834634
0.5783732845558083
0.5242380377600273
0.542104032764181
0.9687078796439488
0.8888495939439955
0.7828167349194153
0.674096565377726
0.9997352416017875
0.6643445671297987
0.6020647869072068
0.9896448852593551
0.5779746350226445
0.9397055038025117
0.7695752743348105
0.7481253856152079
0.5722197027447591
0.7669729526327416
0.7310811175506005
0.704516685329799
0.6367288002035822
0.7402230371781653
0.5742332553985992
0.8103014622639142
0.6173405348400568
0.5393838012771441
0.8909739925412609
0.583706462345063
0.6303458363383567
0.8935825441041316
0.6772691222809654
0.5514148065484791
0.5827608876613439
0.7191127734544898
0.9598637600040909
0.546507317184596
0.5392557815620909
0.6739395412520612
0.9899803440713031
0.7111958576427984
0.7559748778439611
0.545508941947911
0.7858474699729416
0.8458767524966813
0.6741083934452741
0.8153254210202581
0.5402005927595188
0.6865945340831519
0.7365980195444788
0.7329842568187983
0.8369373837042772
0.9724989946873228
0.614373999387452
0.8983190075231451
0.9325522985329278
0.7291595625563352
0.83138838718042
0.7195088365686992
0.9086992502813317
0.5182329116807005
0.8548831246563509
0.5446676444133807
0.8662346357065214
0.9105097308747707
0.5068562859936697
0.5431342416876804
0.6363405270768298
0.7139102405830098
0.6909446097540273
0.8630020898735019
0.5676123831904668
0.651577018686876
0.5938873215170087
0.8643109039880593
0.9669939273847427
0.7884334214940238
0.8272179308388415
0.5929542456012772
0.8034047366551897
0.7666578098734204
0.8310429676209892
0.8610159529410315
0.6166352880834847
0.9076996858800802
0.8739544295245477
0.6926932872133769
0.9316575357473429
0.9661787442187604
0.9650156467744551
0.8906481914513893
0.8332263026696756
0.8115350970556492
0.5346461495677609
0.5669566298937223
0.6237316437380951
0.575608268750557
0.9683607756641892
0.8928920066566008
0.8723927476662248
0.7885732406715165
0.9237399795894783
0.565797565356092
0.7157847016123003
0.7752651060877513
0.8033573374821239
0.6855597623900874
0.7916266668019374
0.6684582318065047
0.5520900311732572
0.9810610579368262
0.899912581237379
0.853252131047781
0.8700510572496138
0.605053843598635
0.5770451907179209
0.5983358241442804
0.6459114951816671
0.5240563085581015
0.7694722564548138
0.8396924149181979
0.7432012533619374
0.5449397402287313
0.8698374371440294
0.7861445478139648
0.5465526624035819
0.920982584287165
0.6127048407748819
0.7674109437716288
0.8995012527083992
0.8197280934243886
0.8687926985042307
0.8820660735113864
0.8012687837025092
0.8361393651956961
0.596717920069722
0.544095804794212
0.9369272937159366
0.8447693100014526
0.8798462670826561
0.6193622433165008
0.5679456228940118
0.6145373902875324
0.8952968782362589
0.5583388618884799
0.5660181568985634
0.7887975982185171
0.7153204066570751
0.746956645879692
0.7460593853178243
0.679072268764573
0.7343037394768555
0.5827762839606855
0.9467818660850497
0.6957802191212565
0.9762532422358126
0.9561188288663212
0.9369368310663759
0.5920393238499142
0.7256980741818211
0.6395709036191026
0.801180602158672
0.5529095523867615
0.5928161095658007
0.6774508881626966
0.8425411282240134
0.8111445935739688
0.7149440162075209
0.793260882981061
0.9553829788504833
0.6798085318802634
0.5249312570733434
0.6157425138965098
0.8820357710972833
0.5927522432424899
0.5588793963767883
0.6606459607512267
0.6590299443877135
0.6762131103461442
0.6317065235102759
0.5342567256261436
0.9115172395144673
0.836988684411603
0.7488595637544897
0.7597674081429019
0.9412867452403755
0.9910790256654607
0.6449450182573595
0.6207799903145359
0.5043198377528978
0.7714767613003275
0.7228270365978637
0.614270363984941
0.6090418074770356
0.9150034604928483
0.8944252237624495
0.7707701640462022
0.5877130298579136
0.9815371226817406
0.7901485388954591
0.7896799481968031
0.6103482976714831
0.7320459452657303
0.6542042394535281
0.7037720847284878
0.7003488202999525
0.9100553482541377
0.7767520289995009
0.7644755804360739
0.8176573957902755
0.98947382790532
0.5210598800800363
0.688777741016085
0.5659952793724405
0.8161118993349292
0.5032136823535869
0.8806865748684758
0.8728416654092088
0.9677243825450227
0.6724916930016561
0.5619254661536297
0.8364786660471564
0.8632173893330302
0.5438816849372206
0.9719439500945245
0.8921538234397113
0.7863745264762729
0.5549242473122775
0.6659943529935308
0.7597203302296173
0.5240417073633967
0.7509601374780703
0.9727847679367608
0.6115017385183907
0.7852506192975865
0.9447764969357147
0.5895702625297703
0.5498153399808073
0.8331447643348977
0.9289223104937354
0.8334199135146383
0.854479866044035
0.5616921937745236
0.7455279481430106
0.9131996062276322
0.9908163138620849
0.9403333712949378
0.8521446096916085
0.558935760237316
0.9638047525444251
0.5196535645381909
0.8484266324377971
0.6129644831798453
0.7729452067831403
0.6556934616166504
0.5829478263028787
0.9015024887140272
0.7207304754988282
0.6531627806229539
0.9828648149099313
0.6052606277986338
0.5212153959567892
0.5791813938772223
0.5035362982565257
0.6227976726950577
0.5833579973849469
0.657608885943476
0.70792110783891
0.5658137025390726
0.9875523797838597
0.7848660544623025
0.6816867041742802
0.6088550813997853
0.7188319221570201
0.7727661787168743
0.9882459541401551
0.6503368472858087
0.8097778577425971
0.9967818800679713
0.6466118311556746
0.9564732845874753
0.5518167838460799
0.7815447071150614
0.7000592461189544
0.7796416145220895
0.7553371770000823
0.8734970086681446
0.83951576211283
0.8659940041117169
0.9076054467271275
0.6759540383312947
0.6771623139689249
0.57731079743722
0.6922638617094405
0.7227274666316137
0.7298655053632106
0.5814490087928537
0.8726170045493743
0.6271228674587255
0.8383994133092019
0.6683312294078416
0.5505569426982824
0.5687654033325902
0.5192128074295481
0.8655341466160325
0.5699899120211583
0.54836022049064
0.9213764871751216
0.785161105286786
0.8257693007597577
0.9098642350887838
0.9748697544479972
0.6726152689180893
0.5237309657917477
0.8366844873681784
0.9329776354659072
0.6266524309836881
0.8976430166976824
0.9337803349378276
0.7990570723627664
0.8778303172649513
0.7843805729126141
0.6866003634580151
0.7609124307491705
0.6237776612753263
0.6109094271179748
0.7221133725594477
0.7654332845474923
0.816796358274253
0.5109645686558456
0.8714960414046131
0.8354439190220662
0.6266355345893235
0.729425960502603
0.7228017169095271
0.802239629935937
0.9665699165611324
0.6691376585755733
0.9868584355959166
0.6741867471365932
0.838384138233565
0.5544666430612865
0.7754839862906538
0.6697432432612487
0.7423407005583018
0.98694080336361
0.9671645808643814
0.582907504188479
0.8025088582095812
0.9798461334322902
0.913449201221959
0.8071027657605865
0.9403418676720127
0.7819166611006809
0.755466639608046
0.8252853819044944
0.9588604054856303
0.8474660950986141
0.7336028428921033
0.9189419134770425
0.5127448025280716
0.6965304806843556
0.8462548553084717
0.690073977489579
0.8901233520247442
0.7568056833780799
0.5417811046317849
0.7975091261567201
0.583790667075757
0.7449453396322419
0.5972934069755871
0.9065032987206009
0.8743409158675898
0.6647138715969722
0.7633006028331931
0.8844255640292707
0.6188113548192874
0.7877695264868335
0.6901130305697267
0.7852588615989214
0.6172722526643346
0.7714162587360429
0.8462556362515015
0.8029207856215339
0.94998716073107
0.597211058327274
0.6164601393484402
0.7093478101633498
0.7180121759293002
0.7243145240799175
0.8654650786230208
0.6934388588794522
0.9375721523228683
0.9746329307503047
0.6910877880573789
0.9346491820687184
0.989540103659968
0.6422291160421325
0.9235447288082658
0.9135452687052719
0.7042849786657057
0.9647770530645492
0.6429303605565596
0.6831311173023507
0.6142616194560993
0.6529051454591008
0.7214797302991998
0.9123909074660419
0.5638207280274667
0.8691706470545997
0.994902897025631
0.6656497267146388
0.7694024389528324
0.8173164594011819
0.630756990109766
0.9641791280793912
0.5488735645765347
0.6895959687594837
0.6719507843980389
0.9228396735344279
0.5500582005368011
0.696386524825648
0.8569777501730551
0.641839070322915
0.5503593816320286
0.9095400349248924
0.7518037227529617
0.6873878030128626
0.5520884009229585
0.7530775901078661
0.6321097243674038
0.7623270301843381
0.6391967066891371
0.8646967307363457
0.6100626418105561
0.549420576738292
0.9772975117117493
0.861962926723111
0.9508260513312702
0.897881352758476
0.5674612843909768
0.803346302115509
0.5242303481105741
0.5413769315899964
0.8013900071105489
0.5263699629920989
0.5896868592901598
0.6265264527345957
0.8537694960708898
0.7145678911009309
0.5906961831386667
0.8097398225767931
0.740440201915765
0.7480994675249457
0.9421679670509739
0.8606611456063704
0.7400111083833696
0.9872482821755793
0.7254788246149455
0.5440050594747441
0.688238076533437
0.6466650728341361
0.7384838854656383
0.7241598532543878
0.8113562292217024
0.8034564390685256
0.6905232056312002
0.5038340237859211
0.7355598894200623
0.6053877712785276
0.8098335673579167
0.8654335293821691
0.9530384956858804
0.9994062540676294
0.5436347599662923
0.7330222653148775
0.6453947925815082
0.8132378161159051
0.8342372271262742
0.7760435408472313
0.7175427268727861
0.9999123162565117
0.7444347706291268
0.8827869531725667
0.6033230173385025
0.8952317309963584
0.6057881987810334
0.7215224770252343
0.5469347798854307
0.6995563697270573
0.8718364544027124
0.6122147272272592
0.8604593858418139
0.5717445962953196
0.9193416673595229
0.995648341820372
0.698273119181205
0.7178389836802643
0.7896639697543746
0.8026161410126165
0.7434724000521671
0.5545819534158478
0.55076590987458
0.6701759208162588
0.7476491601663804
0.6969971813881681
0.8211993312827404
0.8480301125778724
0.6559661493215188
0.973230768259133
0.7270969080866143
0.560976534903657
0.6781294697269811
0.5161107647982474
0.5629175576646923
0.7068687701884908
0.6892763851287855
0.783226594901569
0.8167596876121065
0.8886777962407766
0.8608035191233174
0.5192221687615741
0.5227847727305284
0.5942102803821808
0.7521119968291234
0.9975688328637056
0.7797031149164255
0.6663793149142229
0.9989336102467947
0.9804876104038788
0.7972304283241461
0.727852592651888
0.8167838714667535
0.7289140355782988
0.5328065347413817
0.6311431671224508
0.5280227464219286
0.7506702796124736
0.9282326866676669
0.9744138128049403
0.8143127452724368
0.9128998457740108
0.6642582968918089
0.7993463641680779
0.8000969367058973
0.8513732764043935
0.719938684222581
0.5701720679277161
0.7652389568736279
0.7724252410323404
0.7659866917520082
0.951250803334006
0.6995755967719635
0.6439781123382198
0.7147225244232609
0.9730283242416609
0.8420758653791874
0.5790164746195087
0.5496904842894903
0.8932051397905469
0.8809530857982965
0.861729241395808
0.5967112139592803
0.5268379369270962
0.7207504334717343
0.9651679663927921
0.934689063667159
0.5811447507330149
0.9278208064528082
0.967732543474004
0.7390037323517511
0.7385626324950625
0.5814011011869055
0.8265332439559475
0.7992741758687563
0.988571487032727
0.5731802802739021
0.7094291284596904
0.8346793454259109
0.7786071682725735
0.7237627673699885
0.8805624929044273
0.7946208950333458
0.7892783485285166
0.8175297032294491
0.9358366930871702
0.8488863249064582
0.9262149895461051
0.802038372653186
0.793660257307343
0.7883840230935013
0.8775854280668731
0.5390263487524609
0.5937153956326531
0.6707195223423861
0.7422747451620941
0.688349854587941
0.6212478373679731
0.916204704857081
0.5443480054233283
0.9915343187609501
0.8631357283978748
0.5519389734181339
0.6916695563906607
0.6543437670154477
0.8468598538755834
0.7638498996982177
0.7155124977330487
0.8842149899103051
0.9932176143439324
0.9809058876421907
0.9871942444078503
0.5760771414447075
0.9891755441727306
0.9494618989693373
0.803169583286675
0.7892774387824973
0.7633222971327952
0.6748987702263204
0.5738023636564129
0.9729093946007568
0.8717751271645087
0.8784627605857362
0.8362298678427933
0.8727504433116788
0.5884345005037686
0.7464347225883126
0.6660437429406424
0.5584329794622949
0.8512442411333332
0.6624759504811698
0.8609567070891239
0.9540841404592444
0.6680902356255843
0.6543251780284909
0.530356417239743
0.9879201832687736
0.5081083535948989
0.9393964449904499
0.6478434448395229
0.8848719962371145
0.8138722088959951
0.553705538265194
0.80463803591367
0.5485856361248291
0.7990473198376324
0.5293441906688408
0.8270454156758776
0.5918910627845504
0.7321997957931126
0.9603378932375298
0.632116570180877
0.6179065244243388
0.6229753638700721
0.8543335576945015
0.6014692554509184
0.7910543750176655
0.7559964626531678
0.7899469200684999
0.7508210007569518
0.56722054141511
0.7035740563011472
0.820899497763754
0.9389127749902153
0.9008727493772246
0.9703720506615359
0.8919920792818659
0.5661194736365973
0.9514831596032476
0.7593804502119847
0.6067829488552092
0.9416051707114373
0.9630619939784715
0.8462293641403397
0.6300087357746567
0.6363614974425115
0.6508943677407782
0.6039838848589576
0.5543824664809682
0.8449329885097993
0.5034314998609197
0.5250044627784909
0.727187782182651
0.6564338097657154
0.9578426938793347
0.5958579897397442
0.6601470496508375
0.5427397123065585
0.7072379293688336
0.6202999332557555
0.6951434100233589
0.5480888627969527
0.8691728443251434
0.5743949105376241
0.9315295085519757
0.6670358211162103
0.5364958574201633
0.7123835723051835
0.955922227815549
0.8477827870438605
0.5499064522586883
0.6525738584500868
0.6165811390803847
0.8288347811341683
0.6421757018962662
0.9598685291135562
0.5517903441365886
0.5483973127014125
0.855842491628944
0.667750765148806
0.6044395103934921
0.8008041696062937
0.8079063733657654
0.9296084996624858
0.8017822491780218
0.9627003455577854
0.651994720855588
0.6018332766902343
0.8771380166719589
0.7691913409806805
0.9017482935798429
0.867060726905545
0.5836460792037026
0.7527970796426026
0.5057477708469673
0.8374519792667015
0.9305061406431641
0.7641403640486117
0.69048953137251
0.8276701496193504
0.887572794041465
0.8236690206327353
0.6913616029912915
0.6584922834323861
0.7219100510239692
0.5084655124023403
0.5451160590807653
0.9386544455350524
0.8190836605830429
0.5126464194208831
0.5533647301193014
0.8038179682521822
0.8614490213399087
0.804933474454467
0.638579113607928
0.6481181475440485
0.7618642369210709
0.7670365143611053
0.5027320970859659
0.8812927815365925
0.8024727295840853
0.8141773075334392
0.658416115024414
0.646320689875449
0.9643808846183587
0.6643471504178082
0.7440909789252863
0.5408201715974509
0.8779007662073502
0.8136294655177623
0.5353165522284138
0.7364420966705414
0.5892422412023708
0.8281784165073918
0.9354263518435908
0.8508714988650992
0.7477105729003963
0.8307437572004468
0.6977344023211399
0.6004918805528371
0.5709217751012582
0.9206854066519695
0.6470553859757744
0.6787745621573633
0.9355643429607474
0.5450763017110619
0.7039531751548043
0.9225627802786343
0.6996859829744638
0.7887838926460274
0.6363390051314814
0.8686664755619873
0.6473511330958412
0.7378067615319317
0.5088354834353027
0.6821094429204237
0.9956537333424811
0.7845049262234269
0.9411479052983379
0.6914421075988657
0.8422932383241422
0.5797931914212544
0.9772952676439257
0.6101691934579023
0.7328331750580239
0.6365456419676798
0.9662338991397088
0.6034842321868623
0.8909517523801032
0.7533672956435408
0.6446682827001003
0.6752731197746207
0.8384978674426558
0.8707218981015521
0.8450806812352816
0.5791134112485431
0.5705745062358836
0.9381999335756988
0.5638004943295991
0.8230619698960686
0.9162238332463623
0.5967282543813386
0.8308807823638351
0.6035527195202801
0.5714464233626044
0.7049887397988001
0.8636868294912123
0.9108912598808063
0.7129962528262312
0.6108570911072186
0.7785732222353994
0.6046588094493508
0.5242456899559818
0.5972735744424762
0.5215779473191224
0.9473645552602892
0.7894672407292154
0.7148142341088115
0.6722526817182495
0.6343368338806363
0.5456911059200467
0.8055408410546631
0.5085699346934677
0.7544905442128973
0.7554189666187547
0.9075362462689986
0.9817207056998358
0.8339595995288973
0.8085349126402879
0.9406121259204057
