0.9762563133702006
0.7170215019907704
0.9180285972367598
0.9199693457848319
0.6591462044944578
0.8060651334210309
0.9888140542722537
0.708338535344176
0.8181609963077657
0.8115983006321801
0.628069801354203
0.9433466011386242
0.8543404899543813
0.5627959992736544
0.965512233535986
0.7907071910453503
0.8144381529009133
0.5526704838978871
0.8483525229054749
0.9005770732509382
0.6010470999544129
0.88580578569684
0.8373057752853617
0.6884474004833397
0.8812628272411589
0.9791278937964037
0.833473043182698
0.7002413673702477
0.7944060711951128
0.9158118337023087
0.7310843638701501
0.9168980984972195
0.8258118901473466
0.528822403972991
0.5143397963776984
0.7996244378888074
0.6160852299828086
0.5431929490788394
0.5565235894249614
0.6922701085422227
0.9635224184895755
0.52778487896722
0.7050682135192621
0.5428989552295154
0.535855551594312
0.6653276374302234
0.6524449187770945
0.9562358616260818
0.5072543825786853
0.6420237932351521
0.8409736506345049
0.5084917893384716
0.8369119639359286
0.7714085795774036
0.9863320683487202
0.7859955966437031
0.5253600595092456
0.5771139184101621
0.5441402479401036
0.792166746240142
0.5618520804612264
0.560415518613077
0.8657099204908285
0.9197542021860395
0.6848157787835021
0.6934045266803228
0.7266781823198325
0.8515568783354721
0.7698930368935057
0.6449599776999058
0.6027996599283215
0.7149256001380078
0.7793051785059824
0.9766605943686537
0.7298658838702639
0.9603434309173549
0.5754491647978879
0.845775915929672
0.6454408391697493
0.6367209264237377
0.9739647159963667
0.6025581036138679
0.7249087812107076
0.9061822217582657
0.7303367091000393
0.973347776938551
0.5271084373036188
0.9772731206663303
0.5903996908842168
0.6910031480075001
0.6443053613043166
0.6187439591701384
0.5647359309210758
0.6590609128672669
0.9216070729529766
0.7136547156062683
0.8544314153453691
0.9702915184642633
0.6053858228700104
0.5052304880241236
0.8305949999718097
0.5071044732898475
0.8008895072082698
0.9996006594074327
0.9894266593925731
0.6942948707037582
0.8854391630142868
0.8366651002562674
0.7557214705710276
0.7529622347274945
0.9172745826990453
0.8892785032110959
0.9688732768410127
0.7707081027108003
0.7546325748262872
0.9469920480696943
0.5155489901493167
0.67722893027456
0.8500011979914366
0.5788738299492964
0.9115794264630559
0.9821503506165695
0.5925725301822545
0.8594533051479007
0.5116648065952139
0.5931909660914175
0.8719902828649069
0.865947667618731
0.6689472943470238
0.6858796258970168
0.6794440550080887
0.6634268629779773
0.802112136739288
0.7494500921474236
0.6813193839162457
0.5213740862862417
0.509522926781098
0.5582955053971825
0.9982687610341304
0.7632936374256047
0.978719140482432
0.796664596285197
0.7083313859295558
0.9499942386590087
0.7146222304425516
0.8546782598044889
0.7480255069681914
0.8891644119321072
0.5865472190529879
0.7932632544710765
0.8930064099361118
0.910693860091518
0.57213003887541
0.751788404236794
0.5901402540852572
0.6945626976447262
0.7560469056128101
0.9931143901479852
0.7284099138076983
0.7899949041843994
0.5144292535716198
0.5196243438784902
0.757746614172826
0.5056947972802508
0.9818814188700109
0.5976789324930224
0.7103784951607124
0.7251319786535841
0.6578816476547615
0.6971114852535205
0.7519739059202775
0.6998301715749544
0.5501604689152586
0.8521049312137534
0.6036896029333774
0.6520355611194848
0.7873654613760097
0.5004757587699714
0.8470371100916745
0.6942372276311704
0.9857277213392125
0.7255144202866205
0.6462234500168992
0.7883713416120788
0.5942383199182351
0.8786327718841165
0.9643739083387672
0.9801872887837773
0.5869536982614234
0.6368611189069915
0.8813428603688864
0.9896336132652337
0.9624076551076923
0.9920568938133001
0.8174585469107504
0.9300421777827812
0.5340148459272045
0.9684603744204541
0.682593195757047
0.5841071145596657
0.907111127319661
0.6858545114878296
0.6843858611680831
0.7805914410020172
0.8825122882632463
0.6629536141054129
0.7156486049568732
0.7020938593185289
0.907811982263707
0.5061294849460832
0.500478473741655
0.8548020454390195
0.6792760829910066
0.845540526136997
0.6350628688631516
0.7362682272914758
0.6520009124725181
0.7824693935655457
0.979264573825221
0.9766676166879408
0.9031244347752265
0.7849231827050233
0.898703576755987
0.7302054846102526
0.645618035848901
0.584864542334648
0.8076015079745744
0.8960253778204118
0.7973254781336616
0.5660404910545195
0.7216387457458269
0.7850655239887149
0.7411298244404141
0.9683274135954972
0.7837069575196548
0.6866571074873299
0.8453513808101015
0.6253703197176801
0.6069954719432178
0.9166652514922098
0.7499066972675262
0.8005675681290688
0.6112343550812207
0.5809431849600561
0.8130899810612174
0.7748067367318888
0.9986657500131684
0.7949711746754269
0.907707086075693
0.7902728209657011
0.9824423104694298
0.505985513753265
0.9477273648241094
0.6367385181876153
0.5258074486388756
0.8212121050370875
0.5202673803606719
0.5823100066191997
0.8995682423711371
0.8683858828756099
0.6828757823764562
0.7656504011102458
0.8022775511894122
0.845333966583353
0.6299347830990096
0.5885819114142583
0.9076894911467893
0.6251516298813524
0.7297512864300748
0.6402616433846824
0.9958270666238583
0.8366372362437899
0.7873633181061913
0.5952182640107295
0.6739416543983818
0.5686147325054849
0.9517423029704226
0.9383210185735156
0.831176729403645
0.5751985365646053
0.5840443247018055
0.9842982621618406
0.868994996691487
0.587635325017362
0.9040613089650267
0.9976066199863447
0.5869735412687846
0.6543793033876487
0.9515739670317995
0.5781415880614389
0.7747979283757326
0.9327848957055738
0.7934687451239872
0.5518846038594751
0.5295873455582076
0.8232293017677186
0.6650146774294291
0.5413549824313617
0.5732959027363345
0.7506167281133858
0.6693777701709995
0.6474472104854783
0.5275198061788566
0.558709729381615
0.5176595667568646
0.749680298266123
0.9869568062983554
0.67278174038063
0.6386181159136446
0.5919956987540782
0.5698493501547024
0.5110395735438393
0.6186272534577228
0.8910146613517751
0.5946018003266308
0.6858870997851388
0.7730931653488684
0.5002730074527305
0.9026800942672557
0.606252549783235
0.8071135116093026
0.8480989160824977
0.921382905873823
0.9652113926675034
0.673155228764533
0.5591742421649668
0.8130177895086568
0.5661210111342911
0.5274607241062732
0.8601919735959241
0.7474959574867877
0.5633096548891601
