0.5059346216632059
0.8435301326800189
0.7020673559712809
0.9798287727179525
0.5991546396025538
0.5721049962103355
0.6734222526439828
0.7898883876016753
0.9367965094649705
0.5901415799884703
0.7366650731187445
0.8322205916941576
0.9125026149669639
0.5723295739042318
0.9865054986663162
0.7848247633132066
0.7195704900738269
0.9402807015746936
0.5112549803888552
0.9383085465495011
0.7341161657196953
0.9694311916309107
0.5922504457978414
0.7935663374842248
0.9937701892697464
0.5025667680140653
0.610313232727892
0.9498602286898106
0.5639865298999569
0.5682860497085539
0.8899899004861851
0.6904910686560158
0.5723401527716574
0.5464114931203207
0.7235380662447031
0.5400929034293999
0.5929788715956491
0.9648252589229958
0.5756890224013191
0.7778748128172048
0.9017915522627596
0.9455099875514836
0.7743571567068162
0.5580342076485525
0.9909756384636821
0.5124748512663093
0.614945739312228
0.9935678527349159
0.7061434464855304
0.8419521405481611
0.5859326291804152
0.8409715905414757
0.8413929906932418
0.6934781493625869
0.9783640078375404
0.7649996273986144
0.5638538262363446
0.7960849205186229
0.7209872425705339
0.9480875230136161
0.85991476050465
0.6357209479354773
0.7165310346433835
0.8633896358906963
0.7186798245436712
0.5964277713772603
0.8726840065594206
0.7894274015806668
0.5847458212007535
0.8043300166649279
0.5917698972722051
0.8623127247589956
0.9895543209292432
0.7688288641302137
0.716988524226009
0.5733631039059631
0.582016481551044
0.8555125504288081
0.8531617121730763
0.7839757035699388
0.8622631672298326
0.7352631609386133
0.7145833254623832
0.8354132327446829
0.8385830340614184
0.6988654706213336
0.6126024415933033
0.7536892470681427
0.6983960417918615
0.6123443609326757
0.5746140254760884
0.5397552109066435
0.9611771810737105
0.5177461508198635
0.5347269429493211
0.6294091052417767
0.522531293174513
0.9713586904100676
0.8197349557194122
0.8617226715402408
0.8037703731014072
0.5382328218692176
0.5915305776864237
0.7567712554933763
0.9599556263965887
0.7423333152393352
0.883274730655758
0.6578352074607035
0.7367665008184954
0.8130363552563185
0.8186687023923598
0.870024852146938
0.514369357262723
0.7395675466928281
0.7937160339582042
0.5269783951853313
0.6403472440265937
0.9759268605585538
0.5529698864156483
0.6467717255842915
0.5741196001018357
0.8030521201187413
0.9861152764476637
0.5916194895781757
0.5641420800269092
0.5264225811102932
0.6943595587077718
0.72539425491332
0.9443504703519465
0.7985616597083866
0.7112173038101962
0.9851886411252806
0.7096897847968653
0.5389466253598374
0.7875103128679017
0.5274755897655268
0.7220372310360417
0.767392432816517
0.5763327729210486
0.9103658406955717
0.8773077802519812
0.5744516389973978
0.6301892155728953
0.5132773626480897
0.9884654540892315
0.8652536379120002
0.656659670896406
0.7991945501951785
0.8839091471381214
0.9219681258930942
0.5916463334556137
0.8943076121499229
0.612458630600747
0.8087747390838502
0.8496428016295219
0.882459750613652
0.8930940620703718
0.535436412007235
0.610171574116986
0.6898172194667626
0.8387202165581997
0.8308036588654948
0.9158632308253298
0.9645094739550419
0.7141088437169558
0.9298786609040588
0.7785278824388135
0.5264232594175047
0.6148628285261348
0.5301648419417285
0.5727889374982346
0.5825880832363102
0.5444910640310512
0.5327650689224475
0.7917602313089013
0.6113963285245716
0.7305866560628155
0.6605924229750781
0.6441281467149949
0.8890820678202094
0.9369261766899176
0.6456506370733094
0.8275876672685957
0.7225624394038602
0.5694733073295402
0.8832876207628602
0.5584833358691483
0.7237466769161128
0.6431554324648289
0.7071346949071382
0.7746113448592384
0.7546459938101219
0.5057329335605216
0.602832646763445
0.654850863284675
0.9937447784268453
0.8480323021216088
0.6571633098519515
0.5033440562109166
0.6999760492469581
0.5723040105909578
0.9657483242187858
0.9206010565603708
0.6203666645748201
0.6005003510607465
0.7121164912154763
0.9275481928355112
0.518568575755508
0.991931680902694
0.5137623330203065
0.693304793407694
0.9323325769787544
0.8957606864896803
0.7068220145200985
0.7569105247506154
0.6001799688605447
0.8897601166499527
0.8292948990227798
0.7660431673142736
0.5124547031500402
0.5411513025800894
0.9532172082113106
0.7174672544648542
0.9060877737075075
0.9998066622843891
0.7900710678386649
0.8352890065414087
0.8138868059355735
0.8134749739600959
0.7750515967962385
0.7941326833583756
0.6241947837367952
0.6415912060165745
0.5558677652996448
0.7551769142791243
0.7869504734066504
0.8362092361978973
0.6043791434362862
0.8071209411476292
0.5241175894502637
0.5419380472774584
0.7153510091394322
0.9538429705683744
0.5276712251762545
0.7400034046380057
0.9956166741495385
0.9584337357225972
0.5900250146685679
0.7255093629450058
0.612856177805057
0.8126695900704486
0.7131485341021018
0.9366056717742755
0.6069717000516732
0.9227891890942022
0.6897651628947888
0.6801136413183547
0.5909731958987962
0.7725204312110433
0.7688325662060155
0.8698968058432089
0.8167975276401735
0.9508468712184325
0.7210570580077817
0.5609784494209111
0.8397781154024093
0.8612856979267542
0.6451270637288078
0.8028404645735415
0.7860591801697213
0.596168935561282
0.599997706672158
0.9267594983936671
0.8913536276850171
0.8715168482421468
0.6759523483234793
0.7522648025067344
0.8719669835491157
0.8315663303653653
0.5721217076970712
0.825743025176565
0.8758670160847866
0.9602936579065364
0.9486709365899016
0.876884667446425
0.6182117481903804
0.9238433878935963
0.7435609892505877
0.992169067225962
0.7194565420328122
0.6245877387282888
0.9036277224321418
0.9375576127387482
0.6316999761916922
0.5965492421689578
0.5080329815246035
0.6697271492360113
0.7551053631909153
0.7266836640077818
0.7714418201104222
0.5348910508568782
0.6823139588029161
0.6238812499633006
0.8861934323381556
0.9061224472968858
0.6282124617014004
0.7428036197354126
0.9816002717135273
0.6820586412757776
0.7257633436740976
0.959415994049609
0.8140931796933335
0.9784647713849906
0.6716314564050421
0.9951365182140388
0.516231860436992
0.8641895530007202
0.8946667080258384
0.7296070504802319
0.8875420765812263
0.8283114838933213
0.9239419772459037
0.5969375038076877
0.5689247427120518
0.9752778281356707
0.985412406892463
0.7777118247777601
0.5573389872993
0.8110383808208268
0.8137521528987236
0.8690936912576457
0.7727063848298372
0.7251922914207352
0.9969855964573444
0.9161073366984782
0.8169835719986076
0.6638838463416452
0.7602561811307429
0.6649505329194472
0.696927026966994
0.8273600614749905
0.6203678052132977
0.6746872888069722
0.6854780601769973
0.9788603773389571
0.5401797352850917
0.5368076678662798
0.7449146121463696
0.744507630837624
0.7102873182710902
0.9536913723596225
0.5542216833937798
0.6845733128555629
0.8534602365071577
0.6246852030935366
0.8171764833562275
0.5264666202576658
0.6323604302934662
0.9832260475890529
0.9301285992266788
0.7306698668329421
0.8841477890420185
0.5748322914045487
0.8702539768153916
0.5386847242473132
0.5132363923127456
0.7253500753117192
0.8905122449508134
0.5085483535017841
0.678657472940353
0.9901140254747587
0.8691620066326224
0.8755993878150861
0.7398692411233428
0.5315375292287674
0.5931394342573661
0.5843976980013574
0.5003823965765406
0.5287177696603655
0.7958598631766882
0.7496094464433164
0.9331028026744137
0.9291193905276804
0.9684812244448022
0.6245039126863658
0.5566750085566182
0.8430184961895715
0.9831864945446913
0.6356310779080591
0.6819742515707101
0.8109539221517992
0.8947771488589884
0.5437239665586315
0.6608909314293284
0.6916649165719468
0.8072792498748556
0.8742760992479239
0.7709246824973269
0.9381028897476398
0.8784797787085736
0.6260815122061016
0.7355191388553723
0.6950151050934206
0.9001981959062877
0.7972301560392054
0.7480822600326009
0.7792416703169642
0.5079230459917523
0.5435284024988138
0.8427360566513207
0.5640441456680525
0.6782637910915714
0.9156437279659803
0.9383603416192063
0.9105246871020642
0.7826496078322075
0.549447651815915
0.5357933350747572
0.833613744031487
0.8220273927479949
0.9996655721471355
0.7363858277628772
0.7451272049872467
0.7974075575589796
0.6466606499079297
0.6218428737284392
0.9562384270893367
0.777015129252048
0.803914491063511
0.7435756184451873
0.9929356622120246
0.6905497246437734
0.5167484345960497
0.580991595224418
0.7398749986394039
0.5884298166473511
0.9064494633376445
0.9703157402519622
0.9352994176211663
0.5032515450339076
0.7569696938123751
0.9372393401989445
0.5270031454014101
0.8820012997386136
0.6754504084584714
0.7523359608495955
0.617771394036861
0.5825264851287588
0.6735359340470457
0.8473178395245932
0.9787098727471655
0.8738570935552974
0.7993157075471412
0.8304254422761829
0.9560992317961874
0.6922205726537685
0.5997738004863473
0.5203991006034636
0.9990274123558158
0.5140256350959084
0.5007096452252828
0.5073530778036759
0.5731987764134439
0.8531582210933568
0.7668272275908281
0.584563818673369
0.7035149728326249
0.9912139687946819
0.777375210571656
0.9593041277159859
0.8292854332040875
0.9788267690300634
0.785194427657227
0.606787265475921
0.9262405858132721
0.9232297459655106
0.9789481980516875
0.5715408818252095
0.6739790079817823
0.8555528777733132
0.6722798635167759
0.7861462690661828
0.8050431071950256
0.7398484893945294
0.9115089697751334
0.5102830868487898
0.687351502090353
0.7630661923292605
0.9451373849572178
0.7868639002637915
0.9786594799380823
0.6385110195554645
0.6599427894315901
0.6210686299130387
0.8536995725900531
0.8106446256207944
0.5278669501475703
0.6978458452389962
0.810002823381701
0.5259969830355286
0.9576627232400083
0.6773923907676189
0.7946102889794302
0.600879430104404
0.6253920143339607
0.8117901374707304
0.6266495562154273
0.7517210550145867
0.6932654859845722
0.6193598252228563
0.765770636115103
0.711433244506112
0.7008728679934345
0.9673357800670863
0.6657238606231026
0.9575082812499258
0.8865697632543401
0.7168697579355428
0.7189790517511266
0.7575821944658523
0.5631785112318174
0.9539330447423604
0.9253485733776129
0.5930208776839849
0.8294892975766472
0.8722368767703097
0.9533452907813156
0.7024579836210147
0.6401842048797256
0.652098049747043
0.982818338503421
0.6493228150435539
0.7910718903596786
0.8761298878193142
0.9919075094020549
0.9937705452982422
0.9573377204382508
0.9467531562069278
0.932411954248195
0.8858882669218705
0.9235159859023683
0.5418438102715805
0.7585267631856796
0.5965709818254614
0.548566887655614
0.5936786723045286
0.6719856256991058
0.9781126296954294
0.7236480066208935
0.9768820664480756
0.8035745759037913
0.5723998122014005
0.7501694771309366
0.9886777557242195
0.7749928233979385
0.9961509854560968
0.987357763905147
0.8100221116425759
0.5939191586946067
0.7357069019935089
0.6451915701804312
0.9937611547477689
0.5430925627384059
0.8288566737546579
0.8871542623953577
0.6817592583017638
0.8742559802938195
0.8662015966528234
0.9097446053517932
0.9229306784235723
0.6162672710801798
0.7611089887603275
0.5212023156492074
0.7025073993046318
0.5393434033264757
0.8584230205255586
0.988459901794934
0.6589941844282168
0.8680378889623527
0.9591998809236375
0.8297290336670395
0.9259746544536563
0.7886587155582352
0.5505954437941858
0.7164671631190256
0.80930461991834
0.980700258391804
0.7211166110323186
0.743831373162954
0.9783327651809766
0.564533089916673
0.7829622358003423
0.5677388850928597
0.7421133572992102
0.6770276521315075
0.9276174959727403
0.5923802905714883
0.7604858660195899
0.7420032706197432
0.8061290315902148
0.5523051679747208
0.8005487516050767
0.5174034749071774
0.9735790758275287
0.8005498567631326
0.7001793707174622
0.9752930412728109
0.6354671423699335
0.6880910639135793
0.5977208325791526
0.6972219526802506
0.654995503487066
0.781804266952081
0.8665349489516959
0.5818920898422362
0.7988527555915081
0.6575942092016531
0.9786675352192409
0.5634890935245456
0.7463149293528069
0.8156329135114662
0.9226813956276051
0.758529091737949
0.6654748475894257
0.7516604416708518
0.99150141673254
0.7497799438517219
0.565378917537029
0.5261940216790901
0.855629502121172
0.5293043843729441
0.6261869076859213
0.7159684354960936
0.9772055381884601
0.7603814970510046
0.9675084858145624
0.9770107574622544
0.6240669844219556
0.5090206560795492
0.5087454379320052
0.799782043639363
0.6364591115101783
0.6480818732868978
0.790266250127599
0.643936449059284
0.6646272448278812
0.7234132302948183
0.5896916279597023
0.9811318663120674
0.6031485880243403
0.6639400728054345
0.643646030341503
0.5505254447231361
0.8077749760367731
0.7994341176153856
0.8751287103606353
0.7682560607090345
0.7392142852347134
0.537173600382951
0.5261342771692663
0.9784709968471388
0.5746233011699988
0.8569041710965741
0.5009336491995867
0.9245875333412563
0.9347696663562401
0.6195967340280151
0.722174942247144
0.6186363472652123
0.7361606470023918
0.6207499994994405
0.6115729906838667
0.60729625788147
0.8990640797834122
0.8221236275544683
0.8529267029719203
0.5627897115341786
0.9756671312720733
0.8340014804925657
0.853974621963158
0.5455989725609967
0.627807021612264
0.6511441268370504
0.5900755383893219
0.7300650898605907
0.6852808919296935
0.7686625410285314
0.5071936461716352
0.5530483380607794
0.9746123431901945
0.7076262005349956
0.7209457704781725
0.523469353080801
0.5865366999767327
0.5489639358991125
0.9187201826393964
0.590349121785445
0.9488929134790449
0.7628225152453582
0.6805105300608267
0.84159883361239
0.6851458198820264
0.8038546763368212
0.9628133747101688
0.5880078425331667
0.9990523310295217
0.6666770508459254
0.9614438034397998
0.962901813116354
0.7711773945055985
0.934617319014929
0.6714834467673786
0.903825416600218
0.5430373726558384
0.5217922042937242
0.5280848204683353
0.5188158588738593
0.8548831225014571
0.7142985275526017
0.8259502950262663
0.6054217574055307
0.5390807273264224
0.9073387579854337
0.9905327372088122
0.9114412023456671
0.9488887717063568
0.8054598084947588
0.5971613003057425
0.813361051270225
0.5065150806378134
0.6823450447349733
0.9741657702338686
0.7898474309386667
0.8720128169132022
0.763110444267499
0.5784502769208
0.8706414416980887
0.8853373838401191
0.6412160023391771
0.7417805011245233
0.5403706731945329
0.7941308582029529
0.9500235980895805
0.8293587495111499
0.7686106250469218
0.9793024820996105
0.824178169958119
0.5582590734261823
0.7638312259809682
0.9074864774723517
0.9419133990397729
0.5633668371592946
0.647941568174669
0.7398532650301888
0.8517647864018079
0.7545530867998435
0.9131441093195243
0.7001073272094864
0.9022227108351241
0.8192343629319414
0.6770962772500264
0.7486075627159463
0.9598115364546673
0.7504307789014395
0.5676545152187953
0.6882277246309789
0.9401377565553692
0.5618834393282677
0.8671895178688366
0.6115765034486096
0.822930730610199
0.6013748104061634
0.851641476508495
0.9467779783338415
0.8283045459638936
0.5527604939360808
0.5318462536912585
0.5577757059871061
0.656486324611224
0.6061186912832621
0.5954738060975391
0.7624881326894732
0.5594678092465537
0.8757804084739431
0.5882346938478814
0.6342022133133309
0.8408064009639339
0.6662400731718613
0.7008361119526196
0.7962980221633845
0.803899697251683
0.9583786311298891
0.5699879145873036
0.7171455517809893
0.636171476351886
0.7527179136081872
0.5033061303195965
0.6991621699517396
0.6414835563151766
0.8399045140547332
0.8730402643016294
0.7578560739710369
0.8452862883714576
0.6673215200881014
0.544272283183787
0.9037942838738993
0.9496257864728459
0.6470300826480715
0.9505280302614001
0.5005360468784348
0.9281970346171875
0.8545976326865885
0.5252396160653758
0.8780898651168567
0.6184410926923103
0.7623128689621264
0.6602796123416391
0.8712513415677136
0.6140314870907416
0.800859696617639
0.7947963856552269
0.8435947511157422
0.5528054614742404
0.5790668790146389
0.6318985144797805
0.8013437493145664
0.8284043467744668
0.9387658019536619
0.6558921456236219
