0.5541702685424159
0.9865582677290319
0.8232933734334658
0.9052194201140076
0.8152591634681757
0.558434103167945
0.5214076884682797
0.8160990105885694
0.8872405311414293
0.9771448282025876
0.5603809523077414
0.9466274295296908
0.9755689002035599
0.8783160490779487
0.6265374785022303
0.6700386202736748
0.6661055538981633
0.5777824632766159
0.6352689340097211
0.9061743120039305
0.6403539707920498
0.9517122739421122
0.6973970872818613
0.7729709866225812
0.9580653007989549
0.7721283761692588
0.7458593395489268
0.98158334266004
0.9014513136703031
0.9318992317865786
0.7672658139960822
0.7056237634208398
0.8622719876726799
0.7764567026480793
