0.9771022231388617
0.9889386956279864
0.5402106442631127
0.7611182097936445
0.8548095681021417
0.6626741167715429
0.713635329767959
0.5527336504345132
0.9096835859684161
0.7833012862580732
0.8294546028416185
0.6952133317372953
0.9668942199536995
0.5828739016873214
0.8538877789358372
0.8292992275367317
0.5663814649235185
0.6542045896614851
0.8549681587595102
0.7890934554558776
0.7023079729671828
0.975079807048831
0.5542235943496627
0.9089592626328976
0.6346543233081112
0.6904171948189215
0.6256316606432306
0.6192678982741464
0.8997177311311813
0.984779293067354
0.9743300548936036
0.8496797526389228
0.9000776956752665
0.8476218610660385
0.7984850955876057
0.8758543160222213
0.6267742160144986
0.9991438732236904
0.7364566626803015
0.6272669831325488
0.9946823628507255
0.5659245464186554
0.8882267699661168
0.7087972438323424
0.8121038397230895
0.7622936589067851
0.8190176984433941
0.9190230055812558
0.9271501800492639
0.8713398893646311
0.9606423901566511
0.8830093359795304
0.588594617215658
0.7238401476862708
0.937100584404476
0.8961983202402115
0.5710893509057396
0.8515822668951585
0.5977194333111846
0.7488718395695166
0.7107587566856717
0.6267743559417791
