0.9132145709206387
0.9791420368173837
0.6047957499898923
0.876899528272951
0.5103514618372291
0.5566701813008443
0.7522607460122801
0.7892512336881394
0.87739814800771
0.7895356099681222
0.6712143161662394
0.5991499179836661
0.8490433891153204
0.9185807944142741
0.5705266283145557
0.8491528488299402
0.5700168772510821
0.5277751912926516
0.8257181056404124
0.9405782331176953
0.8368063249778821
0.5318480021696479
0.9267410094173458
0.8616018327425791
0.9048974811851093
0.7152774807594402
0.8783231382065773
0.976016417345171
0.6996119487690085
0.9164042098780951
0.9873922985538606
0.7908103020679236
0.8509700030273766
0.5383980759028435
0.8348135465698024
0.5757362266422399
0.8717837553090135
0.8454249116798294
0.997674770520242
0.7094417988519859
0.8179948878796148
0.8976457063052592
0.9597950651543913
0.6657645914136432
0.5070757395306376
0.9667097086485523
0.6701598953817333
0.9983131836187469
0.9702943025286468
0.5090336753433957
0.5628499182418957
0.9279873947380758
0.7693738829791024
0.9555819225403411
0.8435925750809348
0.5264040562248302
0.8158899070556396
0.9065481344080619
0.7343098706521551
0.9276307172432756
0.860807333569265
0.9217554746678831
0.7614337042597844
0.6008725898042688
0.713394424503053
0.5075230227506453
0.8717519108132739
0.5702970519234122
0.9902687286029425
0.7088498399892815
0.6747587616992232
0.5040610829887473
0.5399936000437471
0.7435811786611363
0.6184300498302113
0.7019496329109267
0.6304681393942282
0.6464716623970641
0.8977702142722606
0.9084287994338704
0.6332863218558646
0.8027671171578248
0.6939961191866701
0.5014235224500112
0.6149609297668749
0.8443244088420421
0.6301507630406062
0.5100480327069434
0.8993198184996867
0.9568750082832991
0.993749893251631
0.5820546886481587
0.8805735208396799
0.8060393722981372
0.8226648541121355
0.5128475302463981
0.6648089784035194
0.5613190393309242
0.8064556795978508
0.5013634196869314
0.5183471031550574
0.515023275706869
0.5128663834237446
0.979814676106491
0.8171913844395332
0.8353801027298946
0.6207813632299277
0.6148847355797032
0.7985694113966015
0.6791427398520742
0.5027752184560623
0.6534487121568027
0.64326366850154
0.6901837505824283
0.5322373456786553
0.7230451647801244
0.9612988126712807
0.7548692382688607
0.8603270761733737
0.7254927635652657
0.5110819191208522
0.9228622145288385
0.8203880378645567
0.5445335090886023
0.5124661665689098
0.6088400738377568
0.8312111710975337
0.5208825150186176
0.6508409901399821
0.7244931207439117
0.843853483680121
0.7634504283387407
0.9940007090899977
0.7424011472939609
0.5764672431884785
0.5202824867219005
0.8376595324149938
0.6684135946817513
0.9288202538450627
0.656657449951066
0.7714840393394338
0.5772043647985103
0.9138914767666819
0.6775416148104045
0.5270235684093008
0.6292596998866569
0.9176056566839559
0.5813943960352348
0.7720095861866036
0.7731098030265892
0.5260309876923946
0.9464384628833011
0.9394691152923762
0.6347298277946649
0.5207990628458985
0.811060092651406
0.7998743576529519
0.9874803740086685
0.7742510697587971
0.9825668297169978
0.7825155274607283
0.9998737269615728
0.7828341559274119
0.9491797323194172
0.6585410031905383
0.9402326224864259
0.532610667042356
0.521944066712984
0.536317748438635
0.890872891771729
0.6928189906386939
0.5248202372199623
0.6774131239884554
0.7501601758941105
0.967397387612962
0.9584182263628329
0.8815726069699867
0.7108581244961054
0.677516992841327
0.5059591960940945
0.9723987573187793
0.8490893978278733
0.9354201162754953
0.949111473102791
0.6004301334508143
0.5123729350490192
0.8977463740763987
0.6276028745573403
0.5911175542949192
0.977153520907805
0.5471150536500866
0.6865426926493672
0.586082799005712
0.905948027906247
0.7119768339014803
0.9175766290457699
0.5358131111937641
0.7267067010883477
0.5473382961790845
0.9226532195475701
0.5070828471520847
0.6047778047630898
0.9089501249099292
0.593333549745807
0.9407924886037637
0.5483862599236717
0.9054780771643544
0.6307389090805937
0.9023227190108387
0.6089801399378572
0.8800718663075997
0.6827329851720061
0.6232098668423195
0.7127003863102271
0.9719337031896937
0.6595858528849652
0.5087912860830832
0.5156029185460791
0.6825252187694226
0.7790027974746
0.7652377066896408
0.94001740104022
0.7920391744114541
0.9717449625123372
0.8521692695505235
0.7479108427485556
0.6968809493901345
0.5403277744459031
0.7348393716451359
0.6634855981661215
0.8034794449454367
0.7011129774391196
0.9784263417820167
0.913853407909156
0.8854834403262135
0.6379013251694181
0.6620555541794197
0.9289278858868408
0.8176483532740538
0.5787178411078864
0.7089281482947375
0.9044725917624972
0.8481986540629766
0.7672160368846844
0.7651114465489959
0.7431997395110848
0.8275379598662256
0.7142197235241894
0.7996404005748622
0.6428267522594435
0.9389961250613661
0.8771345418459127
0.7346356059686627
0.5062712068720082
0.5599174937426079
0.8079267500329759
0.9615668303761918
0.9451209444449828
0.9802866362071307
0.6258472855015158
0.8716972401947265
0.7702235680228635
0.88462482101565
0.9112895446516385
0.7726735170557101
0.9871832068549241
0.5883291088310261
0.6413164982109301
0.8755141467264986
0.8597274046231131
0.6803529262225043
0.837770761561415
0.6835233119663376
0.7086541404180189
0.610845593446298
0.8124513443859549
0.6173703766233694
0.7676047439069673
0.7860654381608403
0.7781707758213036
0.8786176016384265
0.5775549289606662
0.9395323701129146
0.7110427217137534
0.8052210582803114
0.9917846200870482
0.631399662135747
0.5560255476780924
0.7954816298983673
0.6014799492155996
0.8398080724316614
0.7501025002699329
0.6497284276893887
0.9862654222849079
0.5061344539023092
0.8909782299476263
0.7590152648572142
0.7220758855380965
0.7041572552248061
0.9227073803062815
0.9783216461215885
0.9984058768249684
0.8746049702781105
0.9913004350057131
0.8048207925195574
0.5144332747875979
0.5873972017120519
0.7342083963544515
0.7822169518330314
0.8412604951438107
0.965602272987845
0.5327073529908801
0.78750435560093
0.7566476069212831
0.931928827791156
0.8846609036113868
0.6364280575108091
0.9000380972090862
0.5485776799556004
0.8137338607316393
0.9130350770176048
0.7234559528418724
0.5503707776035927
0.9992239410592694
0.6368371315420718
0.7196094381308166
0.7737833139562296
0.9925285058976233
0.628423492454934
0.7099185726317261
0.9818352075188049
0.6082926651299876
0.8904910032522839
0.9020929735109324
0.7145225895289442
0.9345200712851316
0.933048866087227
0.6502527616462022
0.5550708002982623
0.8268784439564312
0.9787135530962162
0.6174792054196003
0.7487431111473266
0.6394372828626793
0.5599196642802273
0.8830222203411615
0.5758311720689715
0.8394555161564559
0.8212359801893753
0.503614080286189
0.5646857340782555
0.6086978709624706
0.8703370553018352
0.5670242382830304
0.9945206874845673
0.9697206728292442
0.6423556964456407
0.7968196255932577
0.5752682446763433
0.5577200059244195
0.7705649871138713
0.6637308614736496
0.6703600249914906
0.6931065445359577
0.7384725279483224
0.9459786306195088
0.882076862781632
0.8593551630686765
0.634839487139321
0.9991347828431769
0.8631906318450107
0.6129506735465327
0.9034416719947576
0.7170394338953819
0.6095716040050327
0.8536745938799305
0.9576702741678917
0.9829874258729626
0.8859992445086596
0.6378090357105191
0.6289430906420532
0.5391214013198831
0.9286886571469889
0.8304937526227387
0.5525051754711032
0.9469981917443616
0.779440167170754
0.5758442119500062
0.9171901531065685
0.6953134994174772
0.6877981067794176
0.9382448464946556
0.8745848185917802
0.6098853598438239
0.7678153215603968
0.6557966577669666
0.8518061870963746
0.7411196690377776
0.6151736959448607
0.539537700440976
0.7280284787045238
0.6853939391845048
0.5803465089382678
0.6079504246535985
0.9767089030258903
0.58448136099599
0.8835681542122483
0.6820894796521242
0.700937603902546
0.6290709960161478
0.7648707017893571
0.5743670493521291
0.7208013059186715
0.6825419297059058
0.7525343693211952
0.6358684351412616
0.5255216985160589
0.7355032739310188
0.7531187723790789
0.944016733615014
0.8461321344657481
0.971972448733466
0.648621677895879
0.6924592260503512
0.9506638008354273
0.9034553840881399
0.911379390567518
0.9818263448695235
0.5842272292285111
0.945457308135325
0.9369842590643498
0.7572820399736695
0.8929251256808219
0.5937170568387742
0.6583704344523778
0.6241789060724705
0.6304771114324789
0.9904822679618452
0.6991156543439336
0.7825374092767006
0.9061489047894467
0.6552784418850779
0.65703024548013
0.7914225362394024
0.848593123989039
0.9867741429082796
0.5516858045126329
0.634137263312948
0.5158484923110234
0.5628581278653263
0.5952595333187114
0.8050239584245497
0.6381237098699668
0.8501548281053746
0.7107700867574913
0.9686144480692243
0.6737643419784178
0.7708655420494025
0.9152173155608706
0.8277857366475998
0.926553091547561
0.7947193054626382
0.9609205749897787
0.5275417827025276
0.7325506800540897
0.7676018384896747
0.8085229510102616
0.7898794562907612
0.6794788076170571
0.7008713256404782
0.7597631458670082
0.5992353084059536
0.6193616129884059
0.7745865630219588
0.786067135937556
0.8473778775244226
0.7572713811252589
0.8369279813931
0.8107644320420905
0.9856512387582883
0.8181096874765168
0.6896872608502029
0.8020725298830695
0.6170122805012751
0.9447367564000115
0.692864979868623
0.9288531003964944
0.9296850132968513
0.7283096188522147
0.7644051871738751
0.9431592264282844
0.6480140550992792
0.7005145350234303
0.8994076523373515
0.9721033974754028
0.6330970524545705
0.8846613126108267
0.8858922020437386
0.8620936417075241
0.7645286714197572
0.7684363771939859
0.726154864396936
0.878088765032764
0.9116875538440807
0.5673413673826201
0.5958936454190351
0.8615849997750622
0.8103987847126839
0.7655617581591103
0.7670191685519967
0.6652040383952331
0.6589629051472462
0.5567694350803596
0.9607967791896703
0.6779164923451562
0.7482891042046504
0.781640303364108
0.792219908379011
0.777572107613175
0.9133523680992037
0.5679007183795932
0.7020933759533083
0.9483486627057136
0.6538384535040976
0.8047124363227156
0.9914083209116661
0.7674063458379428
0.5021626954757772
0.8384288445747607
0.6161727475927292
0.985527161455191
0.6464134315283373
0.9168317388199241
0.8194695766837021
0.878980655190672
0.6111299147299223
0.9853532583462556
0.5580895564234025
0.5346398121855217
0.6883195069156369
0.8332876695983388
0.9061211631876755
0.5666431576827919
0.7805925497197596
0.8089264544872905
0.6576924188262625
0.6488740810599245
0.7017033551077994
0.5711817059107078
0.719700729016461
0.615862067718453
0.6445926425735902
0.6854075613169018
0.5209639701917577
0.7538657221342197
0.9644147303911542
0.7354066795716243
0.6180018348135943
0.6982450170393868
0.9587456437223096
0.5195630565389177
0.7494560430898723
0.9241233103872041
0.6930294224780948
0.9172383844178952
0.810337633540718
0.9392949919414951
0.9770995327625323
0.9107168715602654
0.9795560844834615
0.799468051723165
0.8050369596624485
0.5731747268069367
0.7652045984863314
0.8825887889686542
0.8115477033326179
0.7768623927266554
0.7993969201795366
0.8165973403514664
0.8666372178113635
0.9690054538701165
0.9697330399791251
0.6382862679657932
0.9290769759849891
0.869717483716159
0.6983812301502159
0.709228299440138
0.9909478918788119
0.8991938355698845
0.5705526196744473
0.7602382700002573
0.5997957850170936
0.7053418672983948
0.6500416289688229
0.5722911319356394
0.8114543755939736
0.8720328566566895
0.9975418132288179
0.66414733787227
0.522964792584829
0.9583618575265859
0.8586883615522465
0.8552264412996446
0.8324001856374914
0.5110012618437498
0.8884227908275064
0.9344693041082819
0.8816552643995099
0.7006204078825597
0.7787906920065736
0.6190595401520909
0.8814676045397065
0.8508315795631141
0.7517798993923988
0.9236495036538612
0.7438466257291427
0.5622112970687632
0.8008625388668948
0.6578320799190351
0.5463546688128715
0.8572438871037347
0.6881161686981649
0.8093672689359901
0.7289423310914342
0.9663481820732496
0.8023188469373648
0.8296211032039702
0.5445259460788772
0.9373526483105075
0.5156393785599296
0.5754962086055246
0.8166178758883035
0.8549178077324124
0.8366439272554186
0.6243377625321522
0.8588111109901477
0.6610529391509203
0.7281151565317061
0.9421527596999217
0.8679824371564748
0.6752003359851355
0.610648727958867
0.7804445815933361
0.8667842796704712
0.6694869371134982
0.87585557269772
0.932123821332239
0.978473813692795
0.9948954245320749
0.5718194253867731
0.9747351381066182
0.7762737554412731
0.9160546229320379
0.9260639600739611
0.8291949171342992
0.7757223667548134
0.9050618932622868
0.5726754972945454
0.6352862517599878
0.6181319104616234
0.8728138701060433
0.8334565871104223
0.7125130093125314
0.9464419387458679
0.7214036803127528
0.5713862327678465
0.881133592991074
0.6559107594636229
0.6054747792419266
0.6613850528415819
0.802689564453168
0.726088837133044
0.8087462147926808
0.5193341142451366
0.6387500589236728
0.9609026780030372
0.7594402378032568
0.6322079370824274
0.8094422633095425
0.9879633712971125
0.503689517212554
0.5560994550784236
0.6091175890976104
0.9360518962293114
0.8916409272731318
0.9271219986184119
0.8816618767658022
0.7094693065275604
0.9104532539696889
0.5998012690286609
0.7447189886951915
0.6100740012558157
0.6983405708055244
0.62901412851949
0.5408166600176969
0.7238290514790708
0.532756690830184
0.6562496204427193
0.9278326584937602
0.5786121913225921
0.8676288195476738
0.9028878551623813
0.9755800632248874
0.706830523471268
0.9088669148863557
0.6824109282795354
0.9073612017916564
0.9184591987659563
0.5063526011708334
0.928272491689735
0.959775891601283
0.9844302942312071
0.9460994129687814
0.5180698031324321
0.9442150917054575
0.6931365985285448
0.5239119185892037
0.6215888013349258
0.8483803614757375
0.797810279864769
0.7021488769648954
0.9653737195326351
0.6018960297421538
0.6431354351954071
0.5107373604588421
0.6681341537268197
0.8370863573706707
0.6802092065039218
0.8032381321728891
0.9480043505879274
0.6644938981533987
0.6669394592732866
0.8728899613595633
0.5246747964851846
0.5886697656884061
0.5640917409251638
0.5879034309289605
0.6797456184178023
0.5343468434456115
0.5215732001871757
0.6133552726437409
0.9573407320666051
0.6411630052439895
0.5057669839472134
0.9223828361989921
0.7271801616405229
0.9899399261648275
0.9753717135105585
0.952463991121112
0.5741419357273547
0.5036404978150564
0.758507622998277
0.6041744795512932
0.8535680580305862
0.749058671135651
0.8152094632740745
0.9991248655672669
0.9708838569874972
0.9519065049598161
0.5727536079825521
0.8118079457292999
0.7957542541446583
0.5370565486434433
0.6584121324349284
0.7843178940011224
0.6047358307571358
0.7677644955403526
0.6376921111391092
0.659571860340498
0.9767832019268738
0.6062798618776764
0.6184546863909999
0.6843401171138314
0.9712843136160392
0.6743511897445454
0.7096708396258089
0.9881011278873129
0.9117354022385008
0.9786662394947341
0.6584223583889746
0.8298750341766064
0.8682159022747848
0.863271218233839
0.63275173834459
0.9035230096954361
0.9239981443244967
0.621569668578426
0.9714092455135516
0.7240996263401831
0.7791626714078043
0.8069849123992197
0.9286616208678338
0.8982647108009043
0.7393393115388479
0.9431590685791458
0.9161172323478969
0.9080682244495838
0.8030288731685868
0.6117382716867266
0.5892025480036089
0.8288841678007857
0.8482514108298902
0.8594089995989641
0.6080171781443308
0.6253340320694019
0.5766289996638231
0.6181815887423191
0.7033835431094482
0.8644554318970773
0.9586182926489313
0.9498459563325934
0.7313122839568709
0.89789456826638
0.505473256881765
0.8426569239449093
0.8833552125254899
0.5508970637558266
0.8240424509302362
0.9135715892500542
0.5135960364475807
0.9376228712574244
0.837387841185175
0.5782568783059866
0.7184369104523091
0.5201088061388532
0.5457074246445012
0.8742518871896778
0.66660076989453
0.7982715675208907
0.7149886585642307
0.6591813307709391
0.8249974893862408
0.9853083738055131
0.8615054031004481
0.8513723694357714
0.9441288693905329
0.7831686080072786
0.8205291572354605
0.5256023826240798
0.6220589569587722
0.8923192499837602
0.8131650655541083
0.9845263966660052
0.7856814072473857
0.5558843674575793
0.9311477672974102
0.5908123455202741
0.6598524058575731
0.6725010439101762
0.5512522295442086
0.6741700307057259
0.7399615157089819
0.6655265741384039
0.7519236871140932
0.7178811896231061
0.974904526184014
0.6833638582186727
0.7184192707901955
0.7715167545467356
0.8049866298444749
0.6115543842196162
0.5032694473897058
0.8218917346403758
0.8671021836399917
0.557745669102925
0.5281655278932227
0.7092543219746787
0.7362604909401729
0.9850976706548442
0.7250217801222968
0.654258865161367
0.5450227080268013
0.8443781385484708
0.6861281418488265
0.7449707357075881
0.5130090306095916
0.7037497783566586
0.8615728083040635
0.5410699143467432
0.5062403274171887
0.5124671124029214
0.962294828611604
0.7102549597843738
0.7959673408916306
0.5212765836646631
0.5493058896931933
0.8998226746910613
0.7471724404616371
0.8202018932634652
0.6958695996570727
0.5006531961427416
0.8534311646360855
0.6756509277899063
0.9217178489436073
0.7206350225474683
0.6171771598701067
0.7520875921321213
0.7926736527395131
0.6503889520730133
0.7050967099542818
0.6164813731339136
0.9092281177781716
0.6326893104625989
0.9518269722929167
0.8678185840136803
0.7665436719835906
0.771537728136398
0.5529336959580643
0.7073733486020687
0.9946693748872497
0.9541369908373758
0.9954653858755106
0.8755258247951823
0.8525114474840939
0.6861956334489309
0.9463647197282106
0.6377812993861655
0.7214226442332081
0.9056865605789202
0.7740989329237595
0.7988790159794292
0.7139811391227457
0.6502627195490698
0.8034868271276367
0.6703963103957675
0.760074167719396
0.9767215390451691
0.9340668053643468
0.8340109058975044
0.6535233108347767
0.6631175379455692
0.6508926697963398
0.7949425202445968
0.994857532869053
0.7263712693128378
0.661901663848633
0.7676395185148129
0.7996224226350394
0.8869261484874369
0.8373001862347318
0.5840077755049968
0.5113665669159795
0.8136485900495707
0.522651092450346
0.5964509520966073
0.9292140288298864
0.596166443294224
0.562171664567445
0.9674136424113402
0.8102799284848425
0.9105208386537019
0.7741895914951047
0.976925376333988
0.893867985212152
0.7285379341134481
0.7742538557869645
0.7130579635074302
0.6636159766983808
0.8439016490941214
0.9823290728166474
0.5488549394772546
0.5813356351794932
0.5137165994681282
0.6998183018347339
0.8615276262061922
0.8634555406275611
0.6729482983052764
0.8204860054459073
0.8266381496153173
0.6963028475770886
0.590068213871263
0.5700835858030262
0.6157706288497861
0.9383696649905573
0.7628699538440551
0.8672189769091028
0.708968328124008
0.7268778255941177
0.9020061852338525
0.764351744756919
0.5017471443564342
0.6839823163694838
0.6939053360398916
0.9477463676210991
0.9302831446142075
0.9163380393426727
0.5713220526662999
0.965288579780152
0.787724045376679
0.9106053716622154
0.6334151690278087
0.6259488529272746
0.6495651462707047
0.9842754259424076
0.7401691615126547
0.7516494026654554
0.8909934780896303
0.6822485431802758
0.8569815708365922
0.7863943282864987
0.843316615211666
0.5387414353510838
0.7393825612776259
0.6051501887486133
0.920914343390657
0.8638851717010338
0.6734841218751857
0.5089904003036585
0.5642457343716075
0.720715692796904
0.7423238223304857
0.7494857500148888
0.7336176077484371
0.5857676326673391
0.9850440915542189
0.5020360235118873
0.7288260350145862
0.5854632152347163
0.5485401747828829
0.516512771356304
0.8213696580380259
0.7986790055603096
0.7035646603109589
0.5031715076615197
0.924386584206153
0.9924902017669077
0.5617446189339049
0.5071824186629625
0.6310633128736431
0.6436032929803598
0.6432818871791758
0.5889710879891035
0.5908224194926253
0.6463187728168286
0.6966412148021623
0.6691621705185069
0.5287280733021373
0.6846084799839494
0.5959903879505424
0.8107763140475135
0.6613507046256715
0.934982857872461
0.8554109398659011
0.820809290373171
0.887672038733323
0.9585360373642252
0.9945772022363133
0.6476604837463282
0.8661685255226796
0.8825923547739225
0.7655959669846635
0.8487220947126488
0.9411313774500174
0.6038095963681649
0.5480153845606686
0.9262280098123556
0.7481025356576323
0.7728340043226508
0.5963220773023516
0.5761722087642915
0.8281871815144265
0.5390277946873254
0.7627594232033174
0.9808391622689668
0.7134854227238625
0.5757410816937911
0.7270588412029375
0.8941478346277796
0.8714669581509698
0.5831986513731812
0.9713074352705844
0.7766004802909957
0.669597366397783
0.768121685821954
0.7596806233516371
0.658516335662421
0.6494211605963998
0.6837870950580234
0.9241281931438389
0.8413763511825173
0.6364053400142284
0.8911432408813615
0.9105664224433799
0.8188266603218872
0.9419844706764398
0.788357651494577
0.6736296349698323
0.5183189611778332
0.6267795573814829
0.8056282242534333
0.5349436380795296
0.8218251114191067
0.7276232930329183
0.5766286306881758
0.852282900107095
0.6863623481479578
0.6755465287254631
0.6619691623992003
0.6135883846398229
0.8086627527527669
0.8458230383815837
0.843319172934762
0.7977199447670706
0.5975589583075207
0.7660399090543681
0.5413096151581399
0.7812676756748973
0.6881922475515652
0.8630419034989274
0.9188430428775034
0.8420076560554924
0.5806915372100314
0.5322955736832797
0.6539048450852587
0.7512018383220603
0.9645780957497057
0.5546021613115264
0.8543132524693724
0.8995220474204011
0.8033123019899628
0.5999579055731696
0.919707457517518
0.6318525824933295
0.9814155906763358
0.6425744877116015
0.9325623101571117
0.8251584692203824
0.9150785447226979
0.5573872223689005
0.9201360511407961
0.8800882170556867
0.5800321148380061
0.9371456090030726
0.9791565239842934
0.7916180978732767
0.5843383740889172
0.7354800680152869
0.6489631570336201
0.905909072046966
0.8080361149821569
0.9823746073335871
0.7758179243366483
0.8221403843362025
0.542462524406403
0.6562401892956036
0.8325904906097981
0.6512942423247834
0.9244152639681744
0.7227392092681607
0.6406814489027015
0.6300229736673946
0.5250246952889371
0.7810886571140851
0.925532301686272
0.5863228054052465
0.6610581632417392
0.5980654637063945
0.9744544952328744
0.7106382763749507
0.7223154387821149
0.663581169993886
0.6053193873063378
0.6302797551903241
0.5309874260180216
0.9438253535141534
0.6041245977077043
0.7849214743085142
0.6126268109558063
0.8770803776126128
0.9688780324063038
0.5291328709921788
0.7791217233539991
0.7341780610354189
0.563502753822931
0.5777316715408704
0.6301926126394144
0.8559893019237412
0.9432233893512074
0.5824478131881976
0.7269626957453139
0.6132607453544276
0.9341450879958332
0.95774182018423
0.6602073180488475
0.5348285455439141
0.8037188072321979
0.8014159050363667
0.5026825657283638
0.5419749767880964
0.6901137815363863
0.684838025054811
0.8894226230551139
0.70033441426396
0.759232857525486
0.9341736452433997
0.8359051232716188
0.9022738038886411
0.9301413473769103
0.7128102635490747
0.822208533558179
0.8822442854950859
0.9923931821766017
0.9284099104086116
0.5422183308427753
0.6123362903229159
0.6680196114918167
0.8197759134857356
0.5136236873083351
0.7277636427175962
0.666482424004408
0.5274990071278441
0.6428260275075168
0.9261399646172057
0.6619222740829154
0.5588779383532789
0.8787720101796472
0.7683301558458046
0.6856013173702996
0.7242827935336482
0.8745399649009069
0.8036007554778044
0.6074808419756312
0.8840098168212045
0.7311071224631552
0.7452540119224134
0.7635689936599794
0.7564744106034702
0.7836212584900175
0.8221787465764436
0.5127211026964755
0.6829013136154276
0.774424845274224
0.660321716479044
0.7690852076136945
0.7863705393505541
0.6576143017283699
0.5824928261622323
0.6827884007952543
0.5731259372587949
0.5532353174968768
0.7122218447053841
0.5235825895005497
0.9189702203679392
0.9689325777906211
0.5578324540824665
0.5501889087308047
0.5961295199403651
0.5082124757911508
0.8475559780429445
0.9745126466867586
0.66157858801221
0.7981248195851937
0.5319517753136038
0.811129333990867
0.7543326331924324
0.6506138919976048
0.9787980346547244
0.9447277070726586
0.6255113490045416
0.9668694860196723
0.5485376803843447
0.8088904408867126
0.5701407155545137
0.7627459572171802
0.7519858851068043
0.5912467908522171
0.7601360955049239
0.9060445854507375
0.6794164582815916
0.6233565964481882
0.8367206995689509
0.5506832687477375
0.8739799108391573
0.9536341087027531
0.7082259373113851
0.5895944151187651
0.9524549995010093
0.6324124652367181
0.9094580765747974
0.7461281568757034
0.8443837494446778
0.5655040070058677
0.779094237511121
0.6631202782595118
0.6538880583244506
0.9240680790442913
0.6893832614057915
0.5051631406532942
0.710572120283399
0.5103350232064952
0.6337454372227989
0.660659927686829
0.523899583311995
0.67861042418774
0.6298863472148981
0.9775932148847599
0.9273977847697756
0.9559755993066367
0.9932177057007459
0.9383725586852528
0.6070861365661793
0.6738432883600138
0.8923965170534095
0.6393053420562306
0.7273490163917525
0.5597071479489171
0.8406576990511239
0.7275042510608611
0.7259615315443682
0.98282666536863
0.5735030136546604
0.6004221712317233
0.512845205643798
0.8867240790810864
0.5313413812515629
0.743523954572054
0.6183369636606941
0.5962622334425745
0.9467732695190141
0.518701822773252
0.9730764116561154
0.5050920619531153
0.9841384226969717
0.5226086014018082
0.5108572052671256
0.7687678032709846
0.8024517818947337
0.9461069127348005
0.6960395592096775
0.6484907483490936
0.9304982012328
0.9985129897962008
0.5999712842195992
0.7137191353648134
0.8419898289892181
0.7553874508523521
0.6345148448090215
0.8848888460662199
0.7565285424302925
0.6602086720198101
0.90725905095838
0.9583887443196497
0.6740164190254705
0.8881503045912275
0.5241938729786381
0.9172463332402133
0.5709720725032044
0.6076807445241577
0.7310594352741899
0.5833290644764355
0.5705101575160128
0.7486649277511236
0.5276438161284358
0.9896186707607557
0.6009334388584981
0.6269897095841597
0.8618603042853781
0.6422389025688364
0.8583676382286848
0.851287410333598
0.555181902625147
0.8225254141774483
0.8951101516985904
0.7943791083795713
0.7801735025985214
0.6280104654134483
0.6387073547833149
0.8618215745326889
0.7090404507482015
0.5286380576493057
0.9342302505513997
0.9979046307283317
0.7074170927641978
0.8751131895941058
0.5150782809485139
0.9600293982945347
0.7799586954617306
0.8100435380363664
0.8227110672242379
0.9819857445488323
0.5811294339960118
0.8834525744823314
0.7399679856280433
0.5391860905715486
0.9498072309538854
0.7229371813458694
0.7333741625979391
0.7293259546854428
0.7582315674592262
0.9349053512962451
0.6597719365976908
0.6044856062269319
0.5183288229683345
0.8987647250157389
0.8359280181314637
0.7194346202912689
0.5307227612904145
0.9704463848158233
0.5521857143849506
0.8408935451341621
0.6697391288296888
0.8746050454477392
0.6247110921187844
0.5278819684238132
0.5866717522119571
0.8769080066988397
0.9499210796443677
0.9411929753401427
0.5042739707201491
0.5926232600037584
0.739130131682203
0.5971947987761976
0.7695907031150764
0.900115728930192
0.8963072690006033
0.6064238328314757
0.5029959168723959
0.9682548073102266
0.7261720242481248
0.6967158049421323
0.5748456745101713
0.8262649968237603
0.8631143906444514
0.7205908069855096
0.8963577421036586
0.902454891554207
0.8572660994103889
0.744993716221324
0.831135167406011
0.8945964540481379
0.6640862614750402
0.6705246046083595
0.6169527852636394
0.5280346523345443
0.9345522440121461
0.6693137706212404
0.9995885236707838
0.765350529027425
0.884741566608401
0.5293954692416974
0.7996172036461338
0.9864321285035587
0.8315215327797321
0.9902326632421724
0.7544594050141178
0.7179862312955927
0.6089489943707177
0.6471107629090154
0.614671857896778
0.5720804404600782
0.95859885716021
0.8816575725580001
0.794291629688127
0.600753570094725
0.9736942136138425
0.9850352145746528
0.5827879852184641
0.7414433583555105
0.9928461557776299
0.8438932339796367
0.6478667629590734
0.5128624009184439
0.9151426290705571
0.560031748139698
0.7025253568281535
0.6505460978758819
0.6908921710878638
0.7551239335412812
0.7372650323118635
0.9132701638861768
0.9754706175615278
0.5457477274361519
0.8552387116713899
0.9612327806309906
0.662116255244937
0.668599106870589
0.9566218772454955
0.8804235435422192
0.570914122464657
0.8763535783119489
0.5592467203526938
0.5995873317669556
0.9720306211250188
0.6531493355464746
0.5062931583789837
0.9770089749820381
0.7256859696616537
0.9325726671201062
0.8167960178512007
0.8588549318582441
0.7183252607558575
0.8381898493996337
0.8057048017637289
0.9425661173287092
0.8805836924437223
0.5314709745760838
0.9234001793429567
0.6198709802929352
0.949804426495368
0.5707482615362927
0.6813701870778962
0.5147405761223371
0.5720634184926747
0.6899422585394999
0.6051423503987975
0.7533138001453461
0.8372643924875125
0.8537232696765477
0.6900373437552826
0.6320489835555729
0.8286321166638364
0.7941950231002262
0.5796933214484716
0.5062364185325335
0.7260370164753305
0.8090808199268551
0.7569454627298642
0.7268224935864558
0.6650191351327983
0.6193694112032293
0.667795889805542
0.5357405108000639
0.7742199660895352
0.9188895357018492
0.6129328524276763
0.5173344834991296
0.6483885099260934
0.895663424955782
0.9831297413941162
0.7333271774350811
0.9706224291070391
0.9892854183612505
0.7584500224635706
0.9521774383969315
0.6730388848078283
0.6751235427855098
0.6456813341207441
0.7332070752274555
0.7858473205480364
0.7796004786363436
0.8766250397073098
0.5386689833493387
0.6662389310717565
0.7137682982868794
0.7373936533156418
0.5016561690643796
0.8643839173774397
0.9110470926530755
0.9883031124523405
0.5174532688400446
0.7254396273288568
0.7572548330305663
0.9695764373757227
0.526365579472897
0.7990254326392949
0.8761699996024426
0.7770986571691127
0.8427616922049435
0.9790304692305859
0.8457078132537293
0.5678464849748184
0.5942664987800741
0.6762942143378495
0.8922830107402874
0.8288945090527068
0.9632875656845299
0.6067160493430136
0.5683417686453887
0.7100883302932424
0.9253556407545822
0.8023057786167005
0.9991810844917064
0.8815940905131294
0.791002067548439
0.8897259454768951
0.772090679503991
0.6145020616191967
0.9702528710219818
0.6347772491872732
0.8234946254766613
0.5939117010555195
0.9624961257002047
0.9047853975446144
0.9000161744391892
0.6512064964092327
0.5806496415094808
0.651314814112949
0.6474443974268884
0.9692089217302282
0.6152621591728489
0.8046544152668977
0.8101328498511736
0.758962963209294
0.9156920880840502
0.5558832808012892
0.5485691823405701
0.6926811932290632
0.6743144162147039
0.9455911083778814
0.7279522215644475
0.6966779098368949
0.9341374985756532
0.9085780114300465
0.5371635022910093
0.8792358722069452
0.8186956564474903
0.9541685317174948
0.90358533345457
0.8776044863850658
0.948466780453336
0.9054781552940518
0.6389515951694466
0.825538922129667
0.5823394128744607
0.9049535655280079
0.8199834626078759
0.6949117804332976
0.561321145641185
0.735907649307359
0.7380382907971712
0.9186749702972761
0.5724920339010626
0.9522979080371348
0.6330123083848005
0.8205462624356676
0.6322122384868645
0.8123937973111306
0.9540721231785626
0.6037719430600145
0.5262650897291233
0.78410878045752
0.5062110041995411
0.8547470314878098
0.5654705378431768
0.9838159288564144
0.6978309882454163
0.6911978389470208
0.5238280485402425
0.9494863005471843
0.8969206786985433
0.929497033362697
0.9573293184442169
0.5894541963426292
0.6130778189865654
0.5839401016135366
0.5815993686545924
0.8626604834022802
0.7085815235065095
0.6032158610980417
0.9326726661608997
0.5843163784815343
0.9081254680823185
0.9469876318039147
0.5282016161094445
0.7435853876351344
0.9935915112011466
0.8047697915505019
0.6718682471340247
0.9387639304232824
0.8987126489787087
0.691684941739453
0.84588070270125
0.5702992591490519
0.6664029582376506
0.5468001904676191
0.9230518435861899
0.5059583698775927
0.6240439345338002
0.5881137903443234
0.656967587829032
0.9160389812881367
0.8791391357751747
0.9459022335841307
0.6503215562552154
0.8512657291315662
0.9481907438327033
0.642150949970064
0.9120726684893057
0.5553000121751023
0.5463494555695287
0.7393513103969267
0.6724259020048047
0.8255944718303174
0.7517626074206574
0.9860024844301591
0.6161184868439338
0.7832445705849268
0.5566770147551845
0.7746079838304898
0.8965016984450729
0.5986966693684681
0.7704922167318553
0.6081271365530427
0.7579135797180332
0.8366790512921658
0.8240753613318972
0.834964306062122
0.6558028603358996
0.5645749992214805
0.6410659689158638
0.5138477235910022
0.5383509141395288
0.584629001859357
0.9401332605163961
0.5583466852230055
0.8757806820296974
0.5792625483488045
0.7301437495692877
0.6598757997416915
0.8585173412556756
0.9907449480043419
0.7814799587210949
0.8177968432648788
0.8489284043945459
0.966180125091674
0.6243909627680762
0.720281888395116
0.9778433663302408
0.5261298335993028
0.7659384565685732
0.9922537290446414
0.8692630068723837
0.9476954207438337
0.5769729329109758
0.9920290662259474
0.7584143608403769
0.8073704641630512
0.734589271180287
0.85257010299238
0.5302631305000478
0.6979577822101735
0.5612165405304537
0.8367573348179791
0.5510019009801194
0.5691110015793164
0.8290224250945304
0.8692010447279377
0.9365603605349565
0.8815530530676976
0.5036579686871243
0.9481042924817764
0.594463684868697
0.7954443672919361
0.9270069235677085
0.8162752016890655
0.8519367018110793
0.8153497408710357
0.5943539227881489
0.8887769674994029
0.5226301672236332
0.9595716394463211
0.8410291262850285
0.653383611772854
0.7908291242644994
0.6470316270555786
0.9403759259126625
0.5635827428839106
0.9983944386223164
0.7345210864085228
0.5034608765834641
0.9220096868492813
0.7310052414522473
0.6354114118796852
0.7547817222374134
0.5007528041934401
0.6154504186953669
0.6155746106218962
0.6494957855045322
0.8933571971713885
0.6993569539167044
0.7226752315198866
0.6274952327566116
0.6617604370743895
0.801943117767359
0.8349942656517682
0.8505267215844465
0.9129684311380013
0.7946684411660727
0.9381958779476132
0.7094830501894751
0.8035354857388566
0.7446733670457215
0.8603351745696766
0.668736643963042
0.7904869973040207
0.8975901969677252
0.5942428630562836
0.6616772476235433
0.7683824185463317
0.5072285862413207
0.6760595345772691
0.5896345666933567
0.5041225571722832
0.9114433165214058
0.650653638921343
0.6645480842441005
0.9535062842626503
0.7961490118807408
0.8997977196304825
0.5171351355844045
0.726110793513318
0.7833525053941897
0.5524657573636442
0.9827345159024758
0.6587685022520908
0.6644499105975622
0.9665029840050797
0.9585744275662402
0.7112268455909201
0.6286162646240596
0.905384525830923
0.8963565297662234
0.8506600065300034
0.929374852627264
0.925027433199846
0.6498150509739393
0.7936763823218925
0.8875140626324456
0.9070646384707823
0.5026460499698348
0.880754921519184
0.779072155200416
0.8432848999534228
0.5632648429935982
0.8827647696582951
0.8420004333950346
0.5483666172973056
0.8099830887880659
0.8355650450806031
0.6830858434399494
0.8976656133961823
0.6366255350323903
0.7074919579201437
0.8999127069448057
0.5758900643120295
0.7597573893789908
0.8708857406039605
0.892311158350433
0.7859157172748863
0.9468476116925568
0.5360312518433787
0.5077266347825834
0.6960854675520712
0.8152939376302728
0.96458729518072
0.9608054266802601
0.7561566672763027
0.8415160743782102
0.6022247486783048
0.5094745818597933
0.5377968861262303
0.8758227879118322
0.9381651846544521
0.8356808500844155
0.5989743238112031
0.6343611383584993
0.8944991037489358
0.6209128087968503
0.5233414649543384
0.5814134389985559
0.950012150175607
0.9907140212496006
0.9888958017979859
0.7897364468013852
0.7554024550352201
0.5756981372622566
0.8091304441878189
0.9058285379908348
0.5615995331990098
0.9434488410175459
0.6096802491819888
0.5142920747969524
0.7458190820453147
0.769574518375338
0.5106968355146183
0.8311460998524971
0.5973410567671371
0.6766052209023713
0.5431318488286301
0.669261855274721
0.8959983592659758
0.9412517680016678
0.5948664169336291
0.9169710487900282
0.8396707153439174
0.6860909232857529
0.6986638084747969
0.7691893607922189
0.6269844520223211
0.641702252885409
0.9005042348742996
0.5577231652699257
0.9738289673449709
0.5748484037052053
0.9951763322458509
0.9971864715976713
0.8861009343134453
0.9578127127819811
0.5635375732073125
0.862389522311984
0.7881103318914414
0.8895611035183533
0.8757697190666516
0.5731094125116458
0.547309018556104
0.8305541447666659
0.9711021366822985
0.5271652375410236
0.5218181363724135
0.7229729354579706
0.7670207678264673
0.6418468348804198
0.8337113074523628
0.5115588482201545
0.5710243107811317
0.936228462995829
0.9912310195095124
0.6084698629482044
0.8801075613858891
0.9915387175201388
0.8221459551905204
0.7079853985411277
0.6014635724672215
0.708962708079816
0.9359106911742243
0.6050009991193444
0.796645400255487
0.8569868290013303
0.5032506816238218
0.9844964434565222
0.8850662228212101
0.7880644219366807
0.7720705752362197
0.6126085522325573
0.6878307264544353
0.6002735499760457
0.868289804557794
0.9098668838193016
0.8560324508313544
0.7360634133884179
0.7521206434015015
0.8837979934417293
0.9274694218093811
0.9319209793503354
0.5725117394945494
0.7452453886075583
0.985447112328518
0.9625009862938111
0.7212756359667241
0.6804469898146355
0.5581674763429202
0.5039471485137763
0.7591060996316532
0.9412096824528633
0.5070731291960711
0.6507257519255907
0.9311996474618561
0.9155429831236105
0.5492139989983134
0.8601582773664749
0.717500649489281
0.5189641611371034
0.524312801404629
0.5776311526216045
0.9212637007653288
0.5753250034037052
0.6961938556705649
0.6326033580705064
0.9880618851140215
0.6824344435923884
0.8739206641614139
0.97303433633342
0.8300732101896897
0.715990725533885
0.7020356142236239
0.648338294889542
0.7853051085918097
0.5418465818790339
0.8506447336390885
0.6559066667907523
0.5941112394958716
0.9018303774967382
0.7854043633161691
0.6907350285590166
0.77528425765932
0.733022940745607
0.6806345920963827
0.7728716908867437
0.7434081452345551
0.7210752621893395
0.9291174379054803
0.9101245711236252
0.556788986492164
0.85296155700924
0.5667242830132313
0.9889296658864433
0.8003543760021057
0.892306210760762
0.7651145083581748
0.7545381391111836
0.6985069150199756
0.993827841981267
0.7556768281224424
0.6732447540741986
0.631555703624845
0.9252012804635945
0.9815684376413671
0.733927933483486
0.8164253508993071
0.5358760754289553
0.7318953896587672
0.5273874246335126
0.8717162217837393
0.8666866111861828
0.7913982667668763
0.8585700031108586
0.7749307487221091
0.5902833777956344
0.5959908810167751
0.9745942428595833
0.7536117046777417
0.7070742783709916
0.7755905324397414
0.9502445365929557
0.8723188655129392
0.700164075055667
0.8514784488233674
0.6037546445585736
0.7478667805816018
0.7194196625709907
0.7916346668460885
0.7932585909435074
0.8882653472598856
0.7938689698024578
0.7895692738720574
0.5596602642121911
0.9193935083782405
0.8298831674172622
0.6764890216902661
0.8506185750821909
0.5344233963097604
0.7427609614077388
0.9550959646024064
0.6418010337556
0.8211931942730557
0.7965568997234757
0.6071990311952997
0.8571532874716155
0.6158066918381013
0.5777208441360518
0.7611670560799639
0.5795132808397143
0.5693907322938587
0.777150310389018
0.6862294278034631
0.6653768954849995
0.6472024249633049
0.7634593302856971
0.6024937147147689
0.9962032736783586
0.5329375874352429
0.6843317422635071
0.6044536147818632
0.8074947571918669
0.691109474884525
0.6371438728592457
0.8965079305291135
0.5198468885576445
0.5506937865211359
0.833021064986895
0.6547591732147939
0.8303296812245653
0.6281869932768347
0.588714995880727
0.8124663064101956
0.8202165536101449
0.8346428510282669
0.5239029392352277
0.8349912285115086
0.8317862359079482
0.7380916972987528
0.5518403618872199
0.8022915875486405
0.9097826069170671
0.6657161211842247
0.81330679806776
0.5298082050484946
0.6909084429434029
0.982245241328896
0.8647971691986864
0.785837050051423
0.5891329408315179
0.9047190644797716
0.6303943577982927
0.5326173251942004
0.5032333265061034
0.8117697977829103
0.880282045473503
0.5006210852092969
0.6822488758980518
0.7638135036809275
0.9798032564068822
0.9253608481125856
0.6581767550354377
0.5037436250390558
0.5005252496923902
0.6008515366983391
0.6889348476888788
0.5336419704684411
0.5757504838453573
0.8190800620310414
0.9773294851012169
0.9311068113958096
0.883367222071014
0.6517089089046576
0.8443085759375837
0.8277577233256378
0.5077909507336064
0.8602294762696252
0.5114382965739608
0.5856659620868098
0.9378049578334144
0.8710149649018728
0.5231115449337989
0.8096711103515639
0.5348066925808896
0.5027649808609712
0.8938117432710513
0.8078812883366007
0.9715827526264755
0.582106519677337
0.8557033001911869
0.7463146656470905
0.6601575387382008
0.7575555140940582
0.920238343688527
0.7868992295956572
0.894357090517381
0.9058393673485785
0.9947674307576497
0.5230142213522271
0.5732309151369286
0.8228789064788479
0.8226616474174246
0.9766282488554083
0.8270896587494823
0.894357720489644
0.8582026333973194
0.7989632362582777
0.8166148243369765
0.7251901806147297
0.8782047839083298
0.744686130734169
0.7163696895726792
0.9391920197356726
0.5890017753899319
0.5367372939021755
0.7578757713231683
0.7803767655240808
0.97332746214173
0.7229363502375743
0.7312388992983608
0.8938524892037567
0.5883761071731173
0.8701425702703761
0.5144717437523164
0.6148325913906663
0.7165448671963286
0.5499541636302256
0.9789746909474502
0.9944021186605022
0.6853256167778803
0.8863210638924023
0.8255590964845126
0.563600372539478
0.795790846259014
0.8541955321808696
0.6364255487646654
0.9533575916227398
0.6799243625210292
0.9386707326597259
0.8944979820544418
0.5546749089425858
0.9894090253233941
0.6436452818283975
0.5907768699227589
0.5792186183950558
0.756099109862499
0.9680446166129919
0.7338177277307267
0.9943780243230901
0.654328707933978
0.6357261057251089
0.7840676992498841
0.6785845230089214
0.6795434222952119
0.5050324755482196
0.6028840450783257
0.7788473236737574
0.8699840092752709
0.8079191654806779
0.6413654095210185
0.922475858699955
0.9359231413787567
0.5404730759173191
0.7222561945086553
0.8705022082875511
0.9795705643229131
0.8377094471049651
0.6712282087187424
0.6525225665403833
0.6787788356460804
0.8758872750814286
0.7524620498226852
0.5015796291853147
0.8732198638487052
0.8903377355714805
0.6601890232961601
0.6130648059821084
0.6271323309069043
0.9400655569943418
0.5995492627125836
0.5288791713864109
0.7150159752249636
0.7586500007846944
0.5038085873944651
0.915022532757881
0.7433754966671177
0.883436967019742
0.7318192885247792
0.6854355381824764
0.825637787259178
0.6994497768858414
0.7918765048519817
0.714828515378686
0.8013154831762423
0.9047735696617254
0.6893328872623727
0.8431750361050304
0.7128919825854907
0.8576837573091005
0.652072034076435
0.9631091698929555
0.768614698355115
0.7186082189749916
0.5469329973329765
0.718543250148034
0.8929909065962336
0.8943920270332162
0.6683294025132656
0.7326284440405375
0.6779427824637418
0.6480658937495266
0.6356993688550909
0.9091582428129712
0.6122623404302311
0.5515049823466326
0.8764821262700012
0.7967578515904706
0.6861144951634377
0.5920514094208917
0.7061443345268072
0.9474841834010661
0.6157387519476953
0.7633012510854115
0.6352301892556389
0.5063278837786476
0.7942755542664481
0.5856678268039496
0.7177282624594551
0.915198247916241
0.7181848016619485
0.8903432051678493
0.6896190277946213
0.7037259551298868
0.7024472326612845
0.631839764829226
0.7338908525827288
0.8051857784597263
0.8332282079051395
0.6545607327518304
0.9447929208785077
0.7330228951487259
0.6145221106286491
0.5522636713110562
0.9636031505122122
0.6332455809462247
0.8349993567493361
0.5734533907956301
0.7836436660387601
0.5860777773161769
0.6382681904879961
0.8620701904644572
0.650438033419124
0.9370119691718125
0.9504215131730681
0.9876584278782137
0.8473430835464376
0.5785811851577738
0.7723395821408798
0.9709432097883384
0.7554379077362945
0.7850467330457895
0.882498480442096
0.6742998270270932
0.6542113530613436
0.8240101434941125
0.8369013013477513
0.8043253848964104
0.6056411223516175
0.735329179026419
0.6831948646250812
0.9165547012077272
0.8481761347250869
0.5068330998844166
0.6332755395294203
0.7934226477709647
0.8015034736715034
0.9984428970015294
0.6686680443861047
0.9087575777242711
0.5565188080494543
0.5595527477850499
0.8020123557553751
0.8018414131984261
0.9748823421124075
0.7945027112268206
0.6925282099298886
0.754462000685143
0.5696395559236225
0.8967109326529061
0.9015751541106698
0.8300923432491971
0.6782563638402954
0.7981852044100046
0.5330167406506063
0.6191685678905583
0.5597460733512718
0.833359197207134
0.9683722883339709
0.6258612145362819
0.5539562086928349
0.8404635477912674
0.701119315709155
0.5718781997362323
0.9165855231740321
0.6830448183528428
0.9447598035237663
0.6394268731664297
0.565717315886627
0.8432728326059448
0.6038114642636825
0.9160058476367037
0.6886733797548261
0.6409483337024433
0.5110121899877018
0.64732986872807
0.5808060506857079
0.5221569596040416
0.5591836609495568
0.596693384749536
0.8177850586736439
0.5502914469098219
0.9565661870814404
0.8338629910698959
0.7356098779293099
0.7077136938910548
0.7987101442132286
0.5000193514056958
0.9442024622433942
0.7527804869605257
0.8998047718055651
0.5117065207686277
0.7148233702433133
0.8086816061507536
0.9283688629372793
0.7461800751281431
0.8165259464502164
0.6950630243958942
0.5049719830626416
0.8002322716098133
0.6146312707761326
0.9872949114977494
0.7012520208745928
0.6654088462903552
0.8204912488428697
0.828110659552233
0.5877744982306474
0.8047278469176937
0.5732658676545468
0.5907367355642554
0.536843550469069
0.8532477332213306
0.9306314672051781
0.8563025185672175
0.8078343330636821
0.6545604338829301
0.5967520535577799
0.8668505454647257
0.7753749344775798
0.7092240805326839
0.835367209863233
0.5516708413787774
0.5615494005067221
0.6575256547242088
0.9428164576690645
0.7069905488347077
0.8580666621738984
0.9395408814519564
0.8933850776496087
0.7593443724289939
0.7410114401604864
0.511298042585818
0.8436197809856774
0.7367529491729015
0.8841615974725032
0.5567043546004423
0.6545174706973459
0.7408238270100806
0.6037676557843283
0.8960355642201054
0.8141144269358997
0.7031758195105329
0.5302024047041733
0.6178039567467462
0.5680414241826532
0.7261571704156898
0.5450589959450465
0.5394533234182868
0.5352014634942162
0.8956040679567474
0.5683788048891627
0.9640369867243727
0.9700872832115244
0.9008695293135409
0.6197948664313155
0.7566078115074606
0.7917978867830241
0.5806563745802219
0.5768455769289569
0.8722817020883928
0.67601170541373
0.8397656782930175
0.5208605259283937
0.868892723154436
0.7154952823975671
0.609788317132455
0.9205525757003836
0.730471986012681
0.5026274299053586
0.5144757959811684
0.5726870298361098
0.947632505579678
0.5963902043805851
0.7859780928890392
0.630395485189857
0.9782325558771855
0.9718896352889022
0.5734247174059627
0.8447329311311095
0.8793609704545624
0.8484309523483506
0.8370541336924229
0.7350588155431499
0.9091506325006755
0.6029053844250511
0.740662651757114
0.5198434094297419
0.5896858419241806
0.6907764630590304
0.5769576756210011
0.9238145183513357
0.7562449578949666
0.8183049334931338
0.9889772583642942
0.5499800462979121
0.7158248100602407
0.7620698862510042
0.9586629531013316
0.679792384127317
0.8538119960327694
0.8597195809244931
0.8642812679845951
0.7994105843403941
0.5038953266307149
0.6089303881340421
0.5065363436467911
0.5709554629660311
0.5898242099053652
0.9013690927000998
0.5129316843048186
0.5172401915743102
0.9239920282876641
0.6075356948181099
0.5721088757429303
0.8561361170612395
0.9737405377901986
0.9067137497488934
0.6586477818673278
0.8259310617779707
0.5618039068962336
0.864344934040512
0.6570924047549385
0.8787555232618872
0.9322398708196449
0.5829330907813761
0.5435264295556747
0.9045401973500451
0.8948494257237027
0.5126400462627347
0.922193918152473
0.7491325643025755
0.7012085589382036
0.8492644023985181
0.8630540195750189
0.833234479798009
0.5573725720357444
0.726793423967352
0.7956139805080602
0.5963513638117102
0.8321704911972472
0.5572569819994291
0.772447585466026
0.7342981953646537
0.5608724530480692
0.7899020058869224
0.6190038606513295
0.7198501845474394
0.7633825321715539
0.9449328304199174
0.7986869230933196
0.983906229824369
0.9071142624746393
0.9485728023865999
0.9215038484640163
0.7734898663684536
0.7262162164943756
0.5941488097233709
0.512359066336058
0.9408650167602588
0.8733020563321221
0.8254303551107655
0.8489334396315604
0.8605132525812766
0.6758126532414093
0.9204022335471718
0.775269506376844
0.6495981398518222
0.6789980613716949
0.8942869453956966
0.5752190716744607
0.569965487414382
0.5343765012233809
0.5376718798605151
0.9353253376005164
0.7044797157292355
0.7772185365483765
0.6804487726709177
0.9954308202249914
0.6025597939824932
0.7163629925084924
0.9232300516114893
0.9006893850129847
0.6123166434272739
0.9124251763323148
0.8510155375598334
0.641877535937591
0.511806149855891
0.5834867035018465
0.6553527170976106
0.7009651164786898
0.844210437420363
0.6643198015650638
0.9345351740357746
0.7201877809127092
0.7069271612731418
0.9986348429044093
0.8601736807928826
0.8526522440990711
0.9970797990620787
0.9599796792018349
0.8224105046066492
0.5188509722128525
0.8470261788254893
0.9168089723531818
0.5131844817737392
0.7885853700300072
0.5665185356093403
0.6630949271893902
0.6765395342254564
0.8874220477289801
0.6812661587375424
0.7756799612724974
0.7041840549857123
0.8033039347818431
0.6896044822198404
0.9555768410062124
0.6679179988053203
0.7140350301875587
0.8376744085375603
0.6837841976043568
0.723991607670037
0.70048897012736
0.9313314032674578
0.7566127932149187
0.5301170205685215
0.6005240034628179
0.7457877044072774
0.9297764789427827
0.9347457808164735
0.6180907605863413
0.6207701556752256
0.6292170062426721
0.6613348967605159
0.6204946037604138
0.8921681257835488
0.952296338473902
0.6576169030745098
0.5940877342107924
0.7199179267721659
0.5313344853948592
0.7927919719111869
0.6188771004565887
0.7172196944255891
0.7131359518213751
0.8053521959815324
0.5861625480015691
0.9682563388502081
0.5280406841971936
0.5581655501714855
0.6534496982491159
0.6516675275279837
0.9152645314322014
0.6579365837768629
0.8568628402962302
0.7526642620160928
0.9574689591524508
0.7360601672245868
0.7222448824821441
0.7706708353199528
0.5654735355963941
0.9091771320646609
0.6570659439904067
0.7781711900835881
0.6477054103611309
0.5995830306323925
0.7436659456656783
0.8280016588513837
0.6389931841928498
0.573256313499634
0.9023903348671005
0.898489976864548
0.5511874779610173
0.5332154234106798
0.9164460002301771
0.8086618701938438
0.5411289641293215
0.9401438803816178
0.5688702478046197
0.7216840733912944
0.5055536422615037
0.6980007573415914
0.7555361958950586
0.575929760095069
0.9612927184847173
0.9999636580369333
0.7747279410780262
0.5766150806786292
0.8687903178086871
0.5702362481264164
0.8913245206263734
0.9171852936304231
0.7168082765247498
0.6026314697135784
0.5169805451772977
0.9671066274454245
0.5299060359614107
0.8455752985784437
0.7872663923434651
0.9644019460118903
0.5908593047166532
0.946657180162769
0.8343056615206247
0.7732213858317394
0.6475208892598254
0.5541231609827011
0.6950975759117244
0.7982814275014989
0.6277207467707346
0.8491595491240997
0.5068829818724394
0.7882675810397836
0.5713934517818402
0.8867926040874006
0.577208374743617
0.5638465746525818
0.9951351580402167
0.6825531254471935
0.782924439306989
0.6756988115503729
0.9711648773794481
0.9239064886007633
0.5927951286994457
0.9084583628546021
0.792731912953303
0.6232646062104452
0.924812841776394
0.551506050992322
0.8334721985558122
0.9221460850541794
0.8794299112492732
0.5066845259740245
0.8108518478375593
0.8890590971423612
0.9157894439067329
0.8041807347809504
0.8716827138618937
0.6066300279073641
0.7750503714161189
0.7242148577408969
0.755938163924496
0.5202113672142887
0.9041451207160917
0.8602476799806048
0.6954277149417689
0.9215947886105231
0.5247870350717312
0.6916231084322143
0.8815345812895861
0.6034516595955215
0.6155377531835596
0.7395446342039138
0.6069317659138072
0.5702766749546457
0.8268228195832444
0.5026456271477623
0.8522053872608167
0.7594176189815582
0.5164814467479559
0.9282419167386037
0.9830666965022017
0.5085524061928175
0.9862133844927146
0.7938965894346707
0.7709245218483527
0.8250378255287949
0.5877169027903317
0.8117181216429226
0.592915278655997
0.8393469039595869
0.7287201773716601
0.914483342419038
0.7342657786845992
0.7142421076133149
0.5794892770548494
0.8011831214790879
0.716221445295963
0.6290289330041158
0.9822236836290906
0.5788818941887615
0.9061763439555441
0.8469640970714398
0.6694746272035275
0.9260890692065373
0.9062981982986638
0.9710274455761173
0.7275645647835671
0.7367373920611118
0.8760169904249864
0.5876263450495713
0.7996615997053209
0.975071218248993
0.5497895126471597
0.7018768066923091
0.8637182661132135
0.7145353505757251
0.5467801538551568
0.7360967664776237
0.7598574422472506
0.7077907478141858
0.983498398123855
0.591121406329852
0.8808542286367167
0.8040842084428225
0.9333003350351741
0.7676545616787886
0.5763820556408871
0.5499888562777329
0.6006209875063262
0.9565192387456074
0.5275759822629251
0.5420104314335096
0.940247441447216
0.5072019508361425
0.8675776465393115
0.684054413307027
0.5352729340646935
0.8827670827654855
0.5968179017220694
0.6230711774624578
0.5355215544154516
0.7330030511205827
0.7795368006583245
0.6282190298359278
0.8890694210321277
0.7619820640856825
0.9744837189064681
0.9348401052049573
0.9446443274482624
0.8351357689259504
0.8139699229578468
0.9218778495631601
0.5908499781880457
0.9941686257424434
0.9107612002333387
0.6513141892797555
0.5421328119203641
0.7707898539052921
0.8618974318548118
0.864853026081446
0.8051273417884619
0.8219901473101808
0.8559611542034791
0.7250372897322772
0.9785077956317076
0.7741371624775074
0.7163436010459532
0.8598228804463515
0.9946558857785093
0.622859192149436
0.9513675104827344
0.7957861742829939
0.7020696919238443
0.8209920024956369
0.7642019302589594
0.640368082971971
0.5962178151715222
0.8678438284095724
0.5399818202102014
0.5024485859631703
0.8561595625260147
0.5195756788814963
0.7811189825788665
0.6498915296500599
0.6798532743279013
0.8934413899213545
0.7682786219971875
0.7416354519599981
0.9923633339003795
0.6680111246300988
0.5935500844648045
0.9781527194470747
0.7546159123666207
0.9325227085122685
0.5416374810222948
0.7270110499365248
0.536783010109247
0.9759999860052997
0.9642024598915164
0.643617422763324
0.8261940404817503
0.517089688822923
0.652267632796651
0.5958956168775862
0.8388085674078385
0.6918028328405856
0.9703018253999338
0.6694278709847088
0.9239166736035156
0.5353662854003491
0.8281915896010599
0.7733141128430588
0.9045657703485648
0.8453366250044754
0.9734881668346202
0.7035351848028742
0.5659719123961338
0.7725068917612601
0.5774121937971823
0.851659275522146
0.8713034913639117
0.9127753478412335
0.6371121569094508
0.5970804828602221
0.5704124065196351
0.5732139171567341
0.6853467972634213
0.9277747162751814
0.6714222447497671
0.6886489865389699
0.9340793174637696
0.9768630094226434
0.6082808595401595
0.6861337353767498
0.7045396625898673
0.887797164533431
0.7470279055424499
0.6930898500267475
0.5749584127187424
0.9840633099419471
0.9159325218480534
0.7561611154696405
0.7510852684901662
0.7249939456455641
0.5021740051322104
0.5052053333795372
0.9684478473411645
0.509732151576068
0.7480075656873717
0.5729737387609611
0.6057893129775251
0.7553791319481957
0.5792689190808935
0.7320598196989774
0.8747485447746628
0.9896157870429689
0.7428277274159732
0.7210074121570361
0.7928022006067814
0.5375910213000782
0.8071407429819828
0.8529453327690346
0.8623626146615004
0.945366656437353
0.7510304055871582
0.8355221058510218
0.500295881080391
0.9840887082795778
0.7447326551533229
0.684024425849751
0.7642932043482945
0.8133492961006907
0.5106295109956647
0.8031833158840932
0.8942326777686634
0.9192675869290562
0.8552805014851731
0.6097618501977735
0.6912237655551521
0.6248670109608753
0.9599679097991967
0.7476600189453861
0.8368106319371609
0.6710447409914457
0.5167211326740964
0.941171886606994
0.5684284921160971
0.7646537437382371
0.866244924904734
0.6147496326417892
0.9727911230619726
0.8567773386030375
0.9587221424745361
0.9920821674592696
0.8576115455888056
0.648901162946099
0.5180786795186121
0.8389873618484778
0.5346539030188615
0.6348759756616648
0.5896366408949535
0.8811271003421982
0.8831188720665388
0.882034091957699
0.8602020932457703
0.9875543119835233
0.8124694916745645
0.7047911743457465
0.7169195490496398
0.6983169776887769
0.9537770744544483
0.6993124406561524
0.933696135745303
0.9042782592714331
0.8711711990597895
0.7635157640879489
0.8306872908211689
0.8299251581829965
0.8581229718032444
0.5196404433845812
0.9450593827371299
0.7060053760697392
0.6614007233760488
0.5527457113214227
0.9571900232809085
0.6269975934977903
0.75368016110862
0.9243612281764365
0.8999118637648689
0.5031678688377921
0.9241783014155046
0.7084715610509087
0.9189408853888898
0.808986074018973
0.6623773857485057
0.7062412040369168
0.9447453137972709
0.7165638189313246
0.7469096004580728
0.7739484580196305
0.7118346133119546
0.5506169820775034
0.8092447958656849
0.7343311926776336
0.6619056541923135
0.7647945465092023
0.9593948103055021
0.7455397257256244
0.5192770915976335
0.9296211501261511
0.8635906954274184
0.6604038445057535
0.7940448358573204
0.6302096011360003
0.6024030548819118
0.5973696959534076
0.5960156225899127
0.6243247012018888
0.5306947669374584
0.9443445660555865
0.9261193327011186
0.9807079490712007
0.9337248251149716
0.8564235793592259
0.7057223789494501
0.6323066867017456
0.8766710914010778
0.9722712032325832
0.9743344890902919
0.6879669185307649
0.7504397338145197
0.6105355597532289
0.8641375423540829
0.9477647856145781
0.587809109643517
0.5289394290217092
0.8244441758929351
0.7501894985733787
0.9273044316951963
0.881099818657304
0.8270286672085203
0.6900838571706815
0.6121031038770408
0.7228580393514676
0.6750234827866468
0.8710052516236108
0.7868249490253112
0.7707852542663531
0.898320774291874
0.8654929138828176
0.8367158850526976
0.8761438469653031
0.814700104149656
0.5250083466079815
0.6560680540270911
0.6730262729942742
0.834158866548107
0.7451603420997372
0.8643963748330623
0.6625649383143775
0.643892330086459
0.7366597073030209
0.6966481919667932
0.9046431052149491
0.5435710526856701
0.6338907392749479
0.5917429549239913
0.820848065606113
0.61592369561516
0.6481605652948956
0.7751185196567096
0.7107372159671639
0.5113074866437886
0.9540032757507196
0.7375522713656933
0.8303396381157071
0.7990810090296512
0.6873142784979192
0.7223130471488513
0.7359702054467112
0.9069137335455121
0.8627722035822528
0.8228405478435175
0.9973708657252808
0.8875120350563332
0.9378580570100645
0.805072590644915
0.7755238393065145
0.8215199765153092
0.9586061721125401
0.52956651501779
0.7393450028133223
0.5890418670053424
0.8377062965453798
0.5954450239842696
0.6805352665258868
0.8483953000094624
0.5921730345487703
0.7778334329108468
0.8126172655304238
0.7241764541408433
0.5494062615322008
0.7818565946800249
0.5527491415001662
0.6346260681629332
0.6140429285986114
0.7612699138278736
0.6154036147312849
0.7537421079184987
0.9961072523670922
0.8870677535270372
0.7393674759335556
0.97916728367807
0.8438797450931221
0.9891030666803207
0.9281578244880697
0.519988692895035
0.9377165570252769
0.6169499295432416
0.6912004358301607
0.5954574362206164
0.8779782876742299
0.8488640779772311
0.9730125681077479
0.8863510612527166
0.7408800712980368
0.7481392638181479
0.8725888072367805
0.5549350892322045
0.6173807945243905
0.5761339881993119
0.7801299246112454
0.868864163694098
0.7348243208305363
0.6040997630037364
0.8280793338053954
0.8250697464214108
0.7795522834506573
0.9895397809934701
0.6259940392746937
0.6653907172876918
0.7680623641391182
0.8605367523300826
0.5666499767682662
0.6151530170532746
0.5442944334725295
0.5214583383498399
0.5606526585475555
0.9248145138274323
0.7052780243537015
0.6590893301138625
0.5369483701376697
0.8681554565030459
0.6141381434373384
0.7762757669033316
0.6991581742014907
0.5621042429403906
0.9637310012293108
0.6702696023565221
0.546735957229803
0.7249789855468032
0.5543253649394886
0.8488482582421542
0.7570596722216256
0.8820641753143832
0.8044582657961521
0.6064936523217089
0.5251565531709247
0.82174152332201
0.816937793595784
0.7199381737893245
0.8502573370015227
0.9958182828251176
0.8498243444036793
0.8303917246996722
0.6891873638744397
0.8261165383468221
0.5850467608012555
0.9508527380465938
0.505175644150048
0.761074898552377
0.6473705121677066
0.53733184518575
0.8614572883209092
0.8647680655846914
0.8752219108397163
0.6339731151949934
0.7349727719670773
0.5136256563039963
0.862260559717977
0.5811312320114372
0.9072456703187682
0.757536936420506
0.6716239244765716
0.6361495205638916
0.6306206309609166
0.9542444717531797
0.9983344675743696
0.8505590334706243
0.5551665711000457
0.9755720730444342
0.8852542560363061
0.8447237013397759
0.8269427155165361
0.9192475038953917
0.8558988272607508
0.5273042044417622
0.6155513667375274
0.6527999391928215
0.6319167502683072
0.546198390187044
0.6163725362686899
0.7094315052330165
0.6595106394079702
0.8635340252897187
0.9253777738575559
0.5131954731319263
0.5542275053295205
0.545853928402193
0.946784971916246
0.584844771969191
0.7008441774163889
0.5360550107416671
0.8712122253265338
0.9982286531375113
0.9818043591826359
0.9792093225324239
0.5913022454607357
0.6015088354693405
0.9498473845368297
0.6965709956040619
0.8675959888555064
0.7338288920246252
0.6979972407506403
0.8435489646363294
0.9150726987447149
0.8698276921273769
0.7723683475264589
0.9777936532767815
0.9128170447522816
0.8802449633426523
0.5577215782053431
0.6483701525949388
0.6174216690780782
0.9243848313674354
0.7764399343815291
0.7753937762676107
0.6084606932004171
0.6868781844307525
0.9551921899832039
0.5243302305673948
0.5362354629152202
0.8023471381246702
0.7366304237298162
0.7384412197396923
0.946451722803165
0.9575560471331255
0.7186461758621068
0.9041842467069628
0.7471832574460366
0.7641076546852473
0.7607393981658692
0.9195427351582679
0.8139890719931377
0.9055433838999705
0.5620703565564409
0.5918532467472815
0.8173703348889194
0.5964988071589555
0.9483530067741547
0.8722437867848648
0.7532063255907551
0.8609202772693099
0.6000869248344379
0.9026409986248466
0.9721920089799025
0.6807683605829762
0.5498268935784614
0.9837783140166443
0.9787807342136761
0.6699582497966652
0.972970606091706
0.7892033905809805
0.5548368295269002
0.6045947434894772
0.8746511444228758
0.6100915442775625
0.6198310795943446
0.6704934282150521
0.6992497475825445
0.8133353271078656
0.6664427513535061
0.7776010800791866
0.9524853097375247
0.9793354852421605
0.7831321874458654
0.6455266363071801
0.9907087505315728
0.8218573362522467
0.7017570798160873
0.8517824533419123
0.5343783228921885
0.638936451371803
0.9274058429481691
0.6720440769306859
0.6134117092990108
0.9269512929838529
0.8359479535270274
0.8627454779678362
0.6302556470786131
0.9816523623137308
0.9393051954125872
0.7986848934827315
0.7138601935982514
0.7204723256583832
0.7915418539042733
0.5385202438181991
0.5396397510016175
0.8793948636651261
0.5528064570512372
0.8544021501554466
0.8001201530777744
0.5458701527031162
0.6974089091356074
0.8582609463208595
0.8751073302929031
0.8523486785046954
0.8663567967011684
0.8097101191423919
0.9778615323723516
0.9462854350904502
0.7490659255981295
0.8790478801054706
0.8434737164790262
0.9722430836649149
0.6772109832184958
0.9799128239203587
0.8477240657718147
0.6041388069469711
0.8549951079215145
0.7234336493779697
0.7513653862188492
0.9203457524704884
0.5083484418306685
0.6485373992886767
0.7085654554461198
0.8016184765883212
0.8153069437740259
0.5925024537800819
0.5230301013970897
0.6008231341635704
0.5139277938938713
0.8537403436332138
0.97687981841705
0.8373053075559549
0.7651588538200353
0.8156064897403362
0.7454834499757643
0.8608767564283998
0.6444027462955771
0.9406969389581004
0.8157435861476743
0.946990177855827
0.5232830649618113
0.9745930113085082
0.7883577290766954
0.7888856446271706
0.6119585579272836
0.9124964737414476
0.7767090957005229
0.769326340693152
0.7464026169941071
0.9319674916167437
0.5190905271002091
0.6063519912495321
0.6931920959473917
0.9060726920977634
0.5727947411686258
0.6127289148322914
0.9336696515657068
0.9010865261796562
0.524028156300441
0.7050596972915151
0.8616532234622196
0.7484785836467107
0.9143629962599766
0.7510615245343086
0.5891623631205715
0.766899471152932
0.9552816208005886
0.5558249253864762
0.9088946775323639
0.804373853464639
0.9603743861425897
0.5063849950306085
0.6982363554923312
0.9176438253190218
0.7755955303706323
0.9035325525064694
0.9362414873879502
0.8998815014051753
0.9578518138808176
0.8813875926477475
0.8928182509339383
0.8255352738869662
0.9056276799635672
0.7353324999908732
0.8209227862691415
0.5737585790985814
0.7174740369742063
0.590259939680339
0.6958751231171922
0.8114602620848266
0.804698436992658
0.6111567991294686
0.5083366678650956
0.625361849944768
0.7508306571666927
0.7876117233948279
0.6162137208333265
0.647581692429207
0.8806229913291335
0.8115338991981231
0.981045293192035
0.8881905535140879
0.9858947532736847
0.7537198587784846
0.6071326885488072
0.6735535954145515
0.5347126532400595
0.5344764451509076
0.9041197332086741
0.5158087081931441
0.5446043372202987
0.595890657760322
0.8588570119560562
0.6280987854204305
0.5931881049841434
0.5912088338859076
0.992099364488351
0.8005307655474962
0.8853686320391354
0.5573247585347965
0.5224358271972582
0.6232281272877451
0.559289937203646
0.5460396583610416
0.8000946468532274
0.8820610323603384
0.9084787346311669
0.7002837286679444
0.6405660996340244
0.6734084268334906
0.549044834624659
0.9182891942504727
0.7071788417153
0.5315059842455756
0.7310214321135832
0.9366474981635635
0.7322649552414577
0.6321768868418531
0.9355595850888853
0.5728715651871576
0.970419903770411
0.736490866519177
0.7464951247305789
0.5469789408675421
0.9616420722854255
0.6278914752688469
0.509363801984487
0.641233556034855
0.9725106898908321
0.5436517505459237
0.7905868206145603
0.9735184275825748
0.7001759885798804
0.5353844970242817
0.9923215339162715
0.6981248056651473
0.9854503087798889
0.5428394792479582
0.6010044810037962
0.5977930940662894
0.9121472147064373
0.9301558038648172
0.7105927537534545
0.6174109054389698
0.6997995772882495
0.6621282096912796
0.8212778738935084
0.6176533384975245
0.8684126245090447
0.6111039006523385
0.5327952930242845
0.9444706177632061
0.8582204364286841
0.7405041397418468
0.703081254865972
0.7788884739444961
0.5986650795670689
0.9780077272604353
0.6232334509936125
0.6002474374032172
0.9677717553218251
0.6584389563906783
0.885976688808195
0.9346034372045418
0.9036025523111052
0.71081231590822
0.6135877184977339
0.7465061262743673
0.6455062631607256
0.950417700162977
0.9209642486655487
0.7609375883970849
0.5395402053897029
0.6420497720952083
0.5446376886897663
0.9050488489554308
0.9197727808918564
0.5121592681268753
0.9088516577475976
0.6779546302310366
0.5809172434555634
0.5224409876705727
0.9623789828910119
0.590696035647929
0.698191008656194
0.5242375728914881
0.5203757779393748
0.7325187015231756
0.8168461512783847
0.7449435866194711
0.845829284799136
0.6763869692868504
0.8493550925090554
0.8826129193960153
0.8290628175368027
0.709101205867281
0.8577430887272357
0.9265368176065105
0.6348700603871276
0.7091278608804362
0.7951273936259224
0.6135958348215576
0.8328565089784288
0.8070263112959368
0.8298605983824272
0.5335473745343864
0.7645272265434114
0.6755072558386603
0.8461800038521734
0.5047413835954497
0.6375017213001903
0.9311909651398356
0.6675049867401022
0.8976221268812442
0.5036420283350945
0.6758614521003139
0.5434797063267276
0.6265872228000764
0.5121245917977151
0.8003727090118966
0.6140079139810302
0.5503186094909478
0.520995958244735
0.5017510910905612
0.8966517236695015
0.6274547685657178
0.5761884430515773
0.9858112052530684
0.6338882776867811
0.8813680578739982
0.9380082699316294
0.5121433232213828
0.8746069051958413
0.5609418998589737
0.965557583492271
0.7300390158329035
0.606387407949602
0.709562610029457
0.8718111103308249
0.648369266196979
0.864975895463288
0.7193150745411541
0.6119282332165142
0.8854538402779573
0.583009712447266
0.8738258588538017
0.633922797103043
0.8997858711883937
0.7310064507554738
0.8682226098522143
0.7535709129386409
0.5586236382143467
0.733612677992896
0.9522946953307769
0.7140753350026761
0.9199197857610013
0.5966989104838041
0.5514703900220495
0.960913354055372
0.8542494271591394
0.6120301993042541
0.8463410084282637
0.5893384532015951
0.6650223721826787
0.9680945613589564
0.8503149282308351
0.7325383301798555
0.535088341495078
0.6673192693036595
0.5757754069504991
0.6134794248990147
0.5204582979567378
0.50994624481274
0.9170528642332044
0.5243920244427828
0.6114644192258785
0.6073980932843198
0.5373524051059728
0.5171707326928681
0.8893747361782111
0.6871947873607831
0.6609797837454301
0.9576749762160028
0.6979976012786481
0.795902578468189
0.8514983553717052
0.5741440179370969
0.722566934520913
0.7932522705520918
0.7342931763121936
0.9971869497436505
0.7605185299343811
0.5049340741028514
0.5475118787642541
0.8204741974181411
0.9262873880159277
0.7383326624925955
0.6423227957480309
0.9344475886280434
0.7011718349473489
0.6759293824328629
0.5690672977449656
0.5602168145108489
0.9552033248925645
0.8201271033002088
0.6246568145716491
0.9870896469706374
0.6904262547355846
0.9423702990047657
0.9729205071039072
0.9499715450622419
0.7684630505704247
0.9060815495799401
0.6912942070757064
0.5697207556945166
0.9713161816756299
0.7176131142869948
0.9185941755774657
0.9811428625391394
0.559647176817792
0.9665306231158356
0.7073758531018142
0.8214278391409584
0.572006347860303
0.841502140062198
0.6170533580538966
0.7498842480111075
0.6795972279670688
0.872800941572148
0.8258211961604822
0.9982566083948978
0.8839471064282972
0.5725932657056514
0.8266904815970069
0.5052398510575011
0.8569306190855142
0.6912085053231769
0.9625166558197913
0.6005400366688787
0.8128567736679237
0.7977766966794995
0.9755200699477485
0.8817578554884884
0.6955577528476189
0.8132772995579439
0.8921025488078507
0.7821056559318418
0.7661074176525589
0.5264112270432139
0.7680492625041877
0.5180692533279347
0.8473770631088428
0.5254512829463516
0.6458233584447683
0.687463984215378
0.8478468313025861
0.9983153549633004
0.8300532152337298
0.8324186126343704
0.629489102894353
0.767381660996616
0.8517704243121204
0.6759651435060653
0.754958267166388
0.6910265508954958
0.883148335232629
0.7934459080957532
0.5647643489626792
0.5238025361776788
0.5123369982728687
0.5718981206787821
0.5743494359476254
0.8835364609103966
0.8668341982105763
0.7260062679130376
0.9203152036873783
0.614167809779259
0.5481079811796385
0.5705305908201097
0.5360986094467449
0.7149680516087471
0.7227935695957545
0.7161860735509014
0.5561433891454517
0.5370954031863404
0.9944489877308935
0.6930272022652939
0.806189447488652
0.8580554190472942
0.8267441171735914
0.8979773777755082
0.783946866751955
0.8571978047478771
0.7687537139826046
0.5377233809126913
0.5858622240141971
0.6017282965721067
0.9641924407055792
0.5943244328297189
0.9045325499336547
0.9174155675239809
0.7521166987161116
0.5590261182284226
0.5468531941842041
0.6550410116301558
0.9989199712621468
0.682438754697934
0.6525653523196908
0.5544201487124758
0.8319048318190825
0.6616324466226873
0.6891022531676313
0.9640981642051971
0.7219888769009053
0.893083325666449
0.7170220658997487
0.7625102269878647
0.6465769654424317
0.9947680444513827
0.9106169989076351
0.6550290438701323
0.6412831925156279
0.5231767880410974
0.8736377885702984
0.5580098948387169
0.8519114514066062
0.7891567630853684
0.6271775338610313
0.6150334144121099
0.792012982280921
0.5760168913817324
0.597385224469971
0.998341053464612
0.7376814107723079
0.9463436954644918
0.7868925601085233
0.8932615974877767
0.7463867363035652
0.7574574104983693
0.6970351647833685
0.7378947325729446
0.5798794304524781
0.827941642825521
0.9945897385506975
0.9478760899139446
0.9471682863122697
0.5759717832524789
0.7682420798014316
0.9116777943423013
0.89806702841521
0.616002118014227
0.6056799557702698
0.8490094885420778
0.7905103348464558
0.7478488474539177
0.5855471018691734
0.9829088280412943
0.7917308878134696
0.9989762364449213
0.934182997506815
0.7929846019028769
0.9937788434183366
0.9117304292146539
0.7077395853502925
0.7849168452094248
0.8288064990927448
0.63293120658982
0.6533317489112576
0.7959486573157813
0.8584919340762789
0.551162778555989
0.7791357744677501
0.7536536935753444
0.7552751463475826
0.9311043344225953
0.6062401409512725
0.7093694118749159
0.8555328089924904
0.7403843511251025
0.7601741594819078
0.9100302005365337
0.6197591421575961
0.5762760603581889
0.7570395215065964
0.5277988841986606
0.957855372540445
0.9950605378390771
0.8946171768425994
0.8006183458018958
0.9559923991766968
0.7191279365908425
0.6905074174248549
0.9431671012759923
0.551492923541917
0.8457832049027594
0.8875497546103919
0.8157358159707249
0.6493113596691347
0.902492019600383
0.5701199725500825
0.7051100663927625
0.774215442000572
0.6225124951219738
0.6338889491288646
0.7692053521905222
0.6152063809105057
0.6813042851855864
0.9808663409739852
0.5433601061093633
0.9071225095865969
0.8285322478858933
0.9113002710959268
0.6115258504510637
0.5612764168172403
0.7820157323839082
0.6640892385047859
0.6117292389570727
0.8091597052782531
0.9035790544699158
0.7271557155697375
0.5185331258728421
0.6846237086384221
0.8221915521880988
0.5577649506715676
0.5030070886109257
0.9341494642307493
0.7936238857279088
0.6639497441949405
0.7873015800864969
0.8761949875363986
0.8661283234872281
0.948983543420163
0.8555256924048479
0.9225518691639115
0.5565791754991443
0.5619291084565083
0.5157232764510893
0.9491854003676581
0.7850237821287399
0.9057279133710314
0.8146429126078405
0.953482726692185
0.7410728935330957
0.6604323397557029
0.5400087570664082
0.6753433526542916
0.601812414276088
0.8982665980487212
0.6176718046336125
0.5239081240396203
0.9957740172239997
0.8755746457086047
0.5828974594214067
0.8428426879307194
0.6275586808040803
0.8931088444824881
0.8259177298857283
0.7869707195058685
0.7158098933897749
0.8638647520007636
0.5189833702143858
0.9731286727299558
0.576865204411931
0.5882711920124255
0.6524914352752365
0.5113440666417401
0.8664735410661004
0.7846026614762884
0.6915685916304938
0.8065747056818918
0.608058538338722
0.9721725985867525
0.5290958697732584
0.8868380305716576
0.6571980883743712
0.5655841558531454
0.7505709311202944
0.7145680113415039
0.5945760535565643
0.5306687036387454
0.5027689846571737
0.6943704599319718
0.6713043836979541
0.5825784014289401
0.651289474712949
0.8236853438981598
0.5842029659766692
0.5086486041339816
0.6098060669028718
0.8099483466721653
0.878341091889177
0.6649483506375378
0.8179157866435844
0.9234699495536935
0.8488545937697277
0.7183417053491552
0.9491636796957456
0.9301377156921966
0.5583531699138392
0.8073861605126392
0.564384941950694
0.9154260755310475
0.768900462465313
0.8625651098322574
0.869136930086462
0.6246077376973984
0.8117613654701494
0.563152313956852
0.6561235735098715
0.5444501442146197
0.5971098918180382
0.7942199367929504
0.9133019621932643
0.9704848692511794
0.6500421128655149
0.5551982717196653
0.7551175156102069
0.9960564355403424
0.941347847850154
0.9752433745637076
0.7168313712110899
0.8256641963596857
0.6745055821188
0.8280247692272595
0.5916162603351556
0.6647919421984051
0.7920878548767045
0.7082075620576412
0.9209627889411776
0.6793905484771187
0.8496686927119743
0.5988060493755782
0.8033023140679671
0.7723773832736771
0.8199992432187402
0.6756714228646674
0.5895691990863545
0.9609955073674363
0.5315644086220956
0.5502660378916262
0.9823868006668116
0.9527467020110211
0.8331095887326816
0.9291633521195687
0.7438799292492166
0.8376302112275875
0.8468937315927243
0.6198793819956553
0.9608732563512076
0.968463910697233
0.5704829319220917
0.6999046576703951
0.7502736901953733
0.5863835584914786
0.7561736678781527
0.8078140455112701
0.6149725739655916
0.7877735741183016
0.965775656656302
0.6705749983916087
0.6754546789511219
0.590058185187903
0.821746563157994
0.7116994797167535
0.7753901095510641
0.7149189299607241
0.7027360455428782
0.8276485747922255
0.8861509069542353
0.6679685943040273
0.9288358231734368
0.7344863106725478
0.5503228054640444
0.7114380542667418
0.9075504018332281
0.8425537372591925
0.8728139028469467
0.7090878743291764
0.5043373613773205
0.6309865792202229
0.5867875956806918
0.7110823346180923
0.8775854216183345
0.5818968841606654
0.8346798624103168
0.5528578984615407
0.9369725924281953
0.9653750360176492
0.8873435513213928
0.5378404345007416
0.9964468951001837
0.8759279995351816
0.5788485866147768
0.9384852415763789
0.9947712688053768
0.5595577673689955
0.6786498336171595
0.8165227804150161
0.5513112661400941
0.8683274180045064
0.8043178864846738
0.8244872929628596
0.6427689404873957
0.9146911545217593
0.9674748756331104
0.6829145610091163
0.7099728209579412
0.7953790635142604
0.5391599181061194
0.7527117127719771
0.6879625643489643
0.7852587850059493
0.8471012369349804
0.9157966941105226
0.5127049500144099
0.9047367047511765
0.9631278217627544
0.9763503234832057
0.9329184364630103
0.7572449982281511
0.5258147436162545
0.8009964929708017
0.9015376366703525
0.8210537656661943
0.8401130584557915
0.9395208492758922
0.9802786269209989
0.9767844393614038
0.8127068577273822
0.8388220586752302
0.7068004027294089
0.6181269938859544
0.5953175173632097
0.8755897853231442
0.9961800789717015
0.5561033496131603
0.5826076846667718
0.7122655316422982
0.6371713071449512
0.6628180261690941
0.8196303972875564
0.5909981322845037
0.6723671341218459
0.9447673060016184
0.5428240692328972
0.7364838278380041
0.87294617325766
0.7178278868404089
0.8996992257406775
0.6799593742159147
0.5294756837149213
0.7318802632208617
0.5033588832135085
0.724600042899941
0.9682563993523639
0.6990191156845865
0.578666126839319
0.848312438915938
0.5072570278607915
0.6325392569147938
0.6587700448062096
0.7425387998702431
0.970943174575895
0.6123449342694851
0.9423768549273075
0.8497719003264093
0.7248379455053302
0.7629578810184457
0.7656946947620724
0.9792859602890716
0.5665528629169952
0.8523986242907426
0.9884113073382872
0.9807512368023583
0.8361102763089301
0.8015815583678749
0.672972870566569
0.6939822879797979
0.506209826373746
0.8909430709069017
0.847759889452133
0.6659299316765579
0.895680616366682
0.567397731770239
0.8041010454773967
0.8022397572420819
0.9076822898814054
0.5142715942667315
0.9087430070069964
0.65549274212654
0.9236915196945699
0.8417955891906617
0.9003952122303543
0.7675785402225019
0.7151315498453555
0.9142841975616414
0.5580050089751243
0.5533056202550397
0.9310869469652074
0.9048044455968789
0.7374476022437891
0.9376804946643766
0.5712001188443914
0.650259453321042
0.7384951705694505
0.548593465046305
0.818733389275093
0.9796240593993162
0.6575900588399513
0.985452219794318
0.5986462194930788
0.6718287194984214
0.8437887521833747
0.6969129678014608
0.8729914783653339
0.7164243948945619
0.5081700805959832
0.7869093219023529
0.5684762085105436
0.7065479822318166
0.6107744998690179
0.6381292099685364
0.9923476072051844
0.9782384755587672
0.5676053040753146
0.5683877673429398
0.6416320530007953
0.8191547377159416
0.9285233126645389
0.8364906382179371
0.9575720365638142
0.7880286681065054
0.7538486338579655
0.6597537692232973
0.9847390528172419
0.878624465551004
0.6523015355253999
0.7274909887416787
0.7057449366866775
0.8013888729333172
0.6860166557597662
0.8974093256393862
0.5728969532970232
0.7446224344557624
0.8612540484652469
0.611910344383375
0.8930865097014214
0.8288826265541853
0.531108394450888
0.7715692805290582
0.6874075682837759
0.7171537551594747
0.6315453514599773
0.9297309762200907
0.8749713446074227
0.7417344880252341
0.5522187706784395
0.5838113773494532
0.5107562809994257
0.5339589614357032
0.8728140200079691
0.9822821265285901
0.7628032134726697
0.9880560533564899
0.5202557048019296
0.8077350145216817
0.6159606761258637
0.5777192286494859
0.7633854090217557
0.8689111712294556
0.6103142131517756
0.5910935010277754
0.996838883485706
0.9203626392513051
0.933853812209344
0.5217397311420233
0.6351982833464707
0.6316132517381734
0.8880892872982769
0.9449552180005278
0.917253730247543
0.9246104323240167
0.7734990472372887
0.763166506374195
0.757163391156561
0.9922989970115768
0.7899750889399413
0.6349406700589149
0.9479102853370152
0.5505261048966448
0.7619009645194432
0.5694285502179974
0.7265857200471894
0.6577032292001301
0.8102472270088356
0.604126322229387
0.6419261715109943
0.8336831906715656
0.7167294930131529
0.9507039834257948
0.6971586350359669
0.9470926723730683
0.6511350317183613
0.7744948655002126
0.865966957713008
0.9957404547437607
0.6768940884202755
0.5567575396161926
0.8640566347043089
0.8880154560538935
0.8669093803524963
0.8177464591502177
0.5732205669033044
0.8541947552310623
0.8509659534883267
0.5308829323314956
0.6243059458413163
0.6104830802289232
0.7968824285914011
0.9978621883109171
0.5393846501479893
0.9702170069823389
0.6099102625556422
0.8247823372559433
0.5522829852194706
0.9279854206652675
0.5308808929033786
0.5553552353985398
0.7426877549010266
0.7899673040750974
0.5628178809993893
0.9797001607724842
0.9157732957060154
0.7293387126454383
0.5636289146774485
0.7822686934263725
0.6826897936817258
0.9746864122740346
0.9636491900984403
0.8550314749290455
0.5083226133737153
0.6833540436259453
0.9593535855233745
0.7848576172859681
0.8308655010099584
0.7491476858910986
0.8135189880806142
0.7501595081359791
0.7962911833453397
0.6361283438316362
0.6002050978845945
0.9604446321007984
0.9476432236590977
0.8720742348278017
0.6113951297652187
0.594092283094547
0.6175335953279325
0.8746046400007975
0.9598037436791884
0.5675792453978714
0.5530913805310014
0.7553836759407144
0.8343052142294671
0.6278458598736325
0.5836963788236801
0.5722383562396547
0.5962458720007049
0.6598251807373927
0.9710485224736751
0.6309994682382778
0.6518777085078857
0.7499914272149057
0.5027107609971678
0.983008368913509
0.9514187736654844
0.6848822587693763
0.9706923468673463
0.7547302387349084
0.5880373169685946
0.9778760241593849
0.7325163211306913
0.7577358973209523
0.6911740858049296
0.665994458554126
0.636539350952545
0.6335328882840103
0.7110012717117786
0.9273411029066141
0.8357887146822638
0.9617180605458571
0.6631105019615471
0.7318304933731574
0.839695553012215
0.8400243624697041
0.62562429400071
0.6092660762078178
0.9208115320360599
0.7982453049001252
0.7738740762747112
0.921551107064374
0.7226911964128873
0.6758631989632404
0.5249242928050112
0.970084048355535
0.5489674258578888
0.7032055289740786
0.9273058876167083
0.7707310955243099
0.9535479691800037
0.621893546819992
0.5280043526219129
0.6989597495986952
0.6093240674499409
0.5939306835731909
0.8385291738852705
0.8692026643135506
0.565480403285248
0.7248475226050398
0.9745335887991475
0.5464332113661567
0.6842443750178688
0.7546943300695608
0.7218519314554054
0.7731828771019996
0.5942040398028187
0.5170245341509643
0.5801137710880989
0.9369084676463104
0.5256125998454737
0.6630835927563823
0.9949416232337616
0.9586892466062419
0.6570065121307358
0.531448290351423
0.9284657548381309
0.8515250396396173
0.9217265340874045
0.9584475439563247
0.5565552559155749
0.6515147064113781
0.5888752880245206
0.712992561497711
0.7810482828320089
0.7767743167907248
0.86488988099565
0.8235784110167842
0.5937682618797175
0.7033214040426676
0.8695245033859068
0.9485141291756847
0.8763995925492841
0.8208685400851884
0.585396727795811
0.5253609853186971
0.9568858511298732
0.6335733847452502
0.5235879302770788
0.8174301658778876
0.7529107234394066
0.8520304318482357
0.627684927254878
0.9476979718049385
0.5934126829703581
0.6184763760035406
0.8040806506352955
0.9551711948402113
0.8092908851402563
0.7514585041793198
0.686783297567781
0.674709796983425
0.9935881302045925
0.596015826321969
0.5925656679636775
0.504754797842947
0.6204916323774845
0.8368310774739774
0.5467772867418745
0.6024695798619084
0.6861984793763941
0.6244305181121725
0.6438265553806771
0.8057747465897835
0.8711595708833371
0.5096241964843504
0.7977886817275732
0.9822667626555217
0.8153101863699215
0.8657671915515679
0.5572301428001394
0.9930518514328254
0.9915533967933865
0.9924176851952633
0.7252034719073335
0.6587421109764979
0.6030856707778867
0.7840928321892616
0.967845499029074
0.7760262149477075
0.653501987610024
0.7045009679350487
0.6067271181159565
0.5110474464652437
0.9183745426181058
0.7036187217937193
0.8524911461322653
0.6890446840824926
0.5068091692284324
0.864152685487583
0.9667876237388813
0.7947745937892117
0.6431691292024626
0.7079402883110251
0.8228679501225118
0.71645063921115
0.6422339102229369
0.9441439746704334
0.9349413509999243
0.8223243211154031
0.5292646456683054
0.6041666487997153
0.7218097834232545
0.6380337282909003
0.6873812209274678
0.6542499388239038
0.5829470061529332
0.66786045427329
0.5401422805505227
0.6465789669445446
0.9605471695793102
0.9277391031341246
0.5691944624238241
0.8178490758035034
0.7804887292996572
0.6886085602040078
0.9585618218843537
0.6454428833548351
0.7874554558978087
0.8329206394531209
0.8892389710139382
0.8285175978498358
0.8057558073079771
0.677257995732812
0.5214811881554442
0.6220841020325483
0.8981085790595216
0.7866525683114283
0.9377368801296897
0.7837985253938877
0.7098719489303742
0.9831477530615351
0.5873026459853856
0.9287221316648798
0.9228714047860209
0.5645294284254111
0.9085992382594267
0.9892303997160791
0.503552381316767
0.9449134624763611
0.7021005891175394
0.6217842002475731
0.9474656025535552
0.6180078404056463
0.8654628857995321
0.6382652111809601
0.6075502039423482
0.8615231753056249
0.8294695593761976
0.7891668799651109
0.8344958866641436
0.7606456953378599
0.5985802310426025
0.6112903292306869
0.8612062829916551
0.8286484903557801
0.5736352201696484
0.9490228718288702
0.7520727459971405
0.564749238366732
0.5057059915246114
0.5740603857301215
0.6467857682516606
0.8651166773658239
0.7730037159432244
0.7137097745941092
0.8017549149521923
0.6137363900718764
0.9807239694691479
0.9226276094143688
0.8600148775293428
0.863411606133182
0.8786428756253675
0.7054356542313699
0.5385013698005143
0.7371454498952754
0.8526061034051567
0.6489245482436325
0.8233783112852507
0.559119519787271
0.5293597320660948
0.8589538200702953
0.9786546703565825
0.6790712251329212
0.8517607656820152
0.6546176933648185
0.8943041172680766
0.5750210352221286
0.5015980116491099
0.6539792573406766
0.6038345674237264
0.7378550811773154
0.6646825899388629
0.6190110368081926
0.8428740999550735
0.7535686719590258
0.7700799423989603
0.5622134045318352
0.6290854914190261
0.5483779690817798
0.7214697775032715
0.9785554281826971
0.7546935613348372
0.9370303394447108
0.8869413801997879
0.7524934299327388
0.6781123243268654
0.9261679821147117
0.7339529178710402
0.8255903860771455
0.9251726756981069
0.9880621361569681
0.6925858772174152
0.8375770016983832
0.806647301398397
0.5391215980183011
0.9289054356584523
0.8341196375468789
0.7229390632908785
0.6454664928783471
0.9333994490535241
0.9124929694537911
0.5570465660651036
0.7280143248674337
0.6616521231413006
0.9149661953224999
0.8769554607128306
0.8888409211598496
0.8209422116247005
0.8992421287280252
0.8605574882379126
0.7585126183347621
0.6654342956851482
0.675541583244322
0.8407866298486191
0.7451001016830152
0.7286850189841715
0.8242713296012516
0.7318718580608123
0.6287453673991388
0.9456614581742188
0.5450892375106922
0.7912633737127847
0.5779950232383018
0.7634241573598353
0.9246052927405256
0.8481321988362603
0.6212032062283597
0.6520465120470984
0.8719638785724095
0.8046041417948887
0.7292738444428275
0.882026543681205
0.8812787105146401
0.9563822465737835
0.5488964582916256
0.7560111196585417
0.784485966175289
0.9561358452331559
0.9659305141877383
0.6789260360869404
0.6700928771680974
0.8692983931474183
0.8899300840583464
0.5478267995983671
0.822063812903863
0.5561983655584061
0.5294975153874734
0.5703856444059122
0.7919611780507725
0.5593222822488713
0.7478054633032581
0.8685409349180151
0.5583305005966535
0.7899666473089912
0.703353548780582
0.5128112205839561
0.6908865868885357
0.7874858813133363
0.7975491578983842
0.9772035637960872
0.8940062604390777
0.7872383932425695
0.7535252058429853
0.6190185621028652
0.8133183803736319
0.9790875027959072
0.6557356335520029
0.7439047029119944
0.5999274802244597
0.6371056820570689
0.8280629148915954
0.7296455337641358
0.7427978783556073
0.9997543068526957
0.5100743140478139
0.8430853638894928
0.6537184737900497
0.5534895192832039
0.6835050878877373
0.6391699069547232
0.5420334844931314
0.9573194801431202
0.9008451259479158
0.8378182169687465
0.7211150092078552
0.654552169135338
0.7247162386236852
0.9234654735466395
0.5869283204500018
0.949232862968518
0.9749015342968614
0.9053472607235684
0.7557910476227141
0.6018688776592942
0.5777249271263398
0.6966330906536897
0.8001312444828077
0.5977487547738973
0.602418001524545
0.725931331316566
0.7634257640616101
0.9685630207761933
0.8756092892244055
0.6651350950591208
0.9145989739908393
0.6617021022805406
0.7212492572353122
0.7686841780061815
0.9952593106524757
0.7784101577995386
0.8686545088731601
0.8453516423258495
0.6514420616950913
0.5698743952733812
0.6719429536905819
0.9903793702689386
0.5832072347084003
0.6893587591420245
0.6078890967788024
0.9741017278821045
0.8990365561428013
0.9062875817789946
0.5932708004436498
0.5194612181757812
0.8313022747887402
0.755520212472258
0.8688313148847162
0.6794700268536588
0.7485630761163322
0.5858179730654938
0.5673216690314901
0.9854903818049039
0.7561260018955421
0.8587058053222807
0.8095953304566219
0.7808175637674861
0.7065374843891771
0.6277179243533132
0.5596690513378986
0.7727037256009555
0.8784630886685796
0.7193835006834676
0.9386977324153978
0.6689949420564256
0.9663898092655399
0.7892240121954881
0.9594060883846407
0.6792231700911613
0.9293947332381798
0.6559627482391293
0.5606438416808495
0.8454595600727673
0.9946763908255403
0.9566492822135138
0.9135163360468463
0.9196385978840471
0.9987509897129614
0.9761640581753193
0.7913591152557091
0.5804686771723306
0.8445657728411363
0.7748677306107162
0.786035647459443
0.7919958748426816
0.7119291665254337
0.6195615178077333
0.8089770873482045
0.8939188449679036
0.7904184065558104
0.649794604118895
0.6225959572063884
0.7371120006059201
0.6995145670331104
0.8240318074685693
0.5684326637330672
0.6439544874108606
0.5459413199641485
0.5595445828942816
0.7384852371493116
0.7548229879702935
0.6443547615045108
0.6713716057646139
0.5482249242122006
0.9681955401666994
0.8589739234976735
0.8324276399566111
0.6874938042071552
0.8971516081355144
0.6312142779725427
0.5092497737702015
0.5340352077029378
0.888458232496263
0.6051592972077271
0.8628849740742008
0.8075266582299424
0.5124911591131223
0.567350672369631
0.730719120120928
0.6178465698547148
0.6978518364172333
0.5330905265402046
0.8325232668061946
0.6483540320750967
0.6487051300729985
0.528712874486456
0.693842472550779
0.5859821759349766
0.6078730065063545
0.6639614850022169
0.5147338513735722
0.811857831462496
0.5409122468288472
0.7341411398870581
0.9506405563370187
0.6157838442778083
0.8154038492058213
0.5301895885443366
0.9863688270432064
0.6032730224690221
0.5950490892669951
0.5138917039744703
0.5306075507988681
0.5331842239759903
0.8872799811485081
0.988430549674435
0.9906377945569544
0.9874888500189765
0.6689753693037868
0.6087945118141526
0.911973630086429
0.9686743562177651
0.7729492182456785
0.6595411554608825
0.7402423391776518
0.9012103004629624
0.9537515604258139
0.6323298885760069
0.6853468765575754
0.5470905706775521
0.5464190592851397
0.8899485716642481
0.9012085332529087
0.6686992897094532
0.7339007354273218
0.9782869608938933
0.9969439278716995
0.8664123470466389
0.5235861069908361
0.8292622566671713
0.8605794054417655
0.6805852057745096
0.9131633647617192
0.7688608665849568
0.5002624337771324
0.5603165018463017
0.6984771228877182
0.5269167673368724
0.5438126785034078
0.9105864706545277
0.9012199482852767
0.7630624114415212
0.9479419286022965
0.9694698748646605
0.9927743901462942
0.9365615172926357
0.8170300016254604
0.6951769748639907
0.5726799561050512
0.5434599724733875
0.5355692764283124
0.9230482722334226
0.855277189787246
0.644762490149456
0.5839625655574393
0.5285257764210889
0.7382459256291357
0.7010509315127429
0.7628663324508784
0.7654361863546646
0.5178581723164748
0.5687490559196604
0.945027699761184
0.5961360153447219
0.9625262055683566
0.7820432350083035
0.563695529374292
0.5326829335079446
0.5417491479286956
0.7062913353455456
0.6475508539460006
0.7310156131554062
0.9240463762236005
0.7319063507359271
0.5749981067974261
0.7967247637390587
0.8953034014026103
0.5582652571301311
0.7745427362708117
0.5765148732937405
0.815018499517312
0.8379640424636827
0.5358613338013664
0.8284668431927749
0.8500804788032505
0.9748312403803641
0.720206656662947
0.621415119383834
0.783382161492401
0.8521822928550606
0.5625804310284483
0.7227368508167258
0.7939217212366397
0.6854485661114251
0.9427003822272104
0.8751812302808796
0.5241167317386467
0.9812032001632369
0.5698147941078565
0.8745041050833156
0.5091862387828341
0.786721413768527
0.7469276014011056
0.8392276097558277
0.5556532287144644
0.9744309062798145
0.7058125205296166
0.9704417168179261
0.7821149629933051
0.5344488573317783
0.6773367212677477
0.9399152372279642
0.613203727171544
0.6931367688989942
0.5669897513158099
0.6599106913409527
0.550304889354888
0.6962981210088852
0.6638973157282118
0.5329740693429127
0.8652100428988962
0.7875574938360944
0.5922733634428505
0.9788955963632108
0.7446937722393896
0.896028321274566
0.6419512440293604
0.7959781262214122
0.6296034918442561
0.643596714565251
0.7010416847269506
0.6044871785544215
0.9848750388785193
0.9247326110564986
0.7806658893235092
0.9671171581428496
0.5802943056562333
0.8266669807917009
0.5342408896219857
0.7175663403193571
