0.6912500542325497
0.9491357898486661
0.9866576915889611
0.629999712094201
0.5833143143056371
0.711881167205914
0.8401276720416252
0.8053605930205967
0.9892430274828086
0.5028627571653181
0.5758767896348036
0.9709812562726625
0.761632387001643
0.7482370779459357
0.6544266976677728
0.6174762069015075
0.9879674477873026
0.7246697921840735
0.5626328829834689
0.6608326961044526
0.6756673655563599
0.6838274774325757
0.8478266069704403
0.644103959457395
0.551539326750534
0.7955102290302126
0.6015208143835
0.8767568746448008
0.6225373790121076
0.9795680641266497
0.6546913131473957
0.6929855407297836
0.5151098158643619
0.9182371935121592
0.6577891452411972
0.5935990351231288
0.5419576003453399
0.7031058933089074
0.5034683749587938
0.903381431971542
0.943421791145546
0.591841387308436
0.5482356860318938
0.9500065406763181
0.7203395677362621
0.8869112697925822
0.6561841424433937
0.9440051093318529
0.7248939916620769
0.9056308359320129
0.6872460320021393
0.6882614972733969
0.9809790493081929
0.5366299495178377
0.6569351436262332
0.5461858228501468
0.5584624249223198
0.8193978958148496
0.7988217644875382
0.7290313425230805
0.711010737908139
0.8916884795825143
0.5017511158136043
0.9221354020333314
0.7372876428710391
0.8297737076698699
0.7245398088110973
0.6043441637066527
0.9850581843645783
0.903569940624806
0.6498087994204567
0.7281534120305067
0.6468275750968886
0.7130149576156133
0.8387914221740024
0.7309799411651123
0.5183723599543557
0.7893807260322265
0.6395032584514269
0.5515489112320413
0.9424847243819625
0.7952654450680408
0.8520202940840061
0.9493618472962038
0.5626293448399543
0.539300837254854
0.8220067431529718
0.6381795784149707
0.712371222697336
0.6532956778240191
0.5971533101447528
0.9462107454750273
0.5151120446774776
0.6235311976206985
0.6790709085746558
0.8222142542951032
0.8384660619841973
0.7860009421811047
0.7424009673498935
0.8842704462068486
0.5613615063427682
0.9186989086491111
0.5726881312486742
0.7361340511613548
0.6002103435320346
0.949809690113112
0.5941911914646989
0.7887011216962756
0.5430219893808204
0.7033213923570145
0.63531672857814
0.5874003703000243
0.667372059851096
0.5771844090800509
0.6492401412273225
0.8031011695976623
0.9133123000862635
0.8894764273112864
0.8866839155493487
0.6483019818877918
0.8959641033291386
0.5841891377816486
0.6674518203165338
0.8176637073147957
0.9004799034708524
0.624219598716545
0.6750324609764637
0.9890076300879245
0.9709960178067091
0.8103457821877142
0.8443859791763568
0.6024532532959751
0.687867408183132
0.8425045753546213
0.8266994745070531
0.8543209137587684
0.6411187245563212
0.6742506086792894
0.5538406865463534
0.6162782650405791
0.7419831101244045
0.7756342448519498
0.7989703793383818
0.5283221281298849
0.573393697494063
0.7027192719810835
0.6057306818485921
0.5205804616967591
0.8880056243493498
0.9440465756927086
0.740893747357448
0.709041852044375
0.5750566078025615
0.7779559302665198
0.7657498748306413
0.8084157147656108
0.5242538998799088
0.5339449490342623
0.6300226926333639
0.7128296728602053
0.7819187428573705
0.7061756705205978
0.6756332504050382
0.6748248184829782
0.8902744313900928
0.9725334364827898
0.5597995402103282
0.991364290132384
0.5666937923648591
0.7093085274095521
0.6246533486405885
0.6338199951230115
0.6097001297634812
0.6409486735851584
0.9990556956354708
0.7292778472153645
0.6662090769976934
0.7523231640441489
0.5854448581943771
0.5655989565722531
0.8972767124353334
0.7974728599710266
0.6820032473763713
0.7745259442889456
0.8642064204137136
0.5690236922519882
0.5388178657095235
0.8937246262654076
0.6576489842235784
0.9779949676531305
0.8649975120125794
0.7519029818229942
0.8430883740267234
0.5970592145097999
0.7338111252767587
0.8433340239511398
0.8485856071486912
0.7805915112534936
0.9850108802887377
0.569227923924885
0.9879873264834282
0.8497865251481438
0.7761492449217375
0.8565636215664489
0.8874551752841795
0.52368965885094
0.7574994890528272
0.8691247851807793
0.9574663233703212
0.6539982357499778
0.6307939876631229
0.5729323808563334
0.98817984159635
0.9992150026855868
0.5208453146011613
0.7571670053707011
0.8948399329422471
0.5494122633796226
0.8976262644571962
0.6240055708717924
0.7425766586733915
0.9519203695466572
0.8299899980939686
0.5955187728169682
0.6871447931134298
0.6150518618594716
0.9163019849536018
0.9548390740300137
0.6916859527483086
0.6217283806673979
0.7207704988197079
0.6408712295244658
0.9520856429276845
0.9954783280087943
0.9650446032395201
0.9974369315940596
0.5138634709439445
0.7378432550297331
0.8201244203066205
0.6726108268436131
0.697808114798341
0.5785714098996837
0.9132212053840022
0.843908110160728
0.7425722577111282
0.8981402447439777
0.9290585296657501
0.8488144748429477
0.6266166242981845
0.7840059287022481
0.8666423116841542
0.6875632766424866
0.7761188080230248
0.5986711222451386
0.9592204168865901
0.9945389912423958
0.5603230168064836
0.6468250255993703
0.7385612100023311
0.5866066851147258
0.7632557044735383
0.8663065642267465
0.533125306257031
0.7499054602796313
0.8380589513571854
0.9138903468005546
0.87391780039152
0.9156807385246899
0.879121170553665
0.9856546662740309
0.9231627714839122
0.8405505199041443
0.6927148604499158
0.5081444571614468
0.7091704236061489
0.644176333988526
0.8736059419390976
0.5277444759553549
0.9947267005783513
0.8565660434527651
0.5240512416544335
0.6242918232562238
0.7411591986954215
0.7696728799461925
0.8079764356057304
0.9301210032480387
0.8109603749489211
0.7104995373628972
0.7377217251425552
0.8406020207557767
0.7218911959042712
0.8497459415750312
0.5950249455287628
0.6859978604754651
0.8844517647804465
0.9305967112346243
0.9322437838627426
0.712962717055218
0.5045722210520338
0.9002319102189668
0.5352470545006525
0.7588547184296011
0.7591572116048566
0.7068234323071478
0.9164825721918273
0.9979477412789206
0.8482424561945466
0.7410103964782467
0.7972798870908484
0.6631054270733449
0.7086151495877118
0.9151308919702916
0.732459995539793
0.8852787781597036
0.9254187759932877
0.7722781925747015
0.5384627468498058
0.7776656551820074
0.8071283077887316
0.890487424275849
0.7615258276968867
0.7137811533835476
0.9863810623163669
0.9400647822100406
0.6813513507121114
0.8916667098763245
0.9691823395570545
0.9794583623414892
0.655929254094308
0.768583061567867
0.8578730625379913
0.8725652254084446
