0.5953169744197606
0.9270081239677607
0.7279809491027254
0.6135404455173754
0.5784671881362193
0.9507272130069204
0.6225327275835957
0.7057386121043474
0.8131309139213031
0.8018639789701678
0.5352014307778845
0.7080659464320251
0.6709891158418313
0.5933521844077374
0.5131642284911109
0.9441800251163968
0.7536828447126307
0.6040539898062158
0.5286479126128331
0.8097464831890329
0.6350021367080009
0.9829936651637052
0.5633897046544067
0.8932171357588058
0.7418714304282293
0.5050230842585971
0.5997255207334171
0.9953815711546676
0.7903835842348952
0.6490809289977858
0.571069604275483
0.556200274109453
0.7270557924496642
0.5891580388513171
0.8433867512470934
0.7062070453151673
0.9548471684065793
0.5857372309935593
0.8361189641878998
0.5559302416622052
0.7421906441027579
0.6282495626722602
0.5935597898713896
0.7362172085743657
0.8070888211432592
0.7423343818924655
0.624844425731151
0.9425940115163033
0.927183516991115
0.8895234880308415
0.9871196714065607
0.7681511001469506
0.5776717836814358
0.9043127866708154
0.688938021838938
0.5429508279576118
0.8913518568779635
0.86797590401661
0.53666099424398
0.9585123848432242
0.7469218391780826
0.8291251038326155
0.7523998671634287
0.854651778615023
0.9933650291973317
0.7847518894220047
0.9206588449807938
0.8850973595467884
0.6336542957752049
0.8473505164037365
0.5415722659542617
0.8953279238818063
0.6423439839033711
0.5107996912062562
0.8623768982939234
0.9871238150213383
0.7501386929884658
0.9195338213666155
0.6211697493140005
0.7327314764223822
0.5067490639269825
0.556321080190624
0.5439541299817102
0.7294814979170574
0.50244414967664
0.9382612485218034
0.6986628248132927
0.7515865021517748
0.9197782298281336
0.9431001827978975
0.5814060308089588
0.9661337654159943
0.7804065049422524
0.5029066364992132
0.9052668785407425
0.7489049070580254
0.704099899985293
0.9976059876141516
0.5949787987639312
0.8492643700361582
0.8170971867022649
0.6647020806745181
0.5022800230691589
0.9853508742108861
0.5030649769425295
0.9438223835980464
0.8333201258605556
0.9888225171636777
0.5576874441587163
0.8737779838244988
0.8456953871743176
0.5412159927890605
0.71035833278945
0.9122068937895291
0.6242082797968141
0.7702227233345201
0.763718575346156
0.5903654735356102
0.9086252947472753
0.8395424473513777
0.5569015167009658
0.708923321858897
0.5177770372385921
0.5893979745580669
0.6265171507126798
0.629011843434811
0.6422265066126279
0.525515684211777
0.6598729355421222
0.8734069079872295
0.9065398168543716
0.5666542077521962
0.9245441916104492
0.8792966375260121
0.7170885513053982
0.5473519133864448
0.732511526033087
0.6031146437772905
0.5280364825687291
0.9529346955009613
0.5485135811771695
0.9137186731764962
0.9588435826727622
0.7484232938526844
0.703136100630826
0.6400022671570993
0.7287436898228292
0.7632758408216613
0.8498072150830223
0.879927532569648
0.6896600742254089
0.5241909167482832
0.5188475383641247
0.7319072417205732
0.8157318926718589
0.8744261053435671
0.6093098289464836
0.7452361451878711
0.5313469075509488
0.5187286698980655
0.6584105067167323
0.8586312100609543
0.6825465343488247
0.6396603701368727
0.9603286663589297
0.7546451216389414
0.8020374967764103
0.7150995069170567
0.9936478119259096
0.7908257781025423
0.8686019075297251
0.7563379663055311
0.9990452742992437
0.7685117275978232
0.8692957993122357
0.9764980538328837
0.8582495167416285
0.6929492992407771
0.6837280172279454
0.7887453523530212
0.5312557311839929
0.5988009427317621
0.6017856902021319
0.6457995129339129
0.8895941511631142
0.9321815662013105
0.5067898908318391
0.9397441259043118
0.8354589512418997
0.6226164642172423
0.9265621297353306
0.5295886440717441
0.7428181838190512
0.5990236884166599
0.7462509389238603
0.5621768634870556
0.977682495472752
0.9186506735944435
0.9439339267636156
0.8149559592744701
0.6898025444440683
0.7077955487141463
0.6922636355787414
0.9688072765804292
0.9674738489900642
0.8000965111034775
0.9093895895415429
0.7763320159863205
0.798475358244511
0.8449506273141172
0.511759759712307
0.9493450721674912
0.8134414992241474
0.7974914488793035
0.5847754437831634
0.7286922085381857
0.6614186170713773
0.7520042483248707
0.5606851947599671
0.5067092727513822
0.5137445964362785
0.5770816639018181
0.9531772634439679
0.8265297057889351
0.792092089972513
0.8208617389484639
0.5239310773502082
0.6592884187935444
0.5402455179890635
0.8571440907687246
0.6705768150875357
0.6953292104931788
0.6457907519234114
0.6769596322624933
0.8560235166913922
0.8509189770517291
0.9495868847645146
0.6379272381814074
0.9973155473567783
0.6720761455735326
0.9679487135937563
0.5741979826340438
0.9055445370741941
0.850304737175049
0.9110431461836856
0.8906889034678295
0.6528008259765766
0.6970872650876697
0.9118414524468288
0.9023973864975141
0.8029693903526351
0.8909948960769157
0.6937724410523461
0.8234496364798587
0.7522913549803643
0.5687882507511488
0.9527916618119842
0.7809234047451463
0.7881474214272763
0.9952197983043215
0.6070954001952797
0.9401661467452472
0.9257984801027004
0.6228399477378851
0.9794907438017781
0.5654874373694438
0.5683946928280417
0.6938527187538177
0.7155917425696063
0.8798283144195227
0.8135616934740577
0.7334291399606085
0.6962663594392133
0.6799625136893999
0.9731637875963386
0.5898091201041817
0.5360526221581221
0.6041558037081711
0.5897157451666163
0.6629798067785125
0.9630350383988191
0.9415271756541477
0.959872275847585
0.9682632449717088
0.7723882772977373
0.9299495282768668
0.5565792046423117
0.9149939132109461
0.5134213284006719
0.5176194251314605
0.8578372374828642
0.5810291642811642
0.5090643042149029
0.5467719388208345
0.9212794663290766
0.918388689915697
0.6761775103890773
0.5254623312681321
0.9802628121535684
0.6308289307071183
0.7973624757860087
0.7630789492297072
0.8270476820900852
0.5862048409614911
0.9319746801885851
0.5639173015227603
0.5064058180848365
0.7212601543754369
0.6840304459341489
0.7041325229923825
0.5877975323279441
0.9536275720795329
0.9123329096525474
0.667910061609517
0.7834660433601157
0.5230851663355173
0.9541826428071136
0.5016209156567866
0.5348201711333646
0.7908726554665915
0.9429749270523029
0.7236959595338128
0.5922018374002751
0.5657213307815219
0.7818103422337858
0.8607715202864251
0.6252785078086633
0.5967985021165148
0.6772232577674306
0.7431426282552513
0.9323300798266748
0.9729637553153292
0.6038978797822969
0.9944783922860292
0.9273521069746162
0.5592671895887877
0.6701171658310017
0.608113973371464
0.5327706832961631
0.7550176676304781
0.7765995564848108
0.967141993318124
0.8780644151252159
0.6419441305698719
0.7210010618379621
0.6594317311822129
0.776437148588254
0.5396137400276466
0.9754138822102945
0.895339439923582
0.7269552698743955
0.6794872966704677
0.9795537555718157
0.5075186068083606
0.5737706827944853
0.8472778748822349
0.8772763113911948
0.7125424150761953
0.8296842714469628
0.5158145850894508
0.7301988320449884
0.9930101728090426
0.8260254427300959
0.534129297521477
0.9681656999667538
0.5504167966603399
0.5907953690837453
0.6058144561220358
0.9771199127654201
0.6107917092440851
0.8247035148341366
0.5317129755077886
0.8405167594823137
0.8979330694412178
0.886342760703063
0.6623772719655991
0.7064242353935675
0.6222664567634413
0.577648581439751
0.7550214087694544
0.7318135848769421
0.6621840782616302
0.5416565041933425
0.503228213442348
0.7888920040326828
0.5872762744454734
0.9646650879037
0.7212407982289015
0.9808090916472405
0.7034218604195038
0.6024300595250842
0.7044120086701532
0.8029348986629998
0.6668856689661569
0.7045612743751409
0.8471820359194695
0.6790054245758141
0.738207090190854
0.9913327251908501
0.5601074511888675
0.627499890395208
0.7119129094176285
0.8946100261019436
0.9313681181055783
0.9902863240985187
0.651570993650264
0.6557882559332131
0.6345614664304446
0.7876355657642456
0.6510591546467497
0.7794764061560234
0.5752669818210288
0.6770703003875108
0.7705348717228939
0.6667444756680174
0.7508957746669358
0.6355446539612464
0.704174913991821
0.8844213679464015
0.9847883116018414
0.7880433485895965
0.5398713739185492
0.8466662690207077
0.5418367570503125
0.5711674391065691
0.6276376571436815
0.9570532634116617
0.6665737731872401
0.7054872322879411
0.8186620814800267
0.608497090244436
0.8244059234354786
0.6037997280088212
0.7233086075656044
0.5931324481140419
0.6366588777260181
0.9019496342256429
0.838959857628262
0.8118357398363586
0.6435191485560765
0.8314189397643523
0.7284545313943473
0.9142402708962858
0.6478408636911075
0.6280074711039372
0.5736802437354602
0.580775446840278
0.5806304833356196
0.955475706675081
0.7751137256079657
0.6594715693111293
0.9110440959002342
0.7173903571988598
0.9806564275325447
0.6052152088593645
0.909177655747996
0.7845175503739217
0.623402626503633
0.5386640377106529
0.7360330863536502
0.9238763565798773
0.7724462347468346
0.8608627118700891
0.708043949408494
0.8051249446702204
0.9873586061289537
0.6027367266981486
0.9975828530917898
0.6259566604507308
0.729037882944548
0.59672597963195
0.6183205734555429
0.9379683743890206
0.8902331749493881
0.6087673144887883
0.5471237438603733
0.7903097774631609
0.6922548334345628
0.922269781654157
0.9307340984203268
0.6599945547055653
0.7976690341196536
0.9062963043924124
0.5469423703291534
0.6266163140894323
0.5809767827700172
0.5137163279679423
0.6533998492356798
0.9352564962968493
0.8190989862258282
0.9034857874691193
0.8256595443266446
0.7789599449401811
0.9239796996443592
0.5677815020616414
0.6502638011906363
0.6088033891289684
0.5565010638741456
0.8130894521586596
0.5522566354457439
0.8031802017289134
0.822958215158339
0.9427281259123972
0.8979609886430674
0.7005910933106267
0.8829632947103312
0.6187148656100522
0.8637014094732275
0.866897239723204
0.5102248316689468
0.665197345129156
0.7482924406106173
0.7492144352571155
0.8733558596692425
0.6906409072022173
0.9663970470751899
0.8201143559488102
0.5209897841694222
0.7585590653001766
0.7796216768040309
0.6146398868251948
0.7225850913122374
0.9542966553196133
0.7444674876964262
0.9829167340605071
0.6452666914434253
0.7287870914236702
0.6263678336253429
0.8596846735688748
0.692930331861541
0.6375952278356489
0.701892047131496
0.6340458955484862
0.888064726112514
0.7507418234217293
0.6898785433719983
0.6583705784309257
0.7513651081287896
0.5641271163919815
0.7036216234427872
0.5918062160799314
0.8981295824385035
0.7530710728473902
0.6620434085394243
0.8634325917015444
0.7856062647430195
0.7771059579571593
0.8835850801513844
0.9927764368660188
0.5258953652119638
0.6497328727276896
0.7730348339645547
0.9774098464090328
0.8162319722141617
0.7070232887341108
0.832995100551498
0.7590013639518214
0.6805722307063687
0.586637962496741
0.5154721398422952
0.9059479124158082
0.7666937686389514
0.7257549234183165
0.5320812772850201
0.6911170275745675
0.6530498680478298
0.6077401596211719
0.656864389465625
0.8668787523258639
0.7725219794752873
0.6555135805122626
0.5972569465158963
0.9821251356830527
0.8255767570655828
0.6632448528976524
0.8414716201614907
0.6232112690351517
0.8979536556789541
0.532087137792987
0.6778409375267873
0.7938592514390872
0.9342875676494447
0.8183331882500385
0.9499724406696952
0.5818439435673587
0.7502994968939547
0.851237484092876
0.9974951238866272
0.7896405933138411
0.5125898073880254
0.8096964055880116
0.6545895807451054
0.7820321836690365
0.952212113311281
0.5967181656730587
0.8174328889527178
0.6296023150436372
0.5132607845881216
0.8824455323973692
0.7147694144661939
0.6985716172440268
0.658018411066349
0.7403721713209388
0.7725051740181568
0.6546406815078298
0.5767155305380876
0.6993123211697818
0.8361937191578317
0.7258260111257439
0.5967790307684366
0.7848749571876663
0.9900345761240983
0.6254870802200623
0.9252071506058477
0.6420412031878752
0.6100562870650829
0.7618677872679144
0.6743105169552676
0.5854388847306082
0.6055567099230457
0.6595105339921974
0.8161628722305317
0.8822303807444598
0.8791782766035653
0.7133286169290383
0.6214787659350851
0.9953127347965829
0.5123487915885199
0.5495674172459124
0.8031652878550365
0.8871126202893279
0.9084750368182171
0.7617260596944487
0.661351140175227
0.8713751486540116
0.649553291050024
0.5933174704766104
0.6955847154857238
0.8355042711801606
0.5326754570338224
0.56774153325583
0.5822921972592122
0.7577720156643755
0.9936286424510048
0.8410020335636883
0.6552649797093815
0.6087604829863135
0.9674975855570893
0.8790276432917412
0.8840575196787881
0.6569729939226238
0.8834264165750056
0.8461632574683373
0.752999317531998
0.6340976789703197
0.5702890778201599
0.8172637817005738
0.9024456604766073
0.8142508815394487
0.5692260649310412
0.9867919655122539
0.5844379817908305
0.7628225927503096
0.5192636691584288
0.9563411193189109
0.6498211738522424
0.9805940928230542
0.5709379411842326
0.5854390394534834
0.7667343993656888
0.7210819437360616
0.5057301820744289
0.8143651675364547
0.9757800681259481
0.6861416507670559
0.681721180913496
0.9265092287807871
0.9464694241861153
0.8161519208999349
0.9297537374659381
0.5538895432600524
0.6421038902524336
0.6444575323330602
0.5855293340766252
0.7642809344041934
0.8107383272676076
0.9652050322419017
0.6549330449115938
0.9345241542600664
0.6782350960227836
0.6765966734255741
0.8990671873520264
0.9803082368039717
0.623797262779352
0.9718294544932427
0.5801715673528054
0.513527105751711
0.9496224012320981
0.8063982430467831
0.9460006404830255
0.7011817421880083
0.6572906411471056
0.8569738264045272
0.9180415956213707
0.858723238582644
0.6687050754477899
0.6984876663780516
0.8704977759560506
0.9190384042528736
0.5825365200318475
0.5936041860152871
0.8539839293160931
0.5313787286341166
0.5997985317564078
0.9916898825879106
0.8625347777415943
0.7157338480652795
0.7135320057160983
0.808335091697763
0.8413768980025665
0.7988613554224506
0.5755317761033883
0.8131021282287578
0.9659489109811699
0.7805586369734412
0.6994669588963425
0.8913091494732797
0.6912090775534079
0.6980783926329625
0.9060549593300697
0.7029440229111883
0.9058631477071544
0.6047744950684173
0.5524222130716259
0.6096017638780313
0.871684489683951
0.5249964880663233
0.7731118451352993
0.8911530266356826
0.6636662308688966
0.6338375641578213
0.7296344745658967
0.6119655361177079
0.9035531650989396
0.8190688268267661
0.8119683028995852
0.8681536265604841
0.9017547692695354
0.6618508058968917
0.7121187520547874
0.9752691909263475
0.8947560768643859
0.7841972577431673
0.8801595472747008
0.7175154305112881
0.8214526880194648
0.8506442996417618
0.8422262259871129
0.6349113327639292
0.5925316863662486
0.9549820916462084
0.88341601824359
0.8004356452168819
0.8030280214461467
0.5675843941765009
0.5144969044599538
0.8124253136732389
0.7916151751612894
0.8122496114003337
0.9647398881094178
0.5557333214338269
0.6431617953454845
0.8820099655652212
0.705802659707208
0.8328949141446815
0.8529333498425061
0.7249646590571626
0.8041746602749993
0.7927556673735516
0.5933046643391864
0.913475647629149
0.883073110736019
0.8395627122083487
0.8861282791140144
0.5695770796917898
0.928863932387208
0.9050094679543697
0.6753391229752039
0.7996498445597096
0.5326337296734356
0.9361486577697482
0.7497468207601637
0.6333949486383521
0.8689104097063712
0.6173052639725063
0.5906207578955613
0.6523946913038638
0.9471710085881674
0.7742213241445202
0.8660947107517374
0.8445349070346694
0.928308904247122
0.8794945011868647
0.5908137176576976
0.9886748298987833
0.9476745812418418
0.6074211933165776
0.8723318896166963
0.5245431260706707
0.6172374280210611
0.7474186933441282
0.7414351777568207
0.8079678072469787
0.6129000130107567
0.7399146382930044
0.9348348692453738
0.7334474383253284
0.5939866190009035
0.9583252763957832
0.5256408152501368
0.9252853741117255
0.9411333344645938
0.9759842823710232
0.8895009270111743
0.7592521458277791
0.9112983366422005
0.9311530975303199
0.7681078053344876
0.6284925856848773
