0.8626785583650125
0.9786023774320194
0.8506537665868192
0.9956929136177828
0.8224718041449772
0.8176435356300975
0.9420052923400324
0.5314394373931115
0.7587406902418744
0.769760263187591
0.6598877564565409
0.8801773946207498
0.6097307481355376
0.7983727897258723
0.7602703614221145
0.9416848615271214
0.8621134148381059
0.8643934532844461
0.9297727182699911
0.9185860989517223
0.8308783837984095
0.7110610424503054
0.5923071750178587
0.7277520858765123
0.5075607811866525
0.5989181035429358
0.817332407884432
0.96726362381729
0.9031240145034172
0.5410671534193396
0.6349339515883938
0.6299195118906851
0.9615611316549371
0.6946510594142387
