0.5471542137938505
0.6849355019636735
0.8200915116443404
0.7609488956927564
0.5234838885027708
0.6756886926528807
0.7684943583580086
0.790008125922558
0.8777661127736095
0.9794750289545648
0.9693020012826372
0.7262086041966201
0.6349506098295521
0.6699748714748364
0.7548161255553092
0.8642805523363735
0.5314007663507982
0.5943361818859403
0.9151539198298471
0.7829001515841607
0.8922893463178079
0.8048452857034586
0.978246328050896
0.5213198752075776
0.614078244839261
0.5395282864951865
0.6064698881322216
0.6775320703876452
0.6578418632621014
0.801663385658614
0.6946106570992143
0.8337441161122141
0.933449491613844
0.5813226942744141
0.6850831287852399
0.8534438720357982
0.8411423179915138
0.7885329331474475
0.9163265814450208
0.8176998697901627
0.8100173892335741
0.6523251092283077
0.7831298265160307
0.5543803837349885
0.7057122815990482
0.5472997652799944
0.7645656131996126
0.8173082051206417
0.6618058472188153
0.7198293784000545
0.8636827251798362
0.9944768664126327
0.8314484094768901
0.8682623032969827
0.9894295477376103
0.8370133850403112
0.8956306923328536
0.6115080080089093
0.7696837037827006
0.5720109831464728
0.6953868869951395
0.6833672958445439
