0.94464942563078
0.7633122845308729
0.8020759665968835
0.6228114122766322
0.7768492772201017
0.7872287764202621
0.8780631804524552
0.576954786914023
0.9624318449913085
0.8719530730770833
0.5035812109229477
0.9356180327810988
0.8227905298864685
0.7896683965709194
0.7879786702463276
0.9082276341631135
0.7686013183868663
0.683321198281617
0.8426115340634999
0.5170364007891461
0.8328255777980964
0.9971192831994231
0.5838913869810021
0.5384783339603135
0.7456477626576351
0.503011159873205
0.6987437890456207
0.5831054470100838
0.8465551712844869
0.9507703264076346
0.8366346383225617
0.9818290582064917
0.8106861612607905
0.882215278290063
0.6300438143751332
0.6912746002768254
0.6136226097934913
0.5179792455913393
0.7416157858897549
0.7578660044556653
0.5924686186009505
0.7479787813520306
0.9519163960625348
0.8022374589548529
0.8249163960879903
0.6940834192611975
0.9111376723422007
0.6775289216678463
0.6089598170812995
0.819793175960297
0.8682005677380922
0.9075329465039055
0.7154932540518485
0.8473138701692415
0.762187648566013
0.7962379731450326
0.5126879752271231
0.6694464978480594
0.6420204241021625
0.7412828430801183
0.8836857709089181
0.7219774275057509
0.8522152804621532
0.7534200244887231
0.6654291054519921
0.6066214810028691
0.9626451276004255
0.8717474805778285
0.5831261338997926
0.8088055111885359
0.5277791087707289
0.5104044092300493
0.6055791923980841
0.8856119745497288
0.936425534135005
0.6402184766083159
0.8818135116620684
0.7830931537575339
0.7177436526511121
0.6980624240173077
0.6771161633146828
0.7313795741141403
0.9391952903231151
0.9699734531503874
0.8391675469216386
0.6517399016403336
0.5542798027021474
0.9630817259269735
0.5410932071458932
0.873634285565428
0.529027331052944
0.9756663879403975
0.659484769626022
0.9936330457859291
0.6874481269801777
0.9514273312003296
0.536429680316455
0.8565414880042688
0.7407057521658917
0.7349965379926646
0.6832316622980203
0.5356380215738348
0.9001514153988086
0.8778735670189414
0.6040659627778803
0.61111549556737
0.5813713245135564
0.6585259328776538
0.7726562947280953
0.6377965480467551
0.9276314280658999
0.879988034487585
0.9054212594786339
0.9119378005671748
0.8301683505608208
0.9734734595006821
0.8408954686082922
0.6083501075649166
0.7239182921530594
0.5800444755256334
0.8887795244940124
0.7221736249890405
0.7463036840947119
0.7819671679769122
0.8477122723786653
0.564159618505607
0.5506246050926189
0.645664875777344
0.9241299605734035
0.9245028483173252
0.6072965664613998
0.8792535340426268
0.9483914414230905
0.9435642009038232
0.9610586085453221
0.8151761319230979
0.7388069490755779
0.6505936180106822
0.6910731068038554
0.7570954516094086
0.7597085682954681
0.5602892737525758
0.6232626309048974
0.9794201520261955
0.9924391726717942
0.9008274331174828
0.7787410987857746
0.755561064927976
0.8927086096774471
0.8495304349969957
0.7735451107524789
0.5860403980828042
0.6083738984361673
0.6392339875082761
0.9128922220671313
0.7009120776557001
0.6587222950305652
0.9245683703691618
0.658546035415482
0.8647586172232689
0.681408461196348
0.9076832747737729
0.6421470432467887
0.5623781677054482
0.8053067045518181
0.624965422964814
0.7362000721547572
0.7307070524184351
0.9629393867917388
0.5498319038692187
0.5917747049131462
0.6241116641127796
0.7464010456199555
0.5415437166367838
0.8381129257271003
0.6650059435147406
0.5271841031119358
0.8136924425823548
0.7287619649140543
0.7512281329932523
0.7740574025017597
0.6650348833830467
0.8155031762480092
0.6311626921851102
0.5238484763225458
0.9222333968926854
0.8993947833417271
0.5091736704857299
0.7346363868726896
0.5807284425899243
0.5184294127388271
0.8916434085998207
0.8149909821872444
0.912919144049616
0.9989864819897025
0.810647446327103
0.9068502534666992
0.5080943548529779
0.5055070777387927
0.5703649716391972
0.549127477027833
0.5764897033594536
0.6720410212008787
0.9114304206998016
0.8858671092100991
0.6645666958124988
0.9598526830920202
0.7550478515085467
0.674060133638309
0.7650635752015527
0.5531524480889994
0.9462560694333775
0.6776976176834041
0.7355501112358418
0.6815019568303471
0.8926136849157629
0.7727534989301543
0.6309176233410762
0.9991460179092462
0.9493420499156544
0.9073125986718036
0.8978646126181891
0.5588614430729038
0.8674323207974597
0.7157919521935207
0.8021680858026998
0.9056849473434667
0.5659412171382823
0.6429413999444367
0.6275390069717668
0.5386883039195021
0.5343323662959748
0.730515304096442
0.5668481891456825
0.5599969775079703
0.7571556606697818
0.8497165291205537
0.8441234105251255
0.8952586969069465
0.6839439334412413
0.534130923096594
0.7629633584561828
0.7588210551372465
0.6961701847205546
0.9602114954665599
0.8930654448706971
0.5432148728402701
0.991607874143123
0.6785986960688563
0.7956403628663852
0.7260947379767908
0.8037476119640423
0.8234109425396773
0.8649842912837407
0.5974623542412943
0.9157497773428777
0.9771844992522392
0.740011116260298
0.6847391545999988
0.5548809120879589
0.9096797803508281
0.9121367290370591
0.9470906338687526
0.705421458051599
0.5757332263047064
0.5498335794199591
0.592229969541328
0.5405542029176076
0.7287904602999369
0.6938264032622254
0.9134834872956749
0.8915603909142503
0.6122182894785522
0.6207413135060431
0.7176099055478666
0.9102006412627193
0.7050570340072947
0.6794076537847122
0.7958151063222498
0.5144832425729838
0.5164791566451299
0.5323277408436826
0.6989946517520307
0.7353979252445587
0.5711538358258617
0.6063032006942379
0.9348712917246859
0.9053545818084785
0.6903555863205572
0.5135646670813163
0.8649524125138128
0.9635323270514755
0.9705014032322112
0.736420881802188
0.6601304275372791
0.9127049738404807
0.8814995432218887
0.7180523913479873
0.8491370485705076
0.576221686123203
0.8257784721154542
0.8680853943081455
0.5492754605700119
0.6032254002632519
0.8740930471526089
0.7321334207930256
0.7380258449917678
0.8775553656971462
0.6795026078858901
0.8366939615450457
0.6849129212033216
0.7109133182359895
0.7818562375429701
0.8544677163989329
0.9907244789752574
0.8289187427293512
0.7490535488342516
0.5122632303009347
0.747662189098327
0.6159645413986302
0.6244580419251258
0.605142792908423
0.5199442320391126
0.782784420255785
0.9058583392933092
0.6250879798267381
0.732886944266202
0.6015210414605523
0.5976950055927079
0.9132729656306997
0.7564828209918313
0.8833637469415201
0.9784542773513307
0.8230976356764407
0.9420258520865814
0.5542737961762256
0.9366893647198742
0.9313139684273977
0.9338448241672069
0.8897759506374152
0.5101320878275208
0.6576129962062818
0.6225044060357572
0.6902469845930936
0.7919623246013325
0.7262447320273709
0.6429973354077712
0.9427496134146998
0.961262023496209
0.8701991760157541
0.5091047772758475
0.5616465649929092
0.8764247536265326
0.9061275301701529
0.8586401009558389
0.8443562631452788
0.8097334610707327
0.5942639691810556
0.940998909485112
0.997566222306205
0.9515064700930127
0.6628127931456117
0.6854889088276612
0.8361875476166958
0.5471383999511223
0.9288438784187398
0.541904087588433
0.8581673003443977
0.9503866268031271
0.8597688177408208
0.7994067227372124
0.5130560262207043
0.973215565625537
0.6781355970627332
0.8858288258708458
0.8145156898103596
0.7727025480762357
0.5253895756114166
0.7482452786292162
0.7603948933231135
0.5136088691172481
0.590102884035612
0.7232334619903531
0.8632578333623535
0.9521889476795063
0.5059904321680319
0.7815633428636866
0.8990169624458206
0.8953703287279687
0.7278427587671994
0.8554480577113153
0.6609180719011951
0.8273830208661518
0.6603300775595292
0.7480505620990386
0.7708224839178993
0.9661465691312885
0.6284949857859659
0.7855910997083407
0.9614594283912898
0.6599215583033025
0.6055157081311227
0.5361691433244589
0.7043684622118991
0.9132140449926858
0.7100645763184779
0.5019002653248594
0.6134180587197577
0.6765218594230347
0.6555631033584121
0.893306141512907
0.5020156272589695
0.5397790531800011
0.9943765760840445
0.5770082795255647
0.6051054121434158
0.8584610136049045
0.6053974462345832
0.7382627574973677
0.7496919392033377
0.6768417185822501
0.819826015448142
0.72120226205242
0.5177262427985763
0.7132030942737563
0.690175701978782
0.8312895153248346
0.5805628113188197
0.8459715027932809
0.965313338084111
0.562829714700712
0.6103924667948993
0.6412330207441177
0.9927518180105823
0.764516605594244
0.747117887785341
0.5412584240462175
0.7803188059309218
0.9507322406246916
0.9799504525865107
0.7845253583644826
0.5684470119773569
0.727373953158162
0.8354074570362351
0.9589183765818442
0.7622928248916417
0.5688587662145679
0.5539509404124958
0.5665899506598395
0.6964923997699213
0.5782708560841725
0.5909953487664243
0.5894925190960292
0.5371031313624612
0.9145866624140635
0.7234447481059193
0.6524694130312665
0.9251188057686113
0.9824304912721761
0.6611808330035436
0.857445387737895
0.8511625440487482
0.7355241839861559
0.5812883192953406
0.9334652627075515
0.7465399277775961
0.526740420307348
0.5645165696257495
0.8918635197407989
0.829858588599905
0.7927246835375672
0.7346435227217587
0.6876132119231824
0.6794871514770158
0.656970454593655
0.8815022344770049
0.7955638366184266
0.6224990313432023
0.7040240796995215
0.8023337269908151
0.6060339271687176
0.6098069843621945
0.7314535950738469
0.9630172508583549
0.5892914050267559
0.9087797080006896
0.8904228690045175
0.8861507591991642
0.8456959923823598
0.5890660786862865
0.6461376279368123
0.6822534320629168
0.9003820753829292
0.9071343341700091
0.8903699897092707
0.5369606093619397
0.6838422948372255
0.9725515832018934
0.5891067108685778
0.9457606322151193
0.6907236591321868
0.751775705803639
0.9005983425221027
0.9454554262937215
0.7166862819379063
0.654632490355656
0.6561876431337126
0.7572425897454506
0.8161117095595327
0.562926562123619
0.875189993600139
0.7151890665533951
0.75616308351881
0.7588034487012603
0.5703985775865397
0.9101283231930133
0.890366520944579
0.541522423798612
0.621495733982508
0.7659417516314809
0.947075064665296
0.8110669594350586
0.6963788314534822
0.9879691694285433
0.8928661915286393
0.5491073904021879
0.8077576823618609
0.9497389999994224
0.6397917185438696
0.8957521398948405
0.5628876280661474
0.9666057083239333
0.8201845010597297
0.8113661765628932
0.9219470873639641
0.8647361761189745
0.9599763304916309
0.7616188707777329
0.5230888767602606
0.9565853957719518
0.9814465431775259
0.6818218507874787
0.8920051634449275
0.5676425567989256
0.9726477926818025
0.9826917891401714
0.5132844222620253
0.7625491782863418
0.9791456619143357
0.5647410357640179
0.7342273163086218
0.9210838711982785
0.5418373877951677
0.8422243879523239
0.9914798351051507
0.9925047826544304
0.6804921456733972
0.8499305949917021
0.9305574010798963
0.791950864093534
0.7717628374647469
0.5811595403154499
0.7907629730905849
0.6017066625370472
0.7713446583463042
0.7749938934454715
0.954537200805263
0.8674226708664008
0.8127795069837633
0.7378443841116272
0.5945158168329616
0.842109772278779
0.7961036801919559
0.6130766745840132
0.9252926466005646
0.5877655349831885
0.8438265097712963
0.9331742335080675
0.814844731720004
0.7280947458181247
0.7369737034613357
0.6917854425683366
0.5924588469770014
0.7003845627262826
0.6339840360439299
0.5285482673078704
0.7871015333891548
0.7686857356232455
0.6845700164915678
0.5950052542243827
0.5852951375871748
0.9126483619442123
0.5697303931693876
0.8285586914205434
0.7247725146561343
0.8103818757083716
0.849377813892825
0.9053074251507867
0.6895663732015336
0.7452989892873878
0.7802097315782153
0.67805068299279
0.6470876935498004
0.9122204640599851
0.5027070467780104
0.5268565381017991
0.8514584912448981
0.8275380123214651
0.8852457791169492
0.5783700930025424
0.7921348426304021
0.9595690966704966
0.9676980077446058
0.7851135314610971
0.7794923121379875
0.5245773431756554
0.7595702490700313
0.8397149619187355
0.9401063328780437
0.8855750821862147
0.8914041763146349
0.8817997002887209
0.7407633694091759
0.9933357501332658
0.7055140205133885
0.8588265345491372
0.9637655849225175
0.5347493847810316
0.7785334813860205
0.9916686113354806
0.5645679280958856
0.7740890332941317
0.6191384305671709
0.9602215944630823
0.8937154630879529
0.516995964901133
0.5704360654986467
0.7251791732152981
0.6464515955808501
0.9705870240311517
0.8499118469179063
0.7570532779670485
0.6292902795159707
0.8590484510985985
0.838056624934922
0.9825560417362198
0.599947787737637
0.543003982915166
0.7517476203337878
0.9316956241086745
0.7194465210573122
0.9962291574638678
0.576230626016345
0.6198895769846741
0.8123566126575734
0.9042358229451706
0.7566157266144035
0.9788272308042952
0.9899809403458016
0.8145270588935016
0.6104410558293307
0.5501425331890952
0.9478768918852754
0.9034571780272751
0.9512017197307646
0.5700426955198195
0.6807043452306227
0.8220157861377451
0.7501423614256333
0.6207311070623049
0.6510574798437885
0.8148698893339908
0.7526439879734117
0.8549476405257674
0.8297124301131793
0.8927892191407787
0.9802558485581976
0.8962013846935124
0.8093258829349737
0.7642633274157733
0.7525765816415598
0.9200096650747862
0.5473997399790156
0.5604661129988463
0.8339204853155431
0.7252380611585286
0.5754895034544556
0.9522368056593373
0.6766310620265579
0.8898484767335124
0.7366173691347264
0.8153057674482316
0.5936932290325809
0.9719682710256432
0.6473808093160273
0.6871366969267778
0.8624194265183976
0.8002778663107956
0.5162049709137422
0.5224120933379595
0.5782169990338578
0.8977014391336182
0.7548832943488426
0.9629943755046153
0.5899116101377986
0.7451517924440287
0.642084261663542
0.9298050469880674
0.5752021584123879
0.5362356886175039
0.551139035279088
0.8925373722629413
0.6868784173604452
0.9025376434276169
0.5659847679726945
0.7752219921665353
0.9098483521515318
0.7174076238087381
0.5033290319187904
0.7731248492940035
0.5289641985197008
0.8544938194500338
0.9208290709308045
0.5791695023999945
0.7435034409277861
0.7662841463394967
0.9873185189321685
0.9023665603716908
0.8199817548962274
0.5858114388498235
0.7309541082298563
0.5870755526210901
0.5094046161278749
0.7459881193428084
0.6077985592998014
0.7636274279664987
0.7646101179852631
0.9583915225659241
0.6114717060784486
0.5985625792800771
0.9044120805474556
0.7784190979993402
0.7982759965743991
0.5295898239381018
0.7621836197038987
0.7717817719095281
0.7981499475759117
0.681430463250283
0.9338176004841927
0.9252157604795808
0.6953775257124879
0.766606849782827
0.7381194902830193
0.7078131964697945
0.825707087882215
0.7037563006951721
0.8100394623281862
0.9444181433306897
0.5117739508301864
0.9774420697609114
0.8657423213857414
0.9514309621108199
0.6859607882688908
0.9917938163260324
0.8123261805526554
0.6928491164063584
0.5359600963142352
0.7466675405801536
0.8540183346339368
0.730013371075569
0.8238342098487963
0.9345966449400944
0.9011751523579425
0.7975617691552203
0.9074423961835333
0.9746932588612297
0.5083149634587036
0.835417762876919
0.966531459085196
0.6692692157546523
0.6178312913375748
0.7473498720644237
0.8567249195419424
0.529130980163194
0.7254258454669189
0.8269833127507498
0.9200692936371656
0.7575587365234672
0.6394516351609041
0.6326360666273488
0.6001905755875516
0.8038895162514066
0.7420608374096045
0.9372967526143829
0.7103214584612675
0.8492521026236276
0.6721246521558755
0.6923559229468682
0.5559616586651596
0.6713456333156433
0.8147069284343229
0.9198853891434013
0.8614278856038217
0.5442331120720257
0.6478022761096613
0.9062569158889502
0.938087608531059
0.8868165904356715
0.6094023858983129
0.8580220733274746
0.7703759803027357
0.7878682089717253
0.5035569853719729
0.64874989203569
0.7287944903741855
0.9144615231482356
0.5315252347838453
0.676459061961739
0.7603087877373609
0.752585651504766
0.8242905225509986
0.9416248107405543
0.8152133995806394
0.8260316913448341
0.8269070942720878
0.7141034918383005
0.9160972797110807
0.6764897340854406
0.5990006879267042
0.6973473932751766
0.9916320344186274
0.6939285930552157
0.6877357719071773
0.5837672316772522
0.6803935974560046
0.8374433801507335
0.5705643613586218
0.8468255063690422
0.6934999654031848
0.5120369941101095
0.8256113938324998
0.7705559360302956
0.6354781672589085
0.5887837930203954
0.5724416850283943
0.5009474311723305
0.6013042988916926
0.5624984604496983
0.5327003794386559
0.6531273346321387
0.8576165558372875
0.614674275285559
0.8593323863770119
0.6680615956504268
0.6714876741292762
0.7897851520064534
0.7636455800089981
0.7169564917879975
0.8014909993821586
0.9634421438828877
0.5447191462113381
0.7743359456116383
0.982457505777047
0.6750661149042395
0.6239776482772819
0.8220826417526981
0.8272254764314015
0.9145146880290811
0.6773563480300429
0.850755464010113
0.8203713746048307
0.8153042197676318
0.6857980166871175
0.5048248389617589
0.7716659850855959
0.7703388942268334
0.8586647505252012
0.7670615887016575
0.7997148990925521
0.8202052755757342
0.9693290602531264
0.8311702011310877
0.9421823395011206
0.8634345965575823
0.6779754325585091
0.9169644363180656
0.9373219243128404
0.8983226255849208
0.7899519847807365
0.6147427233276108
0.8692787253167277
0.9736000242376444
0.6933609478296132
0.5202884745910741
0.6151008831981467
0.7639889168836347
0.6414021151626348
0.6913478475752467
0.781622598106972
0.5593220489228021
0.8492752641245942
0.7549766502783433
0.9151335881997458
0.6992226373755934
0.6077755795813052
0.8994702081914239
0.8527071863321509
0.6291923800102122
0.8316556576528058
0.5876566452666638
0.9335250727576309
0.8745796485351551
0.963463979598185
0.9615400258364151
0.6285429853308475
0.5720662217952526
0.557104941034723
0.6243294328990988
0.9870225797652296
0.5162616648410446
0.9629667134278999
0.578067146089399
0.7814075209631225
0.6495608761403088
0.5699483127644218
0.8615730440603249
0.6243743136267796
0.5182466474523832
0.6861468632223721
0.7685717160121048
0.5138538361070266
0.6293546629575004
0.675779728092172
0.9243148380165823
0.8382932239512372
0.9560436227460012
0.6111300740193311
0.7080017698904945
0.8578445121486761
0.9874446053869996
0.8279849456767585
0.6661429705921666
0.6532284683564162
0.8587574295070475
0.6761381199388969
0.9527622389678354
0.6852587746064294
0.9535837476586777
0.5223553777213696
0.8447461856813356
0.6546886956715713
0.9436079823947141
0.7915122672590809
0.8849482089565962
0.5200217901751611
0.5071636303615563
0.8051267355622281
0.5454526378996596
0.7913149418225783
0.778096246092312
0.9778481654494325
0.9464119785020417
0.6230539867320637
0.7080237400449794
0.6466643969720217
0.9659200609758463
0.632904290827693
0.7963356143721805
0.5393151234749921
0.9945756155843125
0.915337434701041
0.8304655912378511
0.8636693702656221
0.6211310354228696
0.8209724752437294
0.801198535495049
0.8581738865494897
0.6278417606958604
0.6362480941237331
0.7103030504413987
0.9648408624802624
0.8950569188237965
0.9350660057206339
0.6863512760919924
0.9945455077185427
0.6355322635654097
0.871752817031229
0.9641837701089048
0.6313901812183955
0.6815804485019452
0.7121348672687123
0.8051070513582035
0.7386964691919071
0.997303452045288
0.5286017446020931
0.6591537326613954
0.7840104389951814
0.8145427831188496
0.7556925529189293
0.7834158010166943
0.6510934677502003
0.7534206168038057
0.8859874833116931
0.9082247311378375
0.5055208413000831
0.6814185065022149
0.7328860439383424
0.9849132780059469
0.7772126427334395
0.8373270191657453
0.7855918698045872
0.5757271372474286
0.5229799639120034
0.8567457000134008
0.6600355878891433
0.8159137822702844
0.8203891211000461
0.7141149242930813
0.5161004072984573
0.6490485119211131
0.8507997161640679
0.5621280576234615
0.6887574197623458
0.6164752499521067
0.833438966532774
0.9990674914315537
0.8969199462693382
0.8584975669383139
0.9449314556113118
0.5771458613539623
0.9179439147955515
0.5916722876954044
0.9517411519652732
0.8048636178999691
0.5179670792676605
0.9649334908311504
0.8768829922224359
0.6437241684718834
0.9098350706760489
0.6815388617695612
0.9664913125822565
0.9681207027785808
0.6082039274534805
0.741094141601423
0.5700251776636822
0.5394843798291828
0.7496071175956249
0.6647526317549326
0.827406191973912
0.5944319506297024
0.790507183610837
0.5537808656175176
0.854682023850128
0.5361138064540136
0.5870062391420785
0.6873727492120385
0.8076817118283488
0.8767306119973062
0.9585525146964646
0.5954308975803018
0.896086304286631
0.6972546311723486
0.7487229840064902
0.9422301193795211
0.9441357014307095
0.7532485401498044
0.8337607195414052
0.8240861879633394
0.6610538037804334
0.676207882807071
0.633328085113758
0.5606766686453315
0.692147134266095
0.8159676850107238
0.5111750029798312
0.5792821024574384
0.8069689865532899
0.5373291624776513
0.5661225052901108
0.7231109237235087
0.6556579228135883
0.9510770437717955
0.9011679681777008
0.8651604583353535
0.5660942234577067
0.8067276141367263
0.5924608852902999
0.8654085510336051
0.507079771054659
0.8657016954443532
0.7972765352579418
0.8225937143206987
0.8353183534515592
0.5832420074214875
0.9099502616896976
0.8228581121962601
0.778406720357207
0.5108057916024289
0.623273311769329
0.6351964108487911
0.956291426645203
0.5906073492253657
0.639050919112796
0.5291449771460244
0.8172717112679964
0.5916404915080695
0.7256750161451717
0.7962879835094268
0.5861866518503779
0.6255622833679281
0.7667368022345865
0.8854937561985969
0.5022217237708152
0.5109173376992073
0.9953173359045266
0.7306178906239317
0.6762043473232944
0.9581584155474807
0.9830746866296588
0.8787128517599743
0.5834008329396743
0.8892783169005455
0.5329440683297219
0.9770837022513645
0.9413091549164133
0.7680936643005583
0.6380771864404495
0.603631204174503
0.7772538015960011
0.9810604167086854
0.5415632292860008
0.7752085544568896
0.5056975480356368
0.7459132822714345
0.9757497130921533
0.9509268935013447
0.6588781583754462
0.5634599228938525
0.819961231727317
0.9748395046659928
0.9484453207999342
0.7583190676454551
0.8557150592297682
0.7193629225781929
0.8602159442332851
0.977965923712335
0.5435955689792347
0.6431749040015973
0.6378391484817756
0.8962740559222908
0.5362598118249642
0.8963115641061815
0.6426696273074618
0.5860639464242581
0.6843317064956992
0.6496366076079911
0.967877658831672
0.8815609235907501
0.7770909409564462
0.7255120329701674
0.8341540825873307
0.763527467878893
0.5040424168891473
0.8250629797387419
0.9192613619520791
0.7191995989154131
0.7211317417235104
0.5913536136768843
0.8075317962257611
0.9383165613699231
0.9908896277323156
0.6340346836648214
0.9184763562795963
0.689341178232066
0.537464145843083
0.8634808794346669
0.7863434769254045
0.5721532018602868
0.9531014554130036
0.5199100791397663
0.9371734259152926
0.5161328802735372
0.7636866593636442
0.7782352411846122
0.5668830473753725
0.9725114400064656
0.5905417268609476
0.5834927504442277
0.9226411234576646
0.6474321916191831
0.7238785191474261
0.8783441795424229
0.5389140586089181
0.5249161659133847
0.665643417044866
0.9443476290519026
0.7060965231973525
0.8981073786601568
0.8561337756174041
0.9941640584965997
0.9704408214001998
0.5311315004794186
0.7008247366198488
0.588393045056439
0.9884254744385209
0.7252368486258349
0.7930760463768203
0.583883788462152
0.7412980770421085
0.5198263765112735
0.8238775477646653
0.76798414901453
0.5749400159288818
0.9398729681836484
0.7979718610367392
0.6800382368982612
0.8737912162545894
0.5651432182851592
0.9233187855146883
0.7751724448911137
0.7477276409004991
0.7409653304351194
0.6931890120897555
0.7221704262242727
0.9305746993502366
0.5424996921778518
0.6906693919925007
0.7411380635970046
0.9204397056458594
0.5615982393402388
0.8418675056828862
0.6164938467727304
0.5422876596875806
0.9742841359837711
0.5175217288905092
0.9643143409765954
0.9387240002701319
0.5481594343216709
0.5201854028803701
0.672119576510178
0.613099343395815
0.9119548186223438
0.6846624094585434
0.8361499340631394
0.6256158840857562
0.5864705536798744
0.953464838843848
0.8974176689134435
0.909256083902495
0.9513969969108426
0.8327686920251196
0.6774676123715531
0.6114927320551412
0.8625738156063585
0.8370925418402152
0.9609942261421407
0.9269181676631537
0.7356863009016193
0.9135085302037504
0.7352291613317348
0.6276270433550278
0.9931444158665543
0.9247832853841749
0.927688572498842
0.9889247045449541
0.921037167867131
0.6353815957806622
0.5547056964070949
0.5619477331333693
0.5562269749280002
0.8907770983184095
0.9355842206071908
0.610914917167401
0.5674197041172546
0.7980402723495743
0.9134531521292616
0.781240640944243
0.6344431710284903
0.5279377727862709
0.6317465470872456
0.7964725874469801
0.9594559356205277
0.6030442899903998
0.5633333313795792
0.713023965922424
0.6347990012366149
0.6927901059429662
0.8976649763038803
0.5558561912709696
0.7915492949676197
0.8926023535122205
0.5071987658624234
0.6824167075788582
0.814145289114204
0.8108211273220018
0.8950270994995804
0.6263814253887712
0.7480984464750244
0.9163540086047847
0.5983781007894626
0.7283364810410695
0.8662123560375459
0.7917857074700474
0.6913816455382349
0.5193038949665447
0.9079536419653869
0.5161803620445603
0.5758783593331162
0.5250507786064639
0.9841634011069522
0.8463681801573902
0.5533166071976574
0.6097355323084459
0.834533719860973
0.7056278881489788
0.7818106980705352
0.70639048159445
0.6828179580756973
0.5464451188261826
0.5233549376568906
0.7198159795344408
0.8995821884423616
0.7404130858232303
0.8307006578636352
0.5037554471362745
0.5144228620105779
0.7700191833762232
0.8113935710013406
0.7812909551108032
0.7800906008878037
0.9215773081729237
0.5854258687581705
0.5852357403859395
0.9444216698595566
0.7354490157914354
0.855853568917297
0.8973794647398567
0.8876120020691218
0.98756408745349
0.8312336854478231
0.6180488775421173
0.9552344816252758
0.5886765780561478
0.8954893256570214
0.5975666276210376
0.553257539389703
0.857820551960668
0.7751629583702841
0.5652809420036142
0.6663565566327515
0.6779673624802113
0.7217623253189578
0.7888188951281794
0.9841941973218358
0.9033955337469106
0.6842818929526
0.813850458990465
0.9642275099059872
0.744501405556292
0.8746549244244131
0.6072063824912107
0.7682329012962075
0.6629193143727476
0.639880614579005
0.9125754894082654
0.7606451597555945
0.7304022961175543
0.6535947388257308
0.5800510950757194
0.94809581755549
0.5333481642809083
0.8650507406706192
0.7814569161076672
0.8924920124937613
0.6268449041389967
0.7295263395147072
0.5789877880696304
0.6169145302044204
0.632093907478773
0.6332143078922925
0.7018294685599379
0.5499184943680022
0.7388811410990755
0.9134053000119517
0.647590601311579
0.713132232446462
0.8000067621620899
0.9778515238898519
0.7667048059312639
0.8967570763595525
0.9513008645087435
0.7883192931065426
0.9967065233675734
0.5861632452846582
0.6625796972953857
0.9321091435809705
0.8496653047669127
0.9521710467278436
0.8375045036266928
0.7345264827135766
0.6492989715160279
0.5288239717688609
0.5573067291902075
0.7569263697757612
0.6105834488189321
0.5240496532573602
0.7993072229828582
0.950848680561964
0.8724837068412863
0.9402688301424937
0.6394928468784311
0.5488447041222126
0.7019064062849428
0.6363840440244969
0.7130241998644992
0.5971992055732691
0.6946765184897785
0.9464685618265105
0.9492215544029414
0.8007183687323507
0.6026274319268126
0.5226030500643468
0.6833009476799649
0.8139975504952108
0.6871569176902355
0.7239291767838052
0.5991180722161034
0.8655833111082822
0.6550142770435172
0.9350499784765395
0.5702855398697024
0.9181921467522822
0.9798407860509548
0.5514145069503107
0.6565863920481775
0.9531677907683596
0.6945293440385483
0.9212565463040466
0.6107371272910544
0.5181372213984268
0.8248916103561871
0.7354613370757165
0.5496544188628494
0.5299122751795802
0.6904757435535949
0.8747923562704741
0.7707220190761838
0.9895882202070576
0.6724601720279803
0.7709327351951839
0.6394701260431723
0.8372120825784479
0.6664496735007601
0.5507371353662929
0.8474003313085292
0.9556099839324652
0.5376578479773988
0.7463613581509917
0.6597280075042855
0.8202808750857973
0.9289059271906813
0.6586637221069327
0.9112030704370978
0.8900935551350624
0.7904181131502332
0.650064065535654
0.7925203528858316
0.5083729218573466
0.7850028486604894
0.5079332622471215
0.807855590478485
0.6264318049948867
0.5257409438381635
0.840720772083241
0.5276153536076847
0.8781052157786409
0.9401767471969011
0.6199308454419286
0.5829669479016275
0.6493277631942378
0.5302162647438472
0.76498153664816
0.8305620881338194
0.868366730872363
0.9423186303272455
0.5649468135091671
0.8155670558679005
0.6036028591446372
0.952541000992595
0.9693674748289527
0.6589870674985976
0.6983330920901147
0.5086468742634743
0.9065722955100852
0.668545371713454
0.5792803570374925
0.962421204384766
0.7062491789270177
0.7053906356367687
0.5287570792513239
0.5214108312243648
0.5655369386077714
0.7442905083978153
0.5338459498074162
0.754230943339889
0.9006317817841965
0.7670705392244787
0.7244479853950093
0.7667392886825608
0.5083715071921548
0.5520003476753349
0.7980930559165444
0.9747354725751134
0.9237792454344887
0.7443974547938147
0.5101525883849005
0.9202762788656882
0.6599825937331056
0.5933986983344391
0.6447833947628504
0.8278919835391915
0.7868405316338347
0.5695115008724654
0.5425438125457299
0.8402094250289578
0.7017456596180799
0.6195749409928624
0.8864459388439425
0.9784297865454465
0.7727678944128643
0.7504196711878487
0.9904588619696071
0.6239729407525418
0.941790224086434
0.9808070462186527
0.8885868407268965
0.5200710499319156
0.587269041160468
0.5110353370881273
0.7613678542751667
0.9581344151196435
0.557015355729022
0.5289519726930805
0.7644143877309157
0.5611427689576123
0.6102413900891692
0.6255178886937354
0.9745756030172963
0.5486659063840589
0.7004109383352066
0.6062152280909414
0.5866625348108596
0.9345476781613877
0.5558101477435781
0.7817005866086325
0.6137642760590019
0.7580164435797825
0.7755668414022884
0.5584184209325829
0.9707523064660348
0.8451151009192808
0.7534438688908822
0.8487008362805676
0.6982141873176522
0.8841723843752759
0.9200801042370477
0.5331957556578718
0.997967828368516
0.5961765563590683
0.7180788543018279
0.5751473788445869
0.7730286349069623
0.8484312775643204
0.7695664491016329
0.9662978544452643
0.7845220717208481
0.9148267561800087
0.6151396542131053
0.5715591789912418
0.7339028855442743
0.8894634109685862
0.9036510490497929
0.8780132955154336
0.7076972643448869
0.7857567087139461
0.6010999735644114
0.5697380412877191
0.9829507330790561
0.6664495770801084
0.594988858951671
0.8201943390922852
0.5215622038222565
0.9803276523720283
0.9219260876255281
0.9882002660621434
0.8938573536199943
0.9821221432131696
0.61002703735181
0.9282746904661914
0.7889021797146732
0.958636412599263
0.8989956087208992
0.893899234540646
0.7555950691311271
0.8474919751009765
0.9200137086758042
0.857897293175325
0.777002771675368
0.6536631697104883
0.9593741604675248
0.9273174791366222
0.5686570498236809
0.7617189679731207
0.9844140731158293
0.5871329012631707
0.7632408754971748
0.9930709159169144
0.5264106202788569
0.7039454203331634
0.533314473224111
0.7092336239220469
0.702104094377203
0.8426903659567768
0.7910711895277719
0.6609251130028961
0.585472691811708
0.5851793692764646
0.5483304092036732
0.8481223835735245
0.7361236048485325
0.6922748605367223
0.6663670481208812
0.5385243281265797
0.6265689369720286
0.9693384048388713
0.8414966708118325
0.6451115719341405
0.6745170257147569
0.8671365691904551
0.7853141830996557
0.5377173209199646
0.5270790951481052
0.5487218798569056
0.9897996994724176
0.6788207935004626
0.6288705632685726
0.6681430727519351
0.9401114024614627
0.6519743702023708
0.7794281991490997
0.5209961063614537
0.7941850765986875
0.8088494768023808
0.6021929745934158
0.6933683435888893
0.585776444474968
0.5792959227886119
0.6386073732749613
0.5902981941928871
0.7428492207836632
0.7746572689893674
0.873259374225797
0.6676560636566293
0.8712414736440737
0.5821148448130282
0.8747644110150941
0.9138820325391425
0.6011587858317311
0.8488338471205599
0.5764884679481357
0.7740519047682352
0.506537616602826
0.5145144933872325
0.6673460648297296
0.9973989076499455
0.7398839703074958
0.7460876918787311
0.8237236899956751
0.6758642546338329
0.9860923041171988
0.6950723073220754
0.708494865707591
0.746063495325649
0.6434981181233108
0.9805050665982573
0.9129927177178482
0.7820694623545306
0.5138018043326793
0.8619310376935284
0.9217995349817549
0.64515949423897
0.500724421511026
0.8329751827114757
0.976103453606658
0.598906943079059
0.833560110890943
0.6873664451372514
0.5698584333428831
0.7169427599722173
0.7006007194615633
0.8896795725633948
0.5041637180500452
0.952212857692303
0.8376776679785249
0.6447390434310303
0.7586622429076816
0.8503292050769176
0.6824880141573002
0.5745431650540052
0.5305790928512162
0.7305948801441504
0.9669151069946359
0.5456232976750142
0.6870504175352248
0.5533197130506069
0.6415727299322505
0.5848646366936887
0.987767420097696
0.7332839981737036
0.7496569091240682
0.5940595161139732
0.9595263950297495
0.6306700113045114
0.9415128391430052
0.6407164524549187
0.863881765365859
0.8610826982940621
0.6344306709628522
0.777132518663338
0.5522710956139816
0.5259419362019213
0.6086358444861951
0.9601321189532647
0.9787682121772406
0.8885341739782344
0.5022116067921041
0.6801526663991875
0.7407744990933331
0.5835146004623701
0.9418857391372509
0.8872050120778592
0.7174424189790638
0.7907617856253448
0.6654815332379393
0.8789484256717692
0.7309891798341879
0.5073758550935958
0.502418588938959
0.9978551979778155
0.5031516439298778
0.5892205929984455
0.6266119261853975
0.6046295767024574
0.7348121556286311
0.5067851236303301
0.5380793323745119
0.7832943891131161
0.6692180430736112
0.7127048415349546
0.6149861207675709
0.7755614005077817
0.7240699722683681
0.7961732495304832
0.8218864915206018
0.5235101228655545
0.5772984890640196
0.8389991880731406
0.5471391763428346
0.8697436413283186
0.5325643172385307
0.7780081577934315
0.6674471318841926
0.7032669003385764
0.5602712187787272
0.6981427118096329
0.6863864906787556
0.8247742575500556
0.6188422817348977
0.6418350999359879
0.7656355909727189
0.8831421901046261
0.8187976460942554
0.8759165754459686
0.7603530125998097
0.5602606911392947
0.525204706923337
0.8667170174379395
0.5543099879107809
0.8430465401836407
0.5303232343017834
0.6505981229199634
0.9363369373466155
0.5459042708070414
0.5231813836528243
0.6069611220449224
0.5530006585397054
0.8540414994671122
0.6957326939675743
0.8521037236555162
0.5942822668339733
0.5905585536797177
0.6947082363614931
0.6998213441295467
0.5548879316533264
0.7374373531181821
0.5262840292308425
0.8807303144176415
0.8291788770642656
0.9948317351353374
0.9513280205956023
0.5998069776567858
0.9337970119060015
0.5442838721152248
0.7162244312669431
0.604548483332858
0.6792911557044581
0.5167966981674574
0.8569133063836802
0.6267910888090661
0.6719295375920162
0.8653547285180396
0.540520109561881
0.7379914265009342
0.6067191240403306
0.626954466615808
0.737763491634089
0.9144561302263048
0.6979808319197005
0.8787337321047566
0.7838950279079766
0.6933655258575975
0.7715636564786638
0.6990420568282095
0.938803645348576
0.9575165663006193
0.6818374821910711
0.7238478691624246
0.7204287425833813
0.7024610577870216
0.658836436471606
0.8252224516157651
0.8886955259597724
0.9953407635051599
0.7589436329312833
0.663418046360915
0.6057967941222591
0.9725871849425991
0.7960782385585079
0.8453936747028867
0.7926754927452391
0.5658237820950864
0.9999470393816998
0.9215777293443186
0.8852177358370695
0.6398108254858578
0.8003898070235265
0.5083063682496021
0.857344024821949
0.9990642717431768
0.8394859952633908
0.9727251397760079
0.8242354564451895
0.8957189829070649
0.5504596159894655
0.7071851393591135
0.6966372899238323
0.678197026514155
0.5624033054992894
0.7214046310185258
0.7441878737889067
0.907175786730225
0.5288428282991999
0.8450664405935814
0.6506327431606673
0.6716057755231716
0.6263402200331374
0.5323774922083993
0.8410406485725165
0.6427237709512095
0.8783438780867994
0.6694475120182828
0.9091857747786231
0.989737587363509
0.6224819679520455
0.9714462722646144
0.9717857863175348
0.7539423372991582
0.6194881527736367
0.6542374139854843
0.6823977780870416
0.6270705336906213
0.9487206245031674
0.8723173423104535
0.7799539581736672
0.9326076952831185
0.9904533399429574
0.8714021814605937
0.6076952873463128
0.8546356840354767
0.6640818611729704
0.6222082273503629
0.8888370361288416
0.8162510475747113
0.5187104448580807
0.8287534991183019
0.8907956659315192
0.626998421195754
0.8403584827073737
0.9764224061866222
0.5987825218838465
0.9040203491200223
0.5086489388859747
0.733778711349468
0.9652588782276585
0.9575527996992078
0.536514463980762
0.5485234369245571
0.6348528826297964
0.9915427173456749
0.5514552798256394
0.8849026529443276
0.7691902875925833
0.5532015073145451
0.9119223266713018
0.8361817745116322
0.8654754923378405
0.8526430194288286
0.5466986086062245
0.8147548420879464
0.7834932469115483
0.6304651664327747
0.9702759308854662
0.7415126954448015
0.6491233505497089
0.6870488342169747
0.8818281138885862
0.5359004657843793
0.6500817153078167
0.9896199360531581
0.8555533803651694
0.5773706219249797
0.8374779724319519
0.7391925842311843
0.5431660770191262
0.6200791594486428
0.520723401418939
0.8790311475810423
0.6557452622856041
0.6433806160211293
0.5654855989032462
0.7480430201847491
0.5816068844035022
0.6193887732772274
0.8339033355249068
0.660436378226298
0.6067612158683754
0.7263395628255154
0.5231415221158612
0.8092054882698694
0.6970273055704357
0.551709435902956
0.6610380866884159
0.882269498542645
0.9004344929022605
0.6914662950946071
0.8806179354848129
0.7584907300652308
0.7624755688652461
0.9509721997143668
0.7768186155357146
0.793619823690253
0.6881359186096891
0.5710755301773025
0.6419918196931265
0.5334543438197537
0.8313689090099468
0.713814334954803
0.6807604031121679
0.5620161733317767
0.9199383267828583
0.8597274797227766
0.9177526261715996
0.5509880663326876
0.7344817541023902
0.944831258875759
0.9118486557365965
0.6612293514891501
0.8913247195819889
0.5862389304939665
0.6363632188735431
0.8336519555360196
0.9569127754314909
0.634376704060309
0.941410231284264
0.5460188478854315
0.5978011926142079
0.9380386230019548
0.5582905414649446
0.8402541290239849
0.9636782761326643
0.7281629217879034
0.6196978354843117
0.7058426256994477
0.8054280847122104
0.6714486920341917
0.6085354978372033
0.7176336684540938
0.8458238824402836
0.9090332658067564
0.8260526850028309
0.6613230608568619
0.5745321901830336
0.6935165918334849
0.5999342522418445
0.7151595173369215
0.9739953909975099
0.834940507062331
0.8504426915146025
0.828657437801261
0.6266271711704955
0.5695520894033872
0.5258848173748085
0.6770001806494197
0.7673074176532355
0.6829512280800882
0.7392320080028599
0.5130175789620699
0.6967062214268228
0.885936627378537
0.9724250577755806
0.5744585490703676
0.901695655028416
0.9489483831246427
0.7017716926938361
0.8430610478414053
0.5126564960587534
0.5886939690777615
0.5846596960343065
0.7177894067440191
0.8202302628884015
0.9113340756705132
0.9696638673983681
0.7664666075655806
0.6778522784746177
0.8372208438063027
0.5501839719690176
0.9945091912741036
0.9071754877544504
0.8727055641569359
0.7333163247058991
0.9344210813868605
0.691178380255666
0.737464973511351
0.5709111497049627
0.9843484307510569
0.547212332988577
0.9431029183028439
0.9853343434946624
0.9855047345085943
0.9359049798177531
0.5880509910943593
0.7337997310745201
0.8940119616255159
0.6192867148702
0.9705122621985023
0.9580003880561774
0.9962126739694035
0.5511282981654121
0.9176971541222942
0.692687301936105
0.9145688692099598
0.9726663197292055
0.5101166024821997
0.9548893096329454
0.6154128457146166
0.7022943729239433
0.8967616755091954
0.9984464342832873
0.611618176839035
0.5537358137774888
0.6493162997893771
0.607155921095772
0.6212226754362214
0.9042790651073225
0.6546185564076972
0.5549923434289724
0.9692790765842403
0.5250358607974828
0.8147710988991124
0.7630423123416918
0.7123035840425227
0.9052460499624244
0.8831766516207625
0.5318469243942631
0.754696502677394
0.8859439715606618
0.7057228505675006
0.9256339500182273
0.7078436769407659
0.8635575738101865
0.6957208269339274
0.807262275788937
0.7005177923952586
0.6005186326244736
0.8851150748942191
0.5314546234566824
0.8695715109305526
0.8898835854057275
0.7784250781089359
0.5836110546058375
0.9128310140714668
0.9927626436398573
0.5759063636895945
0.557505833765012
0.7849769636355415
0.6980723200540664
0.9745160273479514
0.968169445823901
0.9019882367285248
0.6845350084557316
0.5697253643505316
0.668695549519218
0.6210747415346018
0.532854236811345
0.612348593802231
0.7350524661007173
0.9438929211032869
0.5904845058997148
0.5346426122941423
0.6559222027354406
0.6303395895740127
0.7130706394202588
0.502461556364661
0.7122920894792488
0.8132236551824564
0.571441504693862
0.7245723909209443
0.543644559184405
0.5686234312077982
0.8188186129387506
0.8288109003721564
0.7679647810625825
0.560135601166132
0.5620599933954395
0.5158372522136586
0.9393023192370464
0.8902503581765269
0.9493393117680076
0.8967629299482736
0.5057698990137185
0.8966878505951387
0.6617324476600606
0.6186077222327929
0.9143313425795913
0.8340595640010176
0.5029288146591382
0.9530906816802267
0.7318847740466702
0.5524540832988283
0.7466197937816947
0.7985869677297398
0.6972562480672226
0.7926743004080801
0.6819667340412178
0.6862319848608538
0.7575340870329328
0.5320485927016135
0.6128541609320984
0.8361380379312825
0.9252200293293331
0.7393987725172921
0.8656965841696667
0.9549554831823737
0.85604046444699
0.6226507017287312
0.8091323866021564
0.7433856658766766
0.9748764166426092
0.9670359205029124
0.7850846272334895
0.7256718168643319
0.6038682294777817
0.7156096545527517
0.7953003429095036
0.6746836954763387
0.5736267473309817
0.7543006969979011
0.5873672242413259
0.5581607093236979
0.6591431293621973
0.5073851661769109
0.5402458888604482
0.9166451193106449
0.8380626695184628
0.9424204031149339
0.8266403733042504
0.6127235017016088
0.5401559594076486
0.9755733750582796
0.6430094200939718
0.9944932072394725
0.802585646868272
0.8964758806707157
0.8145618766709762
0.6140554095601323
0.5102342967256372
0.6090375271829811
0.9615391114677246
0.7676923863184061
0.8626546370072452
0.9825041977705956
0.5600157968656028
0.6972785726802037
0.8296580934175131
0.8105406538607128
0.6481511663910937
0.5758675798584167
0.5122015837863907
0.6203212606987207
0.9452750126519758
0.6649389961255188
0.517703528416203
0.872876474932157
0.608325368675723
0.8257479713856577
0.8073559460443731
0.7826648680755488
0.6822899133965499
0.937066350911028
0.5098545339569318
0.5123613612639601
0.6396976982475368
0.776579090416265
0.7030218474410328
0.5330961555843357
0.5752179353985305
0.7067508975630055
0.6910059423563888
0.7864688423602747
0.6981117779337553
0.531520403974759
0.9475211760527376
0.7000180784465485
0.6174469364986823
0.5119136322038206
0.6944285324641452
0.9159689992025903
0.5273526044916426
0.7784555894785025
0.6558582841307448
0.8823790941606833
0.9180041965163855
0.5988431735292605
0.5909408206151183
0.7562372563363382
0.7010654154889526
0.8235018947825693
0.9059724734233403
0.9328417790095491
0.5889046223229086
0.9951170410060002
0.5664066276341635
0.6501600482505634
0.5368299895412325
0.865424664460867
0.6303101246528554
0.7524979081389087
0.7441524709599261
0.6632760393922172
0.8686732700970157
0.5799669681138553
0.5033982805983621
0.7959489510143729
0.9034881983098637
0.9147249336802434
0.8278875798412326
0.6141724672276891
0.9941289575397494
0.6063960885758528
0.7432194981636182
0.6220039594017345
0.625026788840424
0.7182051691852169
0.7523660603607419
0.8192329683953865
0.6904403036164155
0.6117649689177231
0.5261650044139945
0.8454874835846548
0.8094668055261163
0.5673671722451882
0.9900027956951389
0.5205774706575406
0.964429522359783
0.9816089287868488
0.9927821336539795
0.6639326044233235
0.8015164164060551
0.8030475302446288
0.7969717160902305
0.5851172771156319
0.5614492263730194
0.9649946205373541
0.7741296639007169
0.7560208460438402
0.688965314148951
0.968301997204007
0.5319386826133815
0.9793770880949009
0.616399247282139
0.7244780790953894
0.9534955566837582
0.7111868189701642
0.9456469894484564
0.7155302918458231
0.9538581600275419
0.9203994004336535
0.8384999369231375
0.9580776013855954
0.7416767868815739
0.7333235392131513
0.9129798986240399
0.5671757498060244
0.7380012886972587
0.7199262987009958
0.554890763323679
0.8244698626372748
0.8246417806797879
0.649640028133292
0.798618273019805
0.8720825343438665
0.7441852828756881
0.7393059282765594
0.7160659540932194
0.7702435758311705
0.7816468589040768
0.6595559057073561
0.7247849974322426
0.7958201553011188
0.6399951948945011
0.7068539962388658
0.554505555202421
0.5587093958190574
0.7663206841014951
0.6881452661446171
0.6683139812513272
0.546376431044169
0.5389418860383267
0.7780370433449371
0.715848206058828
0.639353393233763
0.6639622741686486
0.9223308363067928
0.9800901950749266
0.6485594112364188
0.5807776336886725
0.912755863252649
0.6841464859258279
0.5447726398582105
0.6665387471045553
0.5508281208697048
0.8572904429955265
0.8974009522764752
0.5438826987932135
0.7010434755061821
0.6575748467860916
0.829348135868123
0.7779777048242927
0.9007239046039204
0.651872533877133
0.7430155480705279
0.8902670779161412
0.7207244995602997
0.5362725985709471
0.8614641592063566
0.8014304927394222
0.8286072939463421
0.5602113268037836
0.6648945942728289
0.6519798045234778
0.7040079362507523
0.5236169613208203
0.8742487292042664
0.643430385306198
0.5119859447673928
0.6296739233390549
0.5115087193922156
0.7869893707978259
0.5091188881690147
0.7851765985814179
0.9678336267663096
0.5288228154810891
0.9329435901383089
0.7372332635923302
0.8468693506034751
0.8336116400783125
0.998518019223316
0.9830850932553529
0.5282836618438319
0.6173800116959602
0.7884701928611445
0.9144372628537929
0.6071564709704085
0.8427444222538517
0.8934123981274631
0.9975033646500664
0.838740573831324
0.8683767456251066
0.5814862161826254
0.6857528503107949
0.9949491514878449
0.7742098609525809
0.8510198738287013
0.9430616448962091
0.9475969660721002
0.8168771184394927
0.8830130134907246
0.5751173509247339
0.6327680641166428
0.623179395906585
0.7664247599586049
0.8689621635974957
0.9785900980395617
0.9311784018064382
0.6800031995069318
0.5807712899322242
0.7689334288029721
0.8485104318657718
0.678475846712442
0.988750410153021
0.7391355005133684
0.7861719736373276
0.7038014644562937
0.947029389140905
0.7106937106774232
0.8129020405621412
0.5732937278440122
0.8306753979937881
0.9792500825859722
0.6200332680822327
0.6843019445850733
0.7789545047914126
0.6953200118631009
0.9687827757671718
0.7151453294463599
0.5370139064526387
0.6535176639491067
0.542439685702293
0.8504837203728898
0.5167100246126823
0.8775015926399038
0.5034333024090865
0.5684778860240391
0.6478283134102187
0.7336528434067888
0.8351296327595572
0.5801359868866336
0.7891558402986865
0.8889971194143826
0.6649774695510534
0.7161973623188742
0.7321821963615749
0.9242348175448682
0.8465966305553247
0.8324616970325436
0.8515100336233852
0.5322485300199746
0.904681588242492
0.5343562574694639
0.629090659654884
0.7122435058694785
0.6737676639548046
0.6247542265010023
0.5076000279805966
0.7463294191950878
0.7334737548050905
0.578899080229293
0.5327361580488423
0.5895766438775328
0.5944513069675161
0.9555404785637618
0.6016326583658853
0.6771720335057615
0.6436645804259187
0.8556851750124452
0.9945993354290512
0.7000759179546814
0.7106962041389528
0.9948749625395139
0.9455020506592633
0.8886021238565919
0.5909185840777686
0.887774676551463
0.5713756986367846
0.6511426022746849
0.5523780378531673
0.7863314183649432
0.6471292953316687
0.8539288635016733
0.6554207670036514
0.7277818898455449
0.7697775623179626
0.512538932379369
0.9652183045781613
0.6062333765696595
0.5422953394660267
0.8838810371465406
0.8921292558648504
0.8256493447275879
0.628783671551888
0.7482891934531095
0.8231744693529952
0.6679819680406325
0.8342168275510151
0.883586025064899
0.9974155184063662
0.7157347449851278
0.9767338219730275
0.5937757754853172
0.5385924231905836
0.5164824285343574
0.6280338494461541
0.5399395944820569
0.7806249722758813
0.9523311307781581
0.7416139467012175
0.7122443725423401
0.8706464362489041
0.6923950756030774
0.7863959802686011
0.6022038056640746
0.9785336509252149
0.6087779330983955
0.8027793178739367
0.5685230533956072
0.6551530009793791
0.8471075937021542
0.704393992606996
0.7140380873948304
0.5402829457990003
0.994507542782807
0.6876730472967286
0.8015481982534283
0.9305171100877145
0.9263197209981243
0.8064165805658728
0.9420144818998651
0.6607034269287277
0.8518267765367737
0.9358375599574831
0.5146705582603972
0.7103657574901139
0.5927214522977264
0.5346814225955943
0.5036870085655298
0.8541587318810644
0.9668830486309787
0.6695584075778623
0.9041711913858305
0.6514031630584973
0.7706083410715379
0.6226784855298503
0.8174710328677004
0.6735669537917408
0.798741055637437
0.8720602793251173
0.5066403051875958
0.7410930806179924
0.9997734470870845
0.9631735636955707
0.7369662235754408
0.9694360664393324
0.7102554840521496
0.5752311928361913
0.5860931499616705
0.8756367319582794
0.8767915508653943
0.7673711335330872
0.6454906521120067
0.7894390686405094
0.7735934261207559
0.907690937800653
0.9418716299629157
0.9090901251848951
0.5097054748849142
0.7918465828441705
0.8654523617171481
0.5260171414187512
0.758070897333964
0.8166817450625722
0.6661440044558252
0.7836847484086715
0.8777428034423403
0.8149078909492281
0.8018043039000724
0.9182834339106352
0.7400413692561119
0.9154110012935462
0.5510019833162523
0.9951357651144423
0.8871346747437744
0.5645053607663045
0.6602265647290579
0.8496012099475458
0.7667658505255479
0.9360132976277988
0.797413348889211
0.9157514708170666
0.6832954783145843
0.5267432713459232
0.6434311245231055
0.5161571403969802
0.5565723869535044
0.6901810620274631
0.6956454744125631
0.8659447817025325
0.9675777534201458
0.8497418183264065
0.60801220154477
0.8392783993040052
0.9025579172469718
0.7184792906962766
0.6105202417117648
0.857867799285337
0.6004529749104164
0.6726507021341466
0.8223847723685123
0.6638044408130577
0.5411149577400816
0.9537405473294641
0.530389708436616
0.5264763504405945
0.9859183970619836
0.5904341776300722
0.5474554801899804
0.8013897403720296
0.7521429661543271
0.8331485536577095
0.6389653407879994
0.5721365573972359
0.6847120137359455
0.5424479386060811
0.9346557161089151
0.9288845992912773
0.7664740455857775
0.7870363961159543
0.9340671689403806
0.7356116225622238
0.5277672709330241
0.8482346711285712
0.8531385304308414
0.7221638433707218
0.6917983293853218
0.8781080608065458
0.9949982758475173
0.9412838930009941
0.7105597251653726
0.6243976782634859
0.9829432143087886
0.6999235785470861
0.7368838215332074
0.6159613892669378
0.9187081616786745
0.9982653428365589
0.583664364173042
0.8877549455753844
0.6934608857911027
0.788974362598641
0.6733382920388709
0.5138315117739451
0.7846833368749833
0.6360951362095415
0.654762025609785
0.6269594989245602
0.8920220308337178
0.7608135983164167
0.8380966362007152
0.5901083606808488
0.8299861804123851
0.5731381944318886
0.6661879354394287
0.8270465792564597
0.8332090813158799
0.7547545786137326
0.6719696364770684
0.7903808496577962
0.7285513783997508
0.6721764397023837
0.8900235963981242
0.5847366951681444
0.5348484004947867
0.7443510151889089
0.7159542451699753
0.7205133993433857
0.879628606085902
0.8388886493874737
0.690253445531495
0.7768160848280135
0.5479496235888319
0.8591841765421018
0.8951095536198508
0.5760916375334768
0.7593303301998593
0.9243185101387832
0.9290119005839819
0.6712708102508509
0.5405065591836338
0.803457824025582
0.6791920041235735
0.574417530794018
0.9048855494272866
0.8230644483835701
0.9350497066903725
0.5078607280529803
0.8217768499033286
0.6168030975137588
0.7358944993105676
0.7883005411435933
0.7158734771267861
0.7146224166986228
0.8969086354928124
0.8727335547762333
0.8778341347500838
0.7012166607742991
0.6324331763321782
0.581921449565443
0.9927704634971987
0.5501057979948207
0.9518750194675077
0.5004356962757257
0.5592469492367346
0.6313614665502648
0.8731064928305434
0.7630362143584248
0.986474156680152
0.7523182669953983
0.6232184825328639
0.9746804602230339
0.6471482120089171
0.8406061864332235
0.8926872951850298
0.5208934388580032
0.6448239030320911
0.5852684819126706
0.8802580390970447
0.6910423970572972
0.8195978171228718
0.6605996531672341
0.7348634839898234
0.6575435155164842
0.9524037672547164
0.9600510316856936
0.5696208699228391
0.5097596554643687
0.6960568653089931
0.8139731457159296
0.9486907715252906
0.5090516711153461
0.9386744637070512
0.5248844333774308
0.9854393410264741
0.7691798165922237
0.5584315601462817
0.5783558000531077
0.8679657956133243
0.5267938683117266
0.7805425439068808
0.6423324874002725
0.8622838238641117
0.6480028578856143
0.5757706447109743
0.692374066798991
0.5978012474482639
0.5379114684160573
0.6944526585428809
0.9157441618154696
0.7960535094712944
0.640281877002628
0.7450650434090811
0.8040209804296423
0.7846588168889735
0.8598613209637254
0.8786993830615706
0.6586090543406029
0.8865818924098998
0.8903491984684863
0.9373778060120779
0.5637142105949695
0.6388785360624818
0.628729265890426
0.6866342276702642
0.527106826648637
0.8498832664326601
0.948875138030899
0.9905975862042855
0.6759671090318766
0.807810860134614
0.6991819426620347
0.6042034330817878
0.9722115783866447
0.8490016687621675
0.672164055201409
0.9846477945561094
0.7378246884644944
0.5655108596624359
0.7080200182621015
0.7808414361417154
0.7719455634495314
0.6129391342126884
0.5360999725360297
0.5007719153216772
0.8926691065576127
0.6353501002409931
0.8460672794136865
0.9204820782243357
0.5539404585933019
0.6206877062276023
0.6547426252430892
0.5570622862773876
0.6947500170660861
0.6221102480333783
0.9372465710053068
0.7913304865739582
0.5499489738713941
0.8330149239872133
0.631363575270905
0.8218572357137695
0.9754245999376523
0.7680408605032198
0.7757259556111409
0.6508345989087192
0.8610324830460141
0.6029178916222366
0.8932437511052457
0.9344171732997317
0.8834698837524602
0.5220622402367048
0.98469646955716
0.6686858590504526
0.7725596332605198
0.5225065607209924
0.5513382288233
0.6048749874208528
0.7720693137660162
0.7717936477253668
0.6603571374458055
0.5864279777964696
0.8677067687474532
0.7539427156113336
0.5078701235228856
0.73208121553351
0.5902330582862985
0.7965765921824566
0.5885829838050436
0.9452267710025906
0.8036330224039709
0.9394453471277024
0.8588457532630385
0.6089949998237443
0.9062146857675113
0.9233087411625445
0.7732617020715857
0.7787455247191308
0.5313785387228342
0.9691408751175843
0.5198236210792762
0.7914061458552573
0.7503167912034268
0.5485301780510836
0.6170459052116501
0.9099733899135422
0.9895030824761087
0.7301302239789026
0.7155160961246205
0.8533993420927498
0.5710255782495453
0.8079105215104616
0.5272511204167124
0.9188213648753157
0.7713801254786254
0.9447253994323122
0.5442413788913887
0.8209520359292337
0.8531432324464996
0.9811221890567845
0.5191735245677691
0.6895895119014832
0.630689421636929
0.6575152540601817
0.6124729546630453
0.960734021782768
0.992409644770447
0.7274933730326216
0.5353625227340901
0.8955891274036241
0.7142346297002853
0.715924371935673
0.7115845754156296
0.5099154349515685
0.9125034309267119
0.826100865038891
0.7451695571256634
0.6238319700039123
0.768585288118864
0.8610964828857605
0.8746154583377252
0.6957764239370883
0.9953289543043136
0.6473770773001626
0.7560931125658492
0.6352968195050144
0.9235354198908612
0.5384231631624121
0.636694453894407
0.9548233750517012
0.890648994179357
0.8848381620171737
0.9926727589466677
0.6926014044166551
0.8958913272277942
0.8285397640928073
0.5963142665746342
0.7724676894735144
0.5252180982764036
0.9404775818118882
0.8929560379041204
0.6524695503756832
0.9481203199026909
0.5624328274266941
0.8187484393648643
0.8389672884423123
0.7197567394046658
0.6343933731622167
0.8366440837510578
0.6578523060497006
0.8594665608645047
0.6817924094689758
0.6975895572329118
0.9258306214313683
0.7188667399612874
0.5380185316856408
0.8014385452007207
0.8959800752710068
0.8036565184373035
0.8180764167885006
0.5877732889627492
0.8586581864235172
0.8234295248745057
0.553912845069078
0.6370429204529482
0.9503287086239771
0.5749908420763259
0.7389114576677409
0.8537827510519689
0.672788736749862
0.9410030232948545
0.6522833935560411
0.8050913352165971
0.9994937430434057
0.6871143029977447
0.6312624824541463
0.894901746045548
0.7334649148831744
0.8387235774085917
0.7679941242736723
0.854340912719684
0.705599368056899
0.9216607613942321
0.6195452080141604
0.8073904456632606
0.5340887653060282
0.9016992748668317
0.8213521312297417
0.6122150107649881
0.5370326520983814
0.7060919930464864
0.6824533808158761
0.6374697724350367
0.6926526987601992
0.607001824623165
0.9786455306786053
0.559698955924065
0.5185052491077713
0.9849666220039628
0.940852648694316
0.9346062859182855
0.6258356621383363
0.6399950586788858
0.7637926830850297
0.565294067710543
0.8233201444042267
0.9270355434409475
0.5715558788329149
0.7780701363237962
0.8147671848986946
0.9883571025356612
0.832532100167659
0.7331226164767439
0.9078382833068336
0.8424521525263435
0.9485343346703822
0.7835063879459825
0.5185626648018979
0.9182541382091379
0.7488053444873852
0.7223498995748238
0.8136701507062424
0.719407724948143
0.7782041268964591
0.9921637819159587
0.6623417299802827
0.770960059712557
0.9110766847011914
0.747437981955618
0.7348943278777147
0.9995866118208355
0.7210843221434451
0.9584694656884035
0.8797519757538982
0.7775886052835961
0.986809098705349
0.6545617936911807
0.6283245912314093
0.8591570444571106
0.5405134590365132
0.974153575047991
0.580666452102873
0.8350681003620756
0.7820829563102087
0.5868943031040199
0.9362715658592222
0.9179450937150928
0.7454198299563649
0.8831734816485235
0.7221970937957132
0.6789627911760423
0.6459159886876987
0.652465757523631
0.7365279929235535
0.9494718634943229
0.7407332311245255
0.6806317437176463
0.5050317786562295
0.650905002370828
0.9294827723776331
0.6081008437519979
0.8261198318780142
0.9646746327150768
0.8001108286105085
0.8424980513909514
0.9302381374010038
0.8086832064917714
0.7034481687046343
0.8571111995280284
0.592225488558459
0.7311323473723241
0.9824614218497116
0.8733504020841782
0.8792791130627168
0.673824951870061
0.6884010511885763
0.8114355305796066
0.9174951498569623
0.6041361123871081
0.5087800534808857
0.6599279581554897
0.8984328040117844
0.5986661674575384
0.9883971906488027
0.7439181008794533
0.6349710080249955
0.7072587622316096
0.9043267068550415
0.9937040945447563
0.5808785009390784
0.9895265595583642
0.9947566258934912
0.8242599959265926
0.6971937933428449
0.9700071477783301
0.8833370906552254
0.5421987895186289
0.7919938315680364
0.8290917619714785
0.7353057003828936
0.924221085156274
0.9328620402488852
0.8503108232584331
0.9761501129540409
0.5110566035008053
0.7281917361244301
0.6524545507489183
0.7754230046083406
0.5342165410244952
0.6752524865502411
0.9688852759085955
0.7446917457325113
0.8259117083029326
0.73008519791348
0.7087381755121249
0.7751082806264196
0.7149991518765126
0.6525408485393185
0.9095271136298362
0.714916237771059
0.5262770173390225
0.7544271381010954
0.7913214740600638
0.7653635670474861
0.6638462333778777
0.904830844048506
0.8521151948861508
0.8563388026592684
0.6259214866164404
0.9360747562911556
0.7554540832253338
0.812663970559296
0.6036396068085543
0.9517748033950972
0.9084050603761441
0.917959556692203
0.766591161690189
0.9748616082609955
0.6193143697817531
0.7295959805220771
0.7340204793054455
0.5844080969598426
0.894517285234119
0.5462875221180812
0.9683668131921832
0.5554442151519288
0.9448689907628778
0.5832794293835459
0.5693561337826933
0.5362562573609756
0.8552597035567608
0.5544322269191551
0.5139507532577241
0.7487989177236002
0.7454133806254217
0.7436428491642559
0.8386427555815205
0.9670725535205713
0.690465509890765
0.6808270932340439
0.7250922734549674
0.5067117062720816
0.9801401168083235
0.8299774479093632
0.8730217892521157
0.691661832649282
0.877337932204384
0.5228892311096183
0.6029977917164477
0.5000946474840466
0.7821635576230148
0.5581656081097613
0.5391321206136457
0.7458393102244938
0.8758950116395572
0.7454809415720018
0.8589970647141376
0.9990724364830963
0.9644451143236253
0.5476174877617266
0.636641880017669
0.7502869436771097
0.9176820209851209
0.7474761604545249
0.5411998951354449
0.8865694060721975
0.9117113601645366
0.5632972731293366
0.5393070827066633
0.6941465534740427
0.6339827958283208
0.9994046698150508
0.656723621051452
0.8721752796658765
0.8642747965436117
0.9935519439191536
0.7692722874190321
0.5783210422328358
0.9233359976820028
0.9583322516275319
0.5660701384479566
0.7919767122706309
0.5395155072438567
0.7939165817884818
0.78912994930047
0.5299564627562097
0.7940999519815852
0.5581444160517228
0.6129658367729482
0.8709706108327359
0.9384424629213777
0.9687648773722124
0.9263985392694367
0.6209086827409376
0.9924255143507599
0.8112499839024934
0.8587758154974172
0.6383623604779911
0.8360380851341385
0.8910115287359623
0.8803065622466013
0.9987376301299261
0.8261553052617306
0.9759393963796341
0.818481809369553
0.6271418141373148
0.8715902783987538
0.5108517270951881
0.6640888212416205
0.7657899640174901
0.886239890278412
0.7912212928198308
0.5560368085033764
0.8251791393263483
0.6741360041603421
0.6444731059933975
0.5841121137010831
0.9664320513801565
0.5948521354982068
0.942169740358759
0.763593558707875
0.5736403875742497
0.6429541805631505
0.8351954138209626
0.52888476515569
0.6067012490836177
0.5968519097594047
0.9344477019047703
0.8391677338958392
0.8575794995984841
0.7647019720117587
0.7299641304140798
0.8269194731937365
0.9647180024812743
0.6165872280939051
0.5151308822762185
0.6142507968231727
0.8647283246792121
0.6369106203976153
0.6453614082544534
0.984465586509967
0.5320777101239077
0.8906916317997772
0.6361984549838945
0.8545079487065134
0.8007713548572244
0.5293769130219605
0.5814065210031746
0.5992552528125676
0.636613637080659
0.9157480494038148
0.923844186092625
0.7123286576214293
0.6988849453043275
0.8453476031164999
0.781626089784077
0.5456742915013097
0.7777419598954324
0.6462286592404853
0.5773431497177178
0.6340861640823372
0.5330102942823475
0.5092677240469825
0.6902621178124037
0.6235906967075538
0.5492260681612545
0.5051116099103216
0.6397191454611537
0.6909923019025948
0.9267146623918652
0.8474157384860124
0.8191749041570392
0.8779411171832078
0.9141830485621534
0.5107524163000358
0.568719726001548
0.7769055591506548
0.8679031187806454
0.8961163995032242
0.8026622282673518
0.6856579407466267
0.5626654281605382
0.6389321126627749
0.7590563721102381
0.6775192489253579
0.9055499764986819
0.7238306458488082
0.9549659016181535
0.7293115072892735
0.5401102356176171
0.6771142688710391
0.8719298889695837
0.5450926092016455
0.5307413644629402
0.698499864862349
0.660711804394909
0.8142318518046547
0.6857457286810403
0.7045780551171397
0.8943357416143815
0.9886757339349628
0.6788818495890573
0.7438391666530431
0.8216961509787688
0.6470087579075245
0.8691109302512812
0.8189033759627932
0.5591189637610473
0.5453380620222736
0.8288467190653638
0.91909808682338
0.825634896965304
0.8568574136407798
0.7823357463523664
0.5889942891319705
0.62200303835354
0.8218283525196418
0.6173965616052515
0.5262187207494644
0.835671809018361
0.5847117670608796
0.9443460367200556
0.7098487977713872
0.9815147220890753
0.8652186154588342
0.9731632447827789
0.8746311981962245
0.6390666632709774
0.7314962040326454
0.7075794446993016
0.9629885673184377
0.8690339873090365
0.6897295962655585
0.6093824570120283
0.9109483796532476
0.7066334138971075
0.8240611333026386
0.6666370703149014
0.8425358172308388
0.5621427510701126
0.9911221935871444
0.6626487309583152
0.7178298914625842
0.9585860528667859
0.8146826467113785
0.7743159457108719
0.5065193534004011
0.7860811139151183
0.920654623277573
0.6924035829745555
0.9778097181868578
0.8770883207936759
0.6360713608301749
0.5885056928166886
0.6842716489769307
0.8701232692891581
0.730138703832512
0.7269808427515265
0.9848017377425352
0.6280475798137781
0.8183477165361002
0.6769356983220549
0.5728425750929123
0.8152224998443344
0.7202726804771296
0.50034441659692
0.5672902770164066
0.5784222416925131
0.9881175802590934
0.5182848894854313
0.6578998280862871
0.921685872608017
0.7393436816311169
0.797343853953832
0.6797317069189794
0.6487616968873902
0.8091426631133076
0.9598092583729141
0.9136725768234211
0.626734001974218
0.8755105438336335
0.7142998389220095
0.6777281571636504
0.6710068947310244
0.9742880982385744
0.5450651048864321
0.6230017688471451
0.6867806793783504
0.5513207190912242
0.9013352978379099
0.7231361258055442
0.5259049382635055
0.7046263308156798
0.9229820377783298
0.8736895102128613
0.7295553399190554
0.5056066688736869
0.6856651662316346
0.8548510505602136
0.8377730825490973
0.8963216438520181
0.6961691177974738
0.9247553648174978
0.9726956578171011
0.8282525034446194
0.7981868105056045
0.5594343238175095
0.7872409605601938
0.6809722124667263
0.8474042975417745
0.6798300299127358
0.9108121215032161
0.6301086091357495
0.6601288682654711
0.7193663174380929
0.5549428816408295
0.6333285667356933
0.6847105002156875
0.7922170387056017
0.6515232156852693
0.930083720052783
0.6978976164712107
0.7826123216056363
0.5475597249800579
0.954672413228747
0.8490329161076293
0.8594238081187647
0.602713452253308
0.5585286193148278
0.58797843294474
0.5886197007107075
0.5793001006727504
0.8473475774216892
0.5990327176613296
0.568065453229455
0.916060097952317
0.7799232635511272
0.86964011774576
0.8920381945933942
0.8269967494414636
0.6127971404683672
0.6433822314484692
0.6378293283724088
0.8651485502656604
0.5150516455769212
0.7430727138670917
0.5110997516202578
0.9949650192715114
0.7720002191877853
0.6259429355518865
0.9983371114300563
0.9260772715941952
0.5132896339309037
0.7471837436402389
0.5284289036459611
0.8637324995866325
0.5007133201946784
0.7915435895031568
0.6092583053112827
0.5421088236301452
0.53420628068515
0.6804002385922152
0.5862486333013235
0.7047350987365185
0.5195797039649306
0.7864500736236664
0.6529290284454832
0.8754420469581019
0.5738901051697906
0.9829634348142109
0.7988556940273508
0.7311370468394597
0.8305858548322524
0.7368588038288403
0.9078015298016576
0.5224374753569621
0.8164566263059985
0.5393048679361938
0.6700714714675474
0.9355092017301188
0.8023372886874106
0.5791338178074937
0.8481568085019136
0.6377377808610647
0.9378505734662482
0.7438720192517875
0.9857128215157422
0.8495317115711152
0.9298287791075668
0.945610752310492
0.5898529842951606
0.7127898288159871
0.5429098431413893
0.547733264047673
0.9816927919749983
0.6875117205532721
0.6217679748410594
0.9879393262205305
0.6344169276468336
0.8708234271381724
0.6202012454702495
0.7233276682411439
0.8780777453731976
0.7011252048166915
0.5188086103444779
0.7720710374501234
0.7541998803146526
0.6992443553358582
0.5907663726079249
0.9212678174384757
0.7170518786377709
0.8638189840029856
0.7296158710654368
0.9374201871514297
0.890635606280359
0.8638364146296176
0.6762291648475511
0.9589912297011719
0.909986380215118
0.8513998405066765
0.7161265050731648
0.9284048247721605
0.5079745758220364
0.8480648359242273
0.7049305835345724
0.9878804195491098
0.5055255436892043
0.8388482023270698
0.6972733853556233
0.6338260041103462
0.7308823655481371
0.7051964326511733
0.8308901067336768
0.8096928686416214
0.8997142561195768
0.7009923713038375
0.9006650878059332
0.8906446066298754
0.8718053397455737
0.7374796393336596
0.7869376560933765
0.6481357482785853
0.5758871932414686
0.9834831472895557
0.679338004514959
0.5683730874066566
0.957646614818449
0.9078645209143488
0.6971606719666441
0.6846456735290054
0.6215169789121148
0.6664403747660943
0.7345622943796407
0.5396331358151389
0.5476329395022196
0.7897653426141349
0.6184179053971196
0.8833087232267796
0.5619753685648088
0.9785640442081154
0.5186272042295506
0.5017305772301024
0.9754473527467271
0.6829037108920055
0.6682331606548806
0.53623229242024
0.5849436988328403
0.7430797099670472
0.9961511866079026
0.8172119770340415
0.9221015960947685
0.9131626152720158
0.995979597020135
0.7614799313509554
0.8623866537631548
0.5804617582158864
0.7082776762028463
0.9526454530685606
0.8403916714335867
0.6477040222977493
0.5586713923400912
0.8689127127876022
0.5661430957517988
0.6876135093215603
0.7009564331436176
0.7062236323991938
0.554503954270074
0.9961526793768747
0.8026786129368251
0.9116234425569197
0.7047016082422042
0.5474492212291969
0.9295879868220149
0.5526197571401528
0.7107505810641018
0.630277337401312
0.8444177610674936
0.74548942722624
0.6462404748582161
0.5830164169387091
0.6649124284947365
0.6830837960331535
0.9867427057296472
0.6167790475572321
0.5499062989812599
0.5502099538429623
0.5969943700558609
0.9680365284693601
0.70302772521091
0.9343001734312861
0.6396013950991004
0.6083876927614594
0.56026929131311
0.7227896218072634
0.9298167045920063
0.5450235271780032
0.5614081371054557
0.7709518085358342
0.800028430889447
0.8128949494320306
0.5352016102617541
0.5386678279729348
0.8844729504511435
0.8673782058420623
0.9938063272734792
0.5714393011160229
0.6383007244383926
0.8489655224583302
0.9558270947292805
0.5385832532435109
0.6931869921278133
0.8524351241859794
0.5440335660627482
0.5506710732218935
0.5974820954667048
0.8024399621853429
0.536542777449474
0.5081728426568703
0.506668454773141
0.6407199634373738
0.6574445507082091
0.9679427936014255
0.5651793801127898
0.7219196693083004
0.6457770780761478
0.8097224627866869
0.5945717282293557
0.6991203271541568
0.9853561648342689
0.502171155850412
0.624595760235098
0.5734041209364436
0.5989683757660609
0.7481523297247887
0.8908966167013195
0.9913709075779042
0.9077297757833328
0.9439732923911534
0.9462565696604872
0.7816350161139656
0.5554866991478756
0.9060537968050263
0.5885655908201018
0.8863749359176711
0.7265633942063445
0.6992110732355933
0.6041162954707049
0.5355026227616693
0.9866352111338684
0.7272367497995786
0.6821568786870078
0.7017275179682796
0.9702028753103565
0.6718629133952918
0.9603412501894566
0.8093258466144536
0.9408305798434562
0.5026035781713234
0.7940393635051246
0.608996566337628
0.683626017321165
0.6299240782159892
0.7254521637333926
0.5283863570838059
0.7281102484237596
0.7960076450851306
0.8808497297682724
0.8876474562807094
0.9187539942971952
0.9730000154705296
0.927904724390033
0.9805111136791949
0.6238408407075102
0.6556768814821337
0.5379595924024949
0.9106468949144779
0.6416258672391812
0.5815186078211446
0.7798501021190284
0.7710807590809039
0.7968361032538678
0.7826074330920634
0.5038834730473205
0.5725753859268166
0.6987058418391201
0.8784547131711404
0.9086220786221085
0.551378394010219
0.84195062814244
0.6449722921756721
0.9082654493546121
0.5376600572154071
0.9169982249171535
0.9522486960517655
0.9502513920394083
0.5688136084904123
0.9351341613566928
0.6793270870728081
0.6540315602948663
0.7799350875216725
0.8599959639113638
0.6364802189042873
0.788729288781848
0.9225931875502484
0.5669143172720545
0.6115958992211386
0.598434859388822
0.9329114371285211
0.9067313992784096
0.8112750061384975
0.9221116995744845
0.9345782430757379
0.7535945316686227
0.978772160859831
0.6673686595697037
0.6543670131778325
0.5865523489506792
0.739827585300398
0.8394001117639575
0.9922804497670934
0.5176486111029047
0.6394805617617805
0.509775389058213
0.8549381131244091
0.7651948322195697
0.6503534053719864
0.656764279927811
0.7595461935693131
0.8543010658935131
0.7438514766014298
0.8365645295696357
0.8334515094589998
0.763573653162243
0.6653886022497864
0.7772784258228467
0.9676860379407626
0.7501662507893858
0.8424910919632651
0.5313411221831261
0.9967178733449287
0.9440499790922259
0.7314534686242942
0.6518129705350983
0.7811335353091126
0.774484072714476
0.9034403534997286
0.8643203112354736
0.7843328736760505
0.8672962338387451
0.5246864208781381
0.7614937484319766
0.6664095798250882
0.8669370155969378
0.6605142931765308
0.788743710428812
0.8947852819562647
0.6168639552402476
0.67259140844329
0.7007566858807868
0.8823011278384797
0.8606070041665204
0.8846235082470968
0.7574848063181221
0.5101964521817752
0.6020584271491793
0.9839982419239752
0.5751126796383798
0.7080922455197896
0.5415448684762719
0.5216697202455263
0.7770844091962705
0.5423009003171695
0.7530762882672473
0.8981785683372072
0.5057568669691772
0.5872014519935171
0.9096175993043465
0.5876600196051985
0.8401978236418177
0.9628743284511915
0.5473859540305299
0.7154354686243439
0.9268119712192161
0.9799977714485935
0.8661044803740483
0.5668918169302686
0.9340454317911339
0.7211515898297465
0.6433532784442937
0.8263280960322823
0.8077532083840635
0.6096301224817116
0.9285313955116026
0.6358494966920623
0.5671702749034131
0.9118868239293921
0.5544835529114263
0.8752524152867448
0.6613434946338888
0.9670515274847309
0.6498196904938025
0.8240559508095002
0.8720755570609684
0.6994332198059638
0.6722273412062343
0.8966694898183448
0.5306601770055692
0.586293357053271
0.8351955334834478
0.777696759710404
0.7550666256355714
0.5271134106077124
0.8191245465293555
0.6430662055398471
0.7380383098837786
0.8260679624380406
0.7599443117784684
0.9428498908422709
0.8426222092976022
0.8960744369898679
0.6936350716274493
0.6846070512288294
0.5936245784766951
0.9136534055799477
0.5832546843251092
0.5873483113011839
0.9931313419272535
0.5495095192716007
0.562656289428789
0.9220127875510935
0.6413419857593761
0.9368626455513602
0.7055420525121658
0.6574822022460292
0.7483943784796542
0.530722864157015
0.9937430306690926
0.7142020596577402
0.9920264843709065
0.9631900616535047
0.9888305940305769
0.9286430231848873
0.9831815764551596
0.9483481180842777
0.8171787649794393
0.9240558372563128
0.8943856273261925
0.8980955944433733
0.8739479520423575
0.5702416256529457
0.5812565058350116
0.6735680334049585
0.9123679685272122
0.5492994001487661
0.9467517247124155
0.8791737757702904
0.7645109224601809
0.5090676688488085
0.6407160243388694
0.6776856683837933
0.9457644437580757
0.5949679715840388
0.7435163718399971
0.934504328214079
0.920338041212077
0.8814991492754813
0.722027305645202
0.9485502616660133
0.7026226881962303
0.6602745765541502
0.8323246683937711
0.6893571123760842
0.5212414684633804
0.8706916987451064
0.9229157715038245
0.8645481340840158
0.5872331416504304
0.5439443683637049
0.9757518067171728
0.6121265191136303
0.8290460183120497
0.5228674960204197
0.7278588248460853
0.7228548865721551
0.5895686065672334
0.626731467453802
0.6825483965186019
0.8967647069433908
0.6008635344268936
0.9890727654188021
0.8550018275374436
0.9472155885740434
0.8986634704941161
0.65362526417218
0.5440591705658677
0.6893235248783735
0.9068574103737199
0.9558543814528362
0.7995217219935582
0.6524859488178394
0.6808467217726585
0.7530697235918329
0.501030974008766
0.6966345078557243
0.6614132752891662
0.6690305664569172
0.9431653601331624
0.5646887180350696
0.8368335738610524
0.7920791830558499
0.6616910025597851
0.9224270867716016
0.7011211537452557
0.652939618731303
0.8385094415912724
0.593039359644468
0.8789801531624427
0.8150967815375476
0.6376526410155001
0.7451294333013808
0.7262485464038211
0.7321894671038882
0.6417302302841763
0.7644766966201489
0.7122677386573373
0.5768429072637737
0.6411310068822909
0.6352379384757614
0.5538076512925689
0.5678867072057678
0.9151124047374402
0.570441885094821
0.7038510500946777
0.8316636477437569
0.7613167735441209
0.6977569613167536
0.5538061099739748
0.8939676321040062
0.5025486575118668
0.9781238623268002
0.5017409234474481
0.6412789557541478
0.8256283333211782
0.9656139261095695
0.824399291554129
0.8636914305421071
0.5912361036505732
0.6432642934548852
0.7648951348528783
0.7024459664161864
0.9422751193599868
0.656587229209593
0.8979683404221732
0.7793072106455614
0.6815959425039442
0.779280831362487
0.9868280022064957
0.9059107794345787
0.7730015215884418
0.5962821510031602
0.5733886785803608
0.8576154692545636
0.8917850605539861
0.7254133682743213
0.7094423266550751
0.7468975177855708
0.7870820742804872
0.7517943600814955
0.558754750635334
0.8817824026656879
0.9001524743670454
0.6973606777620848
0.5060671022108032
0.8726763291152551
0.9423791550654195
0.5226698308950135
0.5987738854751777
0.9305682153903903
0.7342637740421983
0.5585741107645781
0.5786944204040214
0.9846634772902461
0.9002405153952793
0.7575878911518252
0.7471392823892875
0.5807115658256768
0.5925717758265581
0.741397835241365
0.5816676798879937
0.6454172612372668
0.8387140481952231
0.945625699555009
0.9553179616189527
0.8075571405165332
0.5662868422208962
0.5072779196918558
0.8543501516390611
0.9365904065640036
0.8621545416136109
0.780296933251911
0.6880328973468608
0.6837374129131059
0.6912388408129131
0.8086722950364456
0.5602476273419573
0.6637583611887976
0.9513763224762931
0.6152218542052947
0.9515671442411167
0.8836810042213196
0.6645621148809485
0.6675352537665493
0.7002376368696803
0.7382448005535378
0.8871677459706189
0.9201222856176984
0.8606260868359937
0.759656220460023
0.6247708488366053
0.8876523268464972
0.5734889988762001
0.9830041545242377
0.7864801800563728
0.8708538143105026
0.732611049946589
0.5872722267983873
0.9789646930605805
0.6634982998614871
0.6947121241402406
0.5886002519645364
0.9893837073831284
0.9235861334548576
0.8778779592746253
0.7935997993284651
0.7329406181462917
0.8106445812855521
0.7188425680667483
0.5609644352345042
0.9499187812018854
0.6074229091613069
0.6169811219357941
0.6589219754217917
0.9274821473012794
0.7525148263490907
0.9021238305408922
0.586543442789477
0.6316232451813846
0.9744013877047776
0.6684669879023046
0.7000766433209831
0.7153324663790794
0.655627368287668
0.5733339424597923
0.5240159068724813
0.7477525029740522
0.5210037506859818
0.68815822721246
0.6222778063040113
0.8947098774658476
0.9126007059654162
0.6648092130967371
0.5600332690796911
0.7765547159866386
0.8374798542521973
0.5053495514817539
0.5362063009612222
0.6640880056745788
0.8994332104411217
0.5917288000217098
0.7964359614133039
0.7928436462903197
0.8822151742934781
0.620424615526838
0.7795913216845389
0.5973907531629719
0.5097188792472731
0.5883067415137653
0.6505160862354682
0.6985075130263239
0.6743595151931787
0.8910833897616455
0.699611562053233
0.5931865532414006
0.6309120938444708
0.6785127308530017
0.829058749757189
0.5052273473187635
0.9438877112089794
0.7487167716764254
0.9704979301582142
0.6657647225681956
0.9597946467262772
0.8513684232627905
0.6216606048940027
0.7643535744676035
0.738084012006083
0.9635059225077272
0.9271504931218367
0.9859729345846481
0.574983251930064
0.9765803851297328
0.6758424794921916
0.8864817722700606
0.5202301402111209
0.9517749566336133
0.9808883165213468
0.5270633702573544
0.7520232009233059
0.8482418082974781
0.7268352046846831
0.5698915736259544
0.6959962085756138
0.9889302534649842
0.9553307389564487
0.9080616884893087
0.8392013894848525
0.6402676093488124
0.8156800401690141
0.5732838306659476
0.8074980337399981
0.5245763993019281
0.9065624269385497
0.9622066093170831
0.9510709430614044
0.8766480403601952
0.8435051441979701
0.9412954777651432
0.815322280979182
0.5769517911142511
0.9564248073992312
0.5363578624833618
0.9971558274247756
0.7079129549785266
0.9819169218664866
0.7748861970324054
0.6004781371322063
0.5064323318971611
0.7118263113885793
0.7256353546611113
0.814659845031311
0.5852145230951709
0.7441630901507384
0.836853285063446
0.5362133214923815
0.7880047697576178
0.7520575921869499
0.5378961208050765
0.6271386731053461
0.9309873192757621
0.8650801748066808
0.9331035751113242
0.9342948494442689
0.6132851243834275
0.5190114749467445
0.9113195954885422
0.7578218310239826
0.6774531718731173
0.5706110622087401
0.9774990201170646
0.8236944493972277
0.8852338311878278
0.7339588108862908
0.8832023028197835
0.9636336893691324
0.5807775275755367
0.9713557241179891
0.7859276081703377
0.5075897144900252
0.838015315598684
0.549509415675214
0.6834979331366843
0.8107759075849956
0.7509533243568138
0.6284888589664068
0.7876270946264228
0.8553963496287011
0.5255722904981135
0.6609337309501357
0.8554618785033051
0.7983038147496936
0.8266836638617583
0.5471345366571811
0.5027896086385266
0.5271014293606502
0.761648271921725
0.8579550402265397
0.7076214030420322
0.5007366175927745
0.5883742152186979
0.747517476743965
0.5286127004569912
0.6810980304823397
0.9208638637190042
0.6774817328567874
0.7770055860758526
0.860004900261415
0.6996648063989352
0.5976622116398577
0.865148091288449
0.7815663365756184
0.6712586955368085
0.5628923063586695
0.7730512236056093
0.6421444903336728
0.6954292071382291
0.9390640868390795
0.645793797244468
0.6396441017578816
0.8908941020534362
0.681817088269637
0.5249118112435034
0.888728908054441
0.9397088990195872
0.566079192949794
0.676798007488421
0.8135899688932859
0.7058502294136482
0.9563982928387399
0.5831481445254547
0.6995103941328711
0.8637018942586976
0.962999052967124
0.6943824618568181
0.516036332047628
0.9465088513768922
0.8609006894170783
0.5467042216480993
0.699890456720663
0.7090693627198129
0.596014606247728
0.9335794725830271
0.7629101605617021
0.6075852208267871
0.918808835863923
0.6007623252683468
0.7208881693938871
0.673924006467848
0.9348648293361579
0.9579526242288007
0.8487244337438573
0.8673288265680243
0.7628713604496665
0.6879666659165091
0.6647621513136396
0.7440650342448147
0.7234572350373573
0.7121369235378703
0.8865221583236784
0.9286763151270203
0.6589168925317626
0.560002504678167
0.8489457549995909
0.8187421588780966
0.6369949259475558
0.9903727811111582
0.9979443222964022
0.9961263400669443
0.6166636185147131
0.7927830885230898
0.7051363654887903
0.5402967296629855
0.9500822748596928
0.665525043042503
0.6692455217257076
0.8206123099129664
0.8511815192615622
0.9475699571437555
0.8998623942839701
0.7244305984427882
0.7198572692219815
0.975653356361022
0.9190382396070899
0.9068204104321331
0.9664637919727737
0.8536475862002499
0.8798116385240785
0.7296767518722551
0.5349445313432375
0.9287734420731799
0.8876345209442241
0.7509226474413652
0.8537908094727806
0.9347702608186151
0.5687684051992069
0.5711605330428088
0.8825314877143053
0.8558223691323743
0.9110794562746726
0.6435485734432509
0.6142432847650152
0.9898384962951563
0.9019355162285869
0.9575503656079047
0.7198228359774712
0.7935769370390728
0.6792375326335991
0.7159609284994808
0.5065989264114203
0.5496259031056402
0.8054819717181829
0.7266201501813546
0.7641252651437522
0.7516421209494399
0.543269804036331
0.9737412639203289
0.880891278783165
0.7878570395630489
0.7587031936156067
0.6513927315398317
0.8465360951552598
0.8283596497371974
0.8715762545792801
0.6523396662939984
0.6397608540195152
0.8732835536605016
0.8499515394364388
0.7487884704162788
0.5125321818244559
0.9887525870617131
0.8572478265653865
0.5697974039783935
0.916014014759506
0.7304517246840776
0.9629606817220753
0.5267368231400904
0.5630955187168591
0.7490035612577008
0.8330222923403758
0.7597710655900043
0.8531699000032184
0.8879649397901617
0.5543436112309712
0.5469579299415632
0.5059281360123766
0.5032088239428042
0.9015111289476021
0.6020135056188805
0.7777746099345211
0.6876533762376058
0.8292040116959981
0.8918280095490767
0.8759410968029047
0.7832418025867028
0.8965749262755262
0.741897885768297
0.7315463275293786
0.9285709167144296
0.5108541054732483
0.9526572597639884
0.8342654799558106
0.9905244162357083
0.8438199682876797
0.6812541778640417
0.7047520189642461
0.7339789658507031
0.6137195233004669
0.5022168935317779
0.8226858142499789
0.5976784375238231
0.8902308826914123
0.8235396666482129
0.6272501651989257
0.6028268042225775
0.9968492948066352
0.884245530078979
0.8045758485182014
0.9794402219570602
0.9944842449176061
0.7213270564103186
0.6538633757377642
0.686510243543482
0.6142416090265475
0.8741972580619223
0.9574206023427154
0.7524129045652089
0.6577796296381033
0.7892124782490468
0.7522489996714956
0.8626725885757263
0.9599138231435829
0.8915942210768627
0.6513608564994304
0.8470099425613669
0.9718914091594699
0.6488428567712217
0.703006195081683
0.9563600275776241
0.7573643332366692
0.9392045562604661
0.9156040347882581
0.6356163466255709
0.7187780293580959
0.5879665670757346
0.569203596055603
0.5315037334512698
0.8322641908105934
0.6877615326718687
0.5015322224633882
0.7088326509992009
0.685068807375828
0.8487900768335235
0.8917104069634265
0.5600549465875566
0.6241606935841997
0.5011448242004255
0.5343813529079935
0.6281640171303482
0.8989565963337371
0.5745809356194248
0.5302443427470228
0.7512485731378031
0.9105374547826925
0.8611787629841494
0.6905739576120352
0.9663441726221604
0.574330901083663
0.5745394584472127
0.7980342175853723
0.7130324798720126
0.974806869080014
0.5807294934061243
0.5127961477437587
0.7122737090206903
0.6273860038119992
0.9617331614154151
0.8435905291013915
0.6702966163547003
0.9136131676886239
0.9819264393929911
0.5588459607414713
0.5318344501786996
0.5476336062515981
0.9072799919961098
0.8571644515356014
0.9118000409882465
0.8586737079173932
0.6082443267933664
0.6677660945136189
0.7422589558128259
0.8467929241173497
0.7721885275626175
0.8617755243128387
0.9177382873740457
0.8541170053954853
0.6533892652934354
0.836949568546433
0.9763663993955491
0.7104896850276288
0.6946841258655947
0.5811309667518122
0.8699996176068099
0.9771328744906045
0.5496033630957973
0.936420836632466
0.551376690035188
0.7917834707551217
0.8885022907547686
0.6656525996393962
0.7536222759044723
0.6379668288404841
0.7575102822093441
0.6367655823257898
0.7205244649834701
0.9074970261710671
0.6969257464583465
0.9304574928268012
0.746638219178078
0.6228690533222169
0.5417214315814747
0.558111594432241
0.7856242650840626
0.9052809144351268
0.7407674522667111
0.6639474578020892
0.6549962415344066
0.8154432967999314
0.5195807922225804
0.909657994098583
0.9249782872356083
0.9386014562563868
0.9138562615314898
0.6107800273023269
0.8314587904988627
0.6801316601507263
0.9607038208840581
0.7066369023603654
0.8428442350747254
0.539803630508196
0.8411146294217777
0.6498496529379162
0.5036205920940786
0.680509313342041
0.5538389457288893
0.7759169077010982
0.7921297227808382
0.7188511786806155
0.9514981598863772
0.6452074633743655
0.700626560250564
0.6932571553787814
0.7748788799890218
0.9990022253018016
0.8382988303354484
0.5000708739185555
0.8550397468137585
0.799539912648745
0.5013343426592944
0.8361551497597699
0.8305394586173604
0.5726107447441144
0.5869228777119395
0.5701995659008441
0.5027635791400719
0.5314504822298876
0.7192545207152155
0.8051275299210199
0.6052720652073923
0.8258472380534645
0.8904642460291432
0.6516668664549857
0.810377265698518
0.8765248578475742
0.8483377669142182
0.8787189013821863
0.9510232929928288
0.8321352666821356
0.6030828143619695
0.9467946924135283
0.830926129518985
0.8647161781873289
0.8790983713412182
0.7867804408698567
0.6001758588033255
0.9675268582576659
0.7855921299555025
0.9126126049304639
0.9102684964688087
0.8817928787931055
0.6775485600204816
0.5044769485346698
0.888906890993332
0.7571450080684636
0.5397687468769159
0.7154925011176174
0.7661845108500027
0.6272147903881493
0.6624457940722521
0.703999698503672
0.8760108106089908
0.7436607278978377
0.7390378961041831
0.7252072823750019
0.5542513759525968
0.7942785569012009
0.9771046141091833
0.5970961603305803
0.8196322442354538
0.9116388081995817
0.7877963255153161
0.9217598868560701
0.5054272743330284
0.5017440181890214
0.948917004280107
0.6674217440162029
0.8395716633475736
0.9080284302521878
0.8737317316949675
0.6409184979678426
0.8218794582804934
0.5870226145451294
0.5707155890397941
0.710890298681646
0.868665456977503
0.9795863810653034
0.775762609602533
0.768205835943143
0.7570172436413471
0.9718286073266242
0.6208112675904277
0.9080207568945525
0.8470097083824002
0.612295001509834
0.8060239906839829
0.9295266123309307
0.5416027588247592
0.6102745716012388
0.949610575886833
0.8353113039757984
0.5353082260893149
0.5645098152475563
0.8401782442839568
0.7001470662100515
0.8208533149475841
0.66918941376621
0.7475139939129554
0.8766091739022808
0.5437240063705783
0.6957523783350719
0.5245924433902123
0.7776648934160897
0.5001140456043218
0.7987712661065705
0.6417418522818188
0.533511539225137
0.9765502825649683
0.7127788165799356
0.8767463095460224
0.8223896910297187
0.8091128486470109
0.6465116633736765
0.6857597699125797
0.729182999797386
0.5216062755432644
0.6793697665030046
0.7481435217589285
0.87132063083493
0.50569316679427
0.7652758789827439
0.9271251037809873
0.8693314158034886
0.9853302637509712
0.653101456700447
0.8786687579611896
0.521090560400976
0.7815094629534022
0.9867988578729106
0.8701473583469903
0.5405200601961498
0.9327183476498078
0.7238079493103303
0.6133779152729599
0.5575152427306364
0.9066461261063719
0.6076519027272681
0.6462817740048701
0.7449285971008448
0.630105487188545
0.5755612711677713
0.6453400794221686
0.8531078740746058
0.5161503641369294
0.7359955535475105
0.6114725749103506
0.6423914458185624
0.729231164517163
0.6949153317100469
0.5851665390631573
0.9520319885222812
0.8775987917790038
0.7035375923736358
0.6291139403190649
0.7644464269955223
0.9601233012366979
0.8269488021940035
0.6367888038063404
0.7061359923472061
0.5208711778627987
0.7068664342486319
0.920123284891759
0.6085787105297668
0.9830523913834086
0.6832366424626608
0.8343030095660409
0.5431706135234506
0.922533718681434
0.677007256647297
0.7789850792771551
0.6754198909492537
0.8428545785061936
0.9692784054925783
0.8883149690904407
0.7921904615664856
0.944919307658107
0.7696095897757302
0.9762685696963571
0.7023275618533992
0.6295800394631516
0.5261362981055016
0.833639788628062
0.7893199390115114
0.8115487116181359
0.6979643642458582
0.8095084907564041
0.816460998993068
0.669583061528252
0.7100698469421336
0.774942372588328
0.5362797664936045
0.7123457431641933
0.9542704121798254
0.8489610438878199
0.5296717554928241
0.9853814308114891
0.6391238199507554
0.7892378175110697
0.630410158611343
0.9081334850209166
0.9700687012428617
0.5033542283414183
0.8649375438195367
0.9722963661886398
0.5852803833778846
0.6592623313157799
0.6467525308660439
0.6859171906405996
0.6962653930266995
0.5026710894613137
0.9067779112048988
0.9558321260806042
0.9414835023855048
0.6983844621984
0.8572367777085361
0.8719710448814894
0.5084280519108091
0.7720001556777727
0.8775419957915329
0.5870115865806003
0.7044374633439852
0.8597818909831029
0.5237038679284685
0.9996290310574885
0.7854977707355776
0.7336407248698731
0.7161400242715812
0.6924952126683989
0.521306490104995
0.6351927065117051
0.690857753222832
0.6608884007696021
0.6838071769816282
0.7081701227140274
0.5384720284969563
0.626362256981583
0.9551633145906333
0.7829105721361049
0.9859364670845652
0.6254683448577121
0.9964413447164022
0.9282122368399603
0.7820970705552328
0.8247974271069383
0.6414254321374069
0.5742310384428866
0.8857712299342855
0.7681161843196819
0.6318207770483093
0.7259325318060356
0.5522548148325139
0.8672860160996039
0.5022386843395147
0.6688289525470055
0.6751265759840828
0.5575727833847408
0.8145079999032674
0.9944100160156085
0.7094526695766761
0.5323736310685961
0.9561603289061346
0.6875205941924579
0.9936369103686078
0.6620159356482993
0.9635768133818939
0.9246614885200767
0.6632427536774212
0.6895223795118628
0.9877436359888725
0.6764276056317124
0.6346488349571471
0.5699279064409533
0.9440585519321039
0.55289873234256
0.7124319685440792
0.7962978333558032
0.5435291789363333
0.6655771156819119
0.5468058885159244
0.6620650861072057
0.8667049649025622
0.5782719589640908
0.6271407683439708
0.8416532044050808
0.9866516009680325
0.7832997921165248
0.6857279576538312
0.6214077777051481
0.6703673879750789
0.804164006820127
0.9002615056335532
0.7606719977104454
0.5586551999503764
0.7619561020850167
0.6090810796232554
0.8075676275339869
0.7176774749778816
0.6785478952395054
0.9356959681812074
0.8933434277499444
0.5159483177059632
0.7284945318633378
0.566125560892111
0.9761233522280506
0.6339622254502748
0.6611873584497489
0.8385625223199382
0.7531226928322052
0.797988738666918
0.9692404373903101
0.9409693267269766
0.977288325591203
0.5772347696873223
0.5217456734829815
0.6342745484825832
0.6724131855708149
0.5620306986055997
0.8573841826167642
0.9835343129615868
0.8196480267136568
0.9922251490946372
0.9690984916895998
0.5245038697850807
0.5066929173384123
0.5596569145829282
0.5038055251926403
0.5910413711229479
0.9022274686102048
0.831051604002867
0.6932921020316921
0.8314100907429098
0.6390963223848749
0.9429136358601009
0.9454289273308706
0.5557144840519312
0.9450720402798736
0.9196924109921496
0.834008149936792
0.8944256029990367
0.6759153077032257
0.640219730484943
0.8312221204046217
0.5112815695908062
0.8665598077585179
0.6372081598861112
0.8594599370716034
0.9233691102346815
0.6621381554471077
0.9651768545361755
0.7770762185101294
0.6851748205676694
0.539613337561611
0.6079238411161834
0.6077289002726269
0.5600697457784983
0.5753928546559707
0.9643623729316154
0.6019863517175406
0.9857892651842355
0.8227109740815874
0.8218825085188396
0.5458617054563621
0.6373495940300163
0.9331261422809853
0.514998379507992
0.6430557233345846
0.9168202112426265
0.7360779730957907
0.5046963918687624
0.8520770430558134
0.8125319354293188
0.6307817396224614
0.6811923157091837
0.5615943406722455
0.886682197693192
0.7947386703900202
0.5924835398078527
0.8043341737559904
0.9938428656907228
0.7669925536564617
0.785698274374008
0.9953909265187082
0.5321326734510645
0.6817581801365029
0.9901304680198507
0.6375546136907535
0.7575639208885141
0.7233905551797337
0.5561725453947091
0.6228344844770018
0.7130858037669445
0.6964581890231256
0.667513783940689
0.9798881043183767
0.8955794970667806
0.6503706823566588
0.558841686337565
0.688838562846982
0.6234110140994943
0.6656583450952989
0.9465421188474816
0.6046790676621493
0.6465339863380473
0.5973964885159102
0.544802167399203
0.625184181672795
0.7826275672945917
0.7138627056191269
0.5779263775995467
0.6526753126859124
0.7500195766958464
0.9799078368207375
0.8759572584237885
0.6444988625006784
0.9520831117541608
0.7089603340320276
0.9079872923696777
0.5348208082888022
0.863870279063627
