0.9399073700379476
0.8650877284793677
0.8012009685805266
0.7995284942712992
0.5011807058177333
0.9474243071159498
0.6596956299846818
0.7481942165169626
0.7359898937953444
0.8793771660982702
0.5132675564348201
0.9469712426409549
0.8862990070816867
0.5256572148185542
0.5200031696282674
0.566597854920274
0.6261211886877869
0.9394313998714252
0.7786923342717549
0.9054373056818448
0.8536419418145678
0.8455644311700261
0.5933018004681856
0.949348881989791
0.8044024267367422
0.8654473467314115
0.5032291316383174
0.741109301415236
0.8701852408973979
0.7465617712822872
0.5141151273603558
0.5918487366720444
0.9894779127129063
0.935192061378833
0.8515222801909283
0.8621231494294308
0.5224485485556284
0.5979325372880807
0.8936450097881881
0.6552688843917982
0.6998419754184537
0.7257698760374582
0.9552683682871685
0.8312420941442453
0.8721673798336325
0.7218675357178828
0.9194292020930547
0.8932840165124469
0.7525358850949975
0.9048447912601356
0.8476343849622923
0.6760237801067117
0.552469249616115
0.7379192172979735
0.9977053886028666
0.8342416410157452
0.6157485835379852
0.6714722804471509
0.7937217183862633
0.9535124185957848
0.6107172346018537
0.7231582536901152
0.5446881962928644
0.699845069540394
0.5194156413801068
0.7537852808835439
0.886569150136447
0.7526645380518455
0.8486127079778628
0.654711284233261
0.9687164861647324
0.6716183701853514
0.9557327998847587
0.8404385940544314
0.6508714621737834
0.9644536959740693
0.5258940005962216
0.6072372778901639
0.86709952781753
0.7078056919802147
0.5172953917807985
0.8642568804231279
0.9460103636733344
0.7497750677242004
0.6336344845532
0.6030450380411281
0.965919103013344
0.6442355972722686
0.523353651256615
0.7200932309891208
0.767444645641439
0.8317154876657891
0.87856388092835
0.7101624489014617
0.7010770578083647
0.5975394013966826
0.5796460482223906
0.6891755055652903
0.9812630364400092
0.778304643413338
0.8822830969726864
0.6180599418118526
0.8558015740888981
0.5123859701796669
0.5574400867428573
0.5451085459597034
0.6582762482919242
0.8264710309768009
0.7643847022673762
0.8685202074213741
0.9557611451023118
0.7902694757104352
0.8363889690272748
0.8440933967405887
0.8719947435562665
0.6607523650393952
0.6311505721064613
0.8783513460451862
0.929315007335252
0.8671580420998832
0.7165868124185251
0.7644541557139951
0.785299300640302
0.6531841512777796
0.7495043217919084
0.571497046839794
0.6582088360040929
0.6930985307541873
0.7108109381188585
0.92180140323018
0.9179932332170879
0.5406676703019575
0.8422697891888276
0.8869745332304813
0.5235311282982278
0.9933297057828605
0.9449463729763512
0.5254854188388947
0.6409104097387863
0.7489180622084988
0.9893588218834977
0.5407109796176588
0.8229210043605557
0.5584212782563993
0.8942545111226566
0.5569368035244052
0.5489374984907234
0.7733958916311603
0.9005656368058739
0.839138921491176
0.6221762216069077
0.8069186506162014
0.687939235690681
0.9867838101708295
0.8510808125983123
0.8639326578985336
0.6980028452068782
0.8460714716150952
0.5638395588548235
0.8150063442646236
0.6180002192180769
0.9012976494196954
0.7994576257340054
0.7783301306760719
0.9291594322547995
0.7617154628873986
0.7329739828100192
0.7440592758115159
0.6297518930321948
0.951820842110648
0.8731050864366746
0.9147361852765281
0.6106507037627196
0.8095578378118956
0.5466687172372174
0.6149450041566562
0.9693389009899671
0.9486490520337307
0.6582235335956204
0.6883807556624507
0.9322401738445321
0.5430444973327799
0.6846291786548208
0.7508588530859424
0.9601460408876135
0.8297377728201152
0.5923700691345033
0.6805454201142328
0.943402171969152
0.8909349516901208
0.8753460679815086
0.7417984379413729
0.7023216803355363
0.5696973994257326
0.6106084997671786
0.5796713604538914
0.5354235787916208
0.9944215829334362
0.6592524901936592
0.9401648727499812
0.7753656650276011
0.9731152268306649
0.9938213005757732
0.8170396987062916
0.8235982513542434
0.6653811730627126
0.8449254401157175
0.538116191476837
0.5059610264283538
0.547343217082151
0.6655832625768611
0.7374158090858575
0.5997782528619242
0.7705920367434804
0.6827156358999281
0.9314925278435806
0.5595838348643964
0.9504302907043203
0.7045988121034932
0.9963322989920096
0.9665725394260851
0.7726705460390835
0.705790025891127
0.9898971009129227
0.6533070029615304
0.567265621877576
0.89628881413465
0.7610726605908338
0.5611282110186304
0.927963110875765
0.6462214642530884
0.7813429225387594
0.7461578614163256
0.7195699474177426
0.9301460580350622
0.829510322428259
0.5311046698974953
0.8031085409372487
0.9761491032203108
0.9794919080915314
0.8189066572052772
0.8607597044114788
0.690601155618811
0.9849686568775922
0.5366532230615297
0.6052858366471876
0.6455628377019829
0.8792882001707581
0.5386713296105017
0.7969085780366729
0.8905860640393204
0.6361862586802949
0.8361104011043103
0.8055119674817217
0.549718283820043
0.9158419790589722
0.5740169982116218
0.5762990114270554
0.757454196841938
0.5002054206715032
0.5291420590003872
0.5695598661815371
0.9158816954640145
0.5175202074832826
0.5084823841775439
0.8613090993397079
0.6616466827574123
0.5822895221575964
0.9456374656169142
0.6222188564680442
0.9638511298334462
0.5781751947484457
0.930704876187562
0.8455656033333157
0.9587204761502943
0.9400190122082022
0.5451960486617222
0.505600831067365
0.7713119242300066
0.8099056365372188
0.9123532534096146
0.7346259716563358
0.5965361313641243
0.7184545448625079
0.7267202510917719
0.9155666290030768
0.7044449393643905
0.7359109893846509
0.8277840676108065
0.5419615748102339
0.5389790033667636
0.9103614528236366
0.6854426534647624
0.5188981655489822
0.7936528537959273
0.959369182771488
0.6711330288464668
0.8170931606843663
0.6907834030603215
0.9205113527885759
0.846880763688793
0.783087686478791
0.8232877054360361
0.6708021129411343
0.8586124456399834
0.8117937853345543
0.5134959304129965
0.5937439893999552
0.9493045107874635
0.930872921972807
0.9835337634827498
0.5236746011738154
0.5822399294367286
0.8338961124579416
0.680606775788186
0.8475176129803059
0.652162075739686
0.6310439934782481
0.7625083522287595
0.5379454594170185
0.831051749050445
0.5752734543432849
0.5657857710120581
0.8993876302445187
0.675286597006853
0.7198451056049144
0.9144405877731789
0.5096013937012185
0.7938659456354106
0.9161252181062188
0.7750027215858537
0.5487708900821631
