0.7545758004008549
0.9307421887976247
0.6305004890794919
0.9691335907591527
0.5255418480383405
0.9576631820800143
0.5861316868987583
0.8634373865348373
0.5666194700675288
0.8556463583520085
0.8670927209283077
0.5364820684902497
0.9687585068911394
0.6980937095398445
0.5339954725506966
0.8563972488905152
0.7271914947073758
0.7358330484626716
0.9813674192444362
0.6455855333498174
0.6944618112325556
0.573647999108357
0.5979064391484241
0.6107889017479589
0.8623282051989438
0.7480386482062058
0.9103493189600993
0.8075103291373288
0.7144180590498266
0.7236611003700701
0.7204235651366464
0.6029090128743515
0.591102516344042
0.8651419235491624
0.5682276004592108
0.819751776846805
0.7136890998486081
0.6886721942231702
0.9525541277446496
0.9820884024580763
0.7289370812589198
0.6439616150630311
0.8187784747013644
0.6270079185660249
0.737750945705991
0.7574822054507995
0.776406707128406
0.8263162728047049
0.9542722187523952
0.8524860651148609
0.8544930931689887
0.7575176118078581
0.8211761913572626
0.7395314921998042
0.6776030978830143
0.9390828081676197
0.7182472513849424
0.8798898995002314
0.5490330999051578
0.9247499803487851
0.9498123721900993
0.6497817897065875
0.9430203189075126
0.7553399111087992
0.6161700965124075
0.9249026113375389
0.7545461337983124
0.544996918593215
0.6544717952768665
0.6526131138752425
0.5941567321862614
0.9138432855100238
0.621035271693929
0.6791469274715198
0.5969627728985051
0.6431745771176389
0.5291990896851507
0.7337464373180618
0.7971423398271783
0.5371971412383884
0.6016745400360225
0.6836057428256117
0.8892387088379835
0.5868506918707894
0.6968359378222526
0.5651514616553217
0.9219198480570739
0.9222257875691939
0.5965891411878265
0.8686591862164701
0.8060579476055321
0.8085583729475762
0.9754584798322905
0.9883321749780453
0.9353346535942615
0.5497934634196977
0.689646135521601
0.696791628104731
0.5108447500161983
0.8067361606379089
0.5879008169630322
0.9844943421453063
0.9305404484748573
0.8616054216232837
0.8631852851507884
0.6094392749066504
0.5883112344006205
0.9734233374302932
0.8789725959701038
0.7226543657117275
0.9756249337934264
0.9995904074671724
0.7474738265159819
0.9913683651600678
0.5163681198344168
0.9681451437316847
0.9552953513132905
0.7279552741171035
0.7364008840180584
0.9821152916350222
0.7881334435880568
0.7597317372951558
0.6787677685599647
0.5815381076906381
0.8307570848554922
0.8361924239555882
0.5007440676237066
0.6715735861768521
0.7507248503211807
0.6131076125194616
0.6381019614865765
0.8294299276961377
0.6094571541077916
0.9335498596391589
0.9524089675617853
0.8297995947186496
0.5932709382070265
0.7193542126049799
0.5807921872473155
0.8944674865398171
0.5007463859937706
0.7601053899492333
0.5621143133652449
0.8069020281303625
0.8035604047472229
0.9261449317718842
0.6845279417031263
0.6696369954041032
0.7394787390647914
0.8376749234084362
0.6955504559859149
0.9374656883483055
0.8165192365344334
0.8476788296219302
0.7933490989524312
0.544237640317236
0.7253024041159273
0.5138244675364511
0.7233974617626069
0.5630495163467781
0.7770705900618311
0.5344449030316045
0.9624350831074469
0.6603479121054381
0.8754770036950797
0.6803417132876111
0.6255190088128947
0.6773349182625253
0.9990084687617156
0.8483026437013252
0.769951761536424
0.7357314248168687
0.6815846834714909
0.8957954210541073
0.721951399673243
0.6283954538503875
0.5411453937087805
0.5444589310466071
0.5593929572520127
0.9712065422591194
0.855864775614555
0.54432423792514
0.7857086523049884
0.8997761183305366
0.8862420837528764
0.6381896967376417
0.8104384350127127
0.5656024771108317
0.8750009428115382
0.533285265888142
0.5040318680454976
0.7841496451484535
0.5404742663049174
0.9939078195231403
0.5679072583465774
0.8680964436004417
0.6460542044024093
0.5969515257907558
0.7472817822564294
0.9311699531394966
0.6575495445163448
0.5216285297143969
0.7410415403011659
0.6668834247048492
0.7681289100789328
0.9788447168024128
0.9108939090682375
0.7845833292893981
0.6523627227614177
0.5680898231661315
0.5266499184624636
0.5547482402733865
0.7988515392323985
0.7213619292289428
0.8429986346153632
0.66031556835656
0.7207342940400961
0.5393975103414606
0.9916826002737973
0.7138934076722182
0.6504464375907139
0.5275022062836761
0.7024397245422287
0.7746054792318466
0.5933748641050826
0.9123679166962606
0.849089757864608
0.7099923017774432
0.9583743513454559
0.8926185436956049
0.5808148096993357
0.8858927707930287
0.8744495955200702
0.8056335942921045
0.90455241788694
0.7559834018528906
0.8054160503851889
0.9804182348833683
0.9505619775256762
0.7821960552237494
0.8360380259155398
0.7358107222791259
0.5581829016893143
0.8660916290413867
0.7535971831538697
0.6403753134033657
0.7164542851786238
0.750984585829184
0.9780550125059433
0.9814854935231925
0.516417858380814
0.5931962037110149
0.9685650305557584
0.9143589683330129
0.69801783504598
0.5913036663891624
0.7630686040040598
0.9367836312519399
0.6188308437710808
0.6808155354098504
0.8993085298963714
0.7187840038394073
0.7649092863347164
0.9787509404989938
0.7590486718254241
0.7465156823917218
0.8565458794530378
0.6233910296870271
0.7852263884185248
0.8640333103969149
0.8477773806546591
0.6532806121197504
0.831359204876895
0.7646159755006541
0.9841924531452655
0.698716752097041
0.5636471014598554
0.7635622924298988
0.6968985471720548
0.5575205571595135
0.6146798259769618
0.8765448217854581
0.8619479970640929
0.6127703882464558
0.6801602334936685
0.5009357635092941
0.9726095108570982
0.9278515892563833
0.7420350157698237
0.5554778761750478
0.7851650758694204
0.7353546680523173
0.936268675461219
0.5647555978767201
0.7452744559510243
0.772326139142551
0.5219147946273887
0.7277047855502392
0.525245079948341
0.7668280095189735
0.5591725671339709
0.6866781569480345
0.649089047161998
0.5440278378362844
0.6722601445985305
0.5855350642030306
0.9258250311631453
0.7641455186260053
0.5791091276811584
0.7740254644272445
0.8803292551492311
0.6881952335092196
0.9466033074439409
0.6295080197404759
0.6707814887307406
0.9824049407299986
0.5411833338737986
0.9440428619983201
0.7419513549873076
0.9656610832662778
0.8471908556673231
0.8580491556468832
0.7132157467291317
0.8987302634142091
0.5860524525071158
0.9559171237544802
0.5800669792937702
0.7190875912602589
0.525277940827779
0.9322808533649847
0.8547665250836362
0.7725444696979173
0.785984099793807
0.8671856036617634
0.6314034167030109
0.6765311691341991
0.5184307231073533
0.7604462168984931
0.9085955191604648
0.7069618582439885
0.7692760530131446
0.5602388618964425
0.8584450540225503
0.9998512303341032
0.7950596699317174
0.7049081239252196
0.9295454660565907
0.9013947016015464
0.5961736317719715
0.7224831097342146
0.9899646952629877
0.9730973121043236
0.5900612936524426
0.7287242734662027
0.6869380611648395
0.6391687050006226
0.7113882356505683
0.9709052400105749
0.5133839245289039
0.8751374251447204
0.7149508527112647
0.743678773648361
0.625816919838679
0.9395056329810161
0.6619050742621568
0.8631575980731868
0.7677220270208135
0.6677462356453361
0.7121257914458614
0.641164839947566
0.544247098292405
0.64670310221288
0.9107795048824034
0.7227868779048869
0.70461765017814
0.6763081678650474
0.8826535848239703
0.8798734090119604
0.7329214704277587
0.6795966128019881
0.8116238087038576
0.9949717760782101
0.5148120374684682
0.710147689034885
0.8659802065016122
0.6907953467171232
0.9602053509580154
0.8014137987242274
0.8946718899101439
0.8071585664237217
0.627966642551899
0.6144185056498712
0.6777652578780253
0.551854704852556
0.9155032565025399
0.6536663800798339
0.7622389841000664
0.7222566717380752
0.7444662031051809
0.8875793282915319
0.5057639988913173
0.8055141642354533
0.9674903613726831
0.5890786912840885
0.594629842047999
0.5751283152024758
0.6304404014944308
0.7069109244808512
0.5488070490272714
0.7752363623169589
0.5144733826542218
0.5607910403310088
0.813766654608489
0.626099006815452
0.6687502991222556
0.9788798853697167
0.5013453523710601
0.9184525245325479
0.901918153327797
0.594834566713746
0.914323116319109
0.5393264015755368
0.8534187681737366
0.7722746678850156
0.7873402984520981
0.9980074994196889
0.671307515409123
0.5340923772897287
0.9097910556248221
0.8218850411029335
0.5169796449743652
0.6549724631924436
0.9598605653716699
0.6716792648123115
0.8304773060619007
0.7815139481702533
0.6113425853041016
0.7142745075570291
0.9956646513127541
0.522990980023825
0.9308641541485423
0.78292893307202
0.7610647277761442
0.5911423430286824
0.637758346095425
0.7665006653358186
0.8144818298798933
0.8207805776952501
0.6797425336955563
0.8014661604691258
0.9612536376598755
0.9133200189834636
0.720413213966594
0.9656053543257455
0.9247447316646074
0.6177163690217721
0.7565916009396585
0.6611123617151118
0.9974591683644654
0.8532941041945902
0.7639167686326154
0.7603176986693414
0.8577047877942185
0.8269397253325061
0.9024350442279465
0.6712330914677839
0.8370883147015216
0.5903208545502676
0.9389583495746749
0.5773562732612386
0.9895754237056018
0.5528832123293443
0.5042753034609262
0.9167598686224411
0.9354055043724254
0.8559875744463066
0.9442643096141543
0.5668582833438589
0.7284699812020206
0.8837227602556272
0.843891824171
0.6599656174541608
0.7707437329137963
0.6164056449971682
0.6781160759404382
0.9295886810563727
0.6590627433570658
0.5615590085255555
0.5164992841311036
0.5693944455233098
0.689067429060251
0.9037659336575516
0.5832194956181149
0.949239367443019
0.8905262071792741
0.649529423097611
0.6753291763533464
0.8147859149540775
0.7792673099682523
0.9170866811997664
0.752877570468655
0.7831862537304441
0.7848197836225674
0.7125420981721727
0.7512194135398486
0.9988377007427471
0.6333899882479919
0.6908868552482932
0.8817245056527454
0.6113736925467415
0.9792288545115283
0.9889325083843815
0.731018024917268
0.5502686570024932
0.9444493383754652
0.7220896309545213
0.743590446041042
0.5587877656235741
0.7017847497041334
0.6010571313603171
0.9949398484173326
0.8375758068879091
0.9368269945416762
0.6105162528443708
0.5261248576634481
0.8705210547995827
0.9684038986005253
0.5623490926346908
0.5602388443487866
0.8359179488745259
0.8493178865905916
0.6009605873400657
0.7350452643181464
0.6484288616548527
0.7450638651686898
0.717341343659742
0.7531366504720709
0.5654822519051282
0.7986490284947131
0.5972035300118861
0.9970356594271945
0.8906129579170421
0.514900677941022
0.8618226522737967
0.5344056633855649
0.737040463698807
0.5086462922515251
0.5380791621504104
0.9651000709731956
0.5174089757089119
0.9345536280170975
0.7877140983262875
0.6910211746682905
0.6630100976461981
0.6245313378737343
0.5546283280358763
0.678982742284046
0.7318952697489369
0.5734435725663141
0.5360696098003629
0.9526827958482385
0.9340550217156447
0.6019151570008379
0.866909840985231
0.9783271987839698
0.8158923918766321
0.8902561796373978
0.5331114364854841
0.8951351523542712
0.9721215884515966
0.9620498636752457
0.8814675828022194
0.5167785744642828
0.5518083016315007
0.8025403778815281
0.9524493450803542
0.553589825360451
0.5059791442570236
0.8727705108356807
0.581735057294154
0.8820566502280486
0.9492549553534111
0.9558413169775957
0.5691881485602595
0.8946564396435359
0.6182613179339094
0.5913965160039265
0.6564476456150306
0.8834267260668982
0.8556599268312165
0.7660938083809257
0.7505518724359799
0.7326887284639194
0.6092456844621292
0.5533574010985682
0.7056022795331209
0.9330687840566504
0.7635053514714192
0.8083521372547506
0.9405295399541973
0.6138870167921924
0.6841272547463326
0.585503571689886
0.7884092866268727
0.572228999631701
0.8763150529769557
0.62853708373545
0.7209209639774468
0.9889135051673335
0.8705347664293148
0.529915889424236
0.9702537523251138
0.6537567604182517
0.6301992228997586
0.5364970819956466
0.834130395007736
0.5175476589687473
0.7072119141085155
0.5944073355598355
0.8164917101942896
0.9166282592473269
0.7152154445455602
0.8085181096017513
0.7804185596662323
0.704549337700705
0.8568622198846698
0.6437240304474083
0.6388703074031145
0.8472533543550896
0.9053051853733393
0.8901234076511839
0.9881635269225368
0.8988098223879082
0.8556699229024755
0.9709908263927549
0.5341221654413374
0.81075607606252
0.6700090689326774
0.753260467304098
0.9961553664725977
0.718199261812716
0.6408884827670518
0.6100429353429595
0.6144988864285393
0.8523666233210109
0.9153888899678453
0.9986141793084193
0.8754057510727146
0.9280726147494271
0.9071103338957536
0.9229544368482292
0.6849856575487541
0.8108939828288184
0.7239783217318518
0.9175983718452752
0.643062112135919
0.6446158992035673
0.6850863168042893
0.9846616242202593
0.9327219214790241
0.7112959293999451
0.7060790483194097
0.8807455281065877
0.5856758152370185
0.9022835020089814
0.5674115593529317
0.7735183713859343
0.6436368965159271
0.764539388103475
0.7435490501376714
0.9953453698901011
0.9573531210817431
0.6740796448707685
0.7860951015016564
0.8885518677048163
0.8250490577203627
0.6391360024635746
0.6649485778457396
0.5449661568387072
0.5360038058775007
0.8527278730685832
0.7221754175407392
0.832864799855489
0.975157604928206
0.7198495755059899
0.6550672612592853
0.6370344721123526
0.5759056191647306
0.8978304633252064
0.6506144074788063
0.5290232796732253
0.7380936305537239
0.9955130783960187
0.8120348717535811
0.6454586046305366
0.5688749919301439
0.5106958730691962
0.5306881527776571
0.6928872196959339
0.645517469113303
0.8790682678675363
0.7977235978540973
0.5555962930536614
0.9984851192861934
0.6303219964141102
0.71265315960646
0.9495498778503491
0.6559488848254336
0.8704191987786959
0.5514731726822895
0.6195141928114967
0.5034142418085349
0.7831436888829817
0.7692995407176721
0.8746301101092226
0.9384174024964036
0.5431543768954128
0.6739747456967883
0.5070924896743016
0.6577088058128276
0.7335636321538275
0.9738008247120329
0.6718609736917007
0.7607808646929839
0.7702896947811226
0.6030279535027998
0.5433394041967947
0.8990777466679756
0.9197197239522428
0.7646724785452761
0.657368996178356
0.6007256400366531
0.9480387617580106
0.7530882996780781
0.9356709631493801
0.7603348820503663
0.7263267410432248
0.8396369900000256
0.813112186940026
0.9245818341249757
0.9095995934041501
0.7545869331758006
0.608463845718281
0.7502690064326285
0.8591707611958077
0.6155306761380778
0.6100548313861384
0.8385961534776922
0.6579445730847602
0.5298928385367712
0.8956695583927072
0.5036524237923308
0.9213285488483232
0.7448619267534804
0.5597267060896648
0.7735554943376188
0.6129159694105483
0.5655299487230604
0.5686191069565296
0.7351349384503967
0.5601082721032933
0.645104642579889
0.5886718609311021
0.895327091361292
0.5355210321484676
0.829363628952781
0.785518646374275
0.7816102220413663
0.9496179444619421
0.7017330114757333
0.8975008093936749
0.6599763729070827
0.5207874632194438
0.7156017883195902
0.8729230139189923
0.5972328421725142
0.6837664803175391
0.6044944804409605
0.8915065568067372
0.8352498969872588
0.6603611229373167
0.9679732331567754
0.9614929703202248
0.7039756051364989
0.8795756758062434
0.8635129865633647
0.6114436872967763
0.8267592177870844
0.996292759304187
0.9249440635321926
0.8908474754877883
0.7410771675075296
0.7184940037992575
0.6600215306910984
0.9633517894922377
0.905636354851147
0.550399697826853
0.8156386736960917
0.6501016551532346
0.6899489595776966
0.746629987786515
0.9605496658374617
0.6868719816529353
0.6125858970800553
0.9034740877229891
0.8201795346312062
0.6085119527157847
0.7673959607725973
0.7812825240226585
0.8571599008030738
0.6037184668606939
0.9504559482337487
0.9636507594610765
0.9086849120448641
0.9319274486165919
0.5998343372324271
0.626500883662599
0.9179118426209003
0.8129471774994502
0.5132795561820005
0.5908213783590905
0.8263659316297249
0.6228990809462917
0.6011588362192433
0.9046658312124236
0.9724516840384326
0.5270143137436654
0.9274907015343141
0.9214423271820794
