0.9842710243997381
0.9477671351509842
0.846545430314267
0.8344860378793978
0.6678714103382619
0.5826800294317998
0.8308048078939236
0.8768685168011878
0.8368335139238774
0.5542557780215497
0.5112378919062208
0.9991980933129351
0.7517952971498273
0.8106492708500364
0.7291464530641512
0.7945713058805939
0.5604881445463044
0.5906854373346526
0.5915002005452661
0.8458012249988491
0.7890517829481527
0.9633863406759624
0.6971902398500209
0.5617226620537616
0.7557121328326772
0.5024348986712907
0.5255383106553893
0.5631648836258496
0.7687971854009079
0.8636661982756098
0.7006294939140896
0.5523743319426335
0.6210780680500796
0.7810334180248052
