0.6669102412327536
0.946940021165674
0.5936813050714635
0.9271563275973647
0.5936318771830378
0.5726407577582181
0.7676939808346949
0.5065350644069877
0.5465045365065824
0.6467669232259475
0.7504138225750007
0.98734105609312
0.6141532846308865
0.5434430582897507
0.9728318649900546
0.8880121977244747
0.5282307867819491
0.9707209360532296
0.9191437965973692
0.8660492060446932
0.543217961048942
0.753321662656774
0.9707038424398858
0.5868464467833016
0.9967130132141162
0.6269023150749764
0.7592562604919909
0.7591510380242705
0.5591483145873912
0.5540649872361547
0.7720068923577295
0.8075677357423928
0.7159592067019137
0.8968711106760774
0.9642745214597896
0.9761251155637796
0.8077797668321987
0.9637602889353893
0.5282171297015438
0.5160658624257333
0.6908812541022734
0.7308275607227996
0.9906090088168693
0.7503770490900816
0.7216569504696677
0.9848523109334466
0.8000786473199262
0.9149305972387163
0.6848129348311496
0.5259814941842627
0.6582097522016312
0.982030983214567
0.756884693688765
0.6650693645628674
0.8771560012414228
0.7717462200958102
0.8179591439636706
0.748938527668458
0.8364822047651354
0.7595375291138128
0.6957002105083779
0.7706650861327712
