0.6341316320152949
0.6956997789636323
0.7229992073401948
0.628650150419298
0.6559060000193317
0.9809752181196316
0.92573204163291
0.5054600717414214
0.6780756875271228
0.654793377585789
0.9817873767746697
0.5625591001821435
0.8552638432875327
0.8942018434543741
0.6846146807476174
0.9170058410099262
0.5907120664345448
0.8910383833242321
0.5879245711930277
0.8226474515938872
0.7799346143154874
0.9213495001543694
0.9266152801002607
0.8330200196199127
0.6044763044633594
0.7780300554862881
0.7801264969196675
0.8813631194952661
0.8020318080338793
0.6471071208452522
0.7507694504976463
0.6449022787929566
0.7681646558967923
0.8355476726542203
0.9314534816961877
0.6658511210922129
0.6599612966522639
0.5798351256596046
0.7084710070090023
0.8859722594089694
0.9516084543388086
0.6586797760794979
0.5569856513224289
0.979372243920367
0.6574713792337445
0.5078184319414747
0.5136467652168714
0.8279820440464385
0.9355693051840448
0.6912431347287025
0.903900876788105
0.8734527410154651
0.8967700921634976
0.6089988202675353
0.5540581619573637
0.8176476136284965
0.5639153355381183
0.781626197599244
0.7974437626330919
0.910420324801487
0.9742000778097039
0.7772200609892123
0.5123912996716458
0.9375033141123781
0.7010910144348046
0.8709953442561553
0.8845888934480151
0.7560455572261501
0.5836031605927361
0.8751777192769368
0.5131662742950883
0.5960772480394858
0.8658554219008392
0.8559626207863215
0.6756564600214681
0.8699338940828647
0.6298251680724047
0.9994866882266493
0.5646985917150042
0.7003173189806482
0.7704070524381925
0.6999885482408765
0.7418349054695778
0.9857269768603603
0.583645139275018
0.8019305810777875
0.9836503621617066
0.5335465921870268
0.6689308223988362
0.6967131955538065
0.5441337904322543
0.7896205979699327
0.8684571090620103
0.9073424044142706
0.7125423702853959
0.8962224117769261
0.9252451242473507
0.9638744960926113
0.7423201082645711
0.9508828675676377
0.6549655849299164
0.8124294534360164
0.8976537111844505
0.9725149517922989
0.9392072451167022
0.9085787760428836
0.993477015532753
0.8044080049831639
0.8808856192364461
0.9104849337465826
0.7055483845185226
0.8499778725302548
0.6219734429136654
0.6638460938338692
0.8117254175372436
0.7691738343718695
0.5372630245143397
0.6849156765998579
0.8973756593951143
0.7189655862666706
0.7420406514689164
0.5644504598823012
0.8518053243362085
0.710253581050447
0.9388685111535409
0.5573685601029725
0.7758470252989831
0.534016056439838
0.616284457515591
0.6434291120979878
0.8414537288635614
0.8069097834604448
0.8860841513512947
0.7456959843421194
0.5286232081095056
0.7790021672873362
0.6043389595474177
0.7052032569503508
0.8620890826510861
0.6180843103945299
0.5734668520720543
0.5614785246878018
0.6484615154716035
0.6428535722103488
0.573575753195877
0.8064617502842117
0.8562518071640466
0.9173358365728024
0.9601609394360666
0.8902645609725649
0.6064379016198533
0.9217974343872009
0.5777641471945408
0.6222896356372458
0.791830763342221
0.7662810557889566
0.6146142412168984
0.9122071134133782
0.5687336941267929
0.5501029223229781
0.5387145528642368
0.5790942219189112
0.5826826805787516
0.6676178467101109
0.9835175168680962
0.8516466402673821
0.5526535894622113
0.8138489070704173
0.6752771231292728
0.8578270639045072
0.5853533838446286
0.7531272049435769
0.8469644044571965
0.9225492656883065
0.5693867421576176
0.8691538402362851
0.5416925372429076
0.8374322247442925
0.7646855491322788
0.5661259529134606
0.7273195164861104
0.5899125476074347
0.8184176719432568
0.6282042587869812
0.8526336358632771
0.793728178648639
0.6318113449458098
0.8517621425330464
0.5945297582955443
0.5349289297349509
0.7574474269363203
0.6276509855718087
0.7077101249298101
0.9527014112353753
0.5374281486331376
0.9640856225947266
0.7922507654986138
0.9630773421532061
0.8033208350900837
0.5728260139074507
0.7409401930088999
0.9380763572700808
0.6642836929508706
0.9699129935022704
0.9723508582126923
0.9525836076728292
0.9005704209550895
0.9188972034188848
0.5328329153001509
0.7563758993139127
0.6619391813499598
0.6250327567345686
0.8503739952472056
0.6767476409036534
0.8130165877907687
0.6684123126200084
0.871671007491511
0.961992082714047
0.6373654099403696
0.677220541412072
0.5158103923535509
0.6566454092082332
0.7472131306723
0.9013016990347344
0.5334559653097637
0.7642642128244851
0.848537059715986
0.5524461829418345
0.7852529999079464
0.7335835768730782
0.7850003531691034
0.8752210003983061
0.6322258000294725
0.7165446054087424
0.832467688581632
0.5429163201942775
0.6830631001565857
0.7843687037131706
0.7595319902628281
0.5147094536482912
0.8400062450199235
0.7297530474595318
0.858365269855365
0.8519483419282674
0.7056093653174618
0.9761020582641444
0.8994666454531762
0.8378339808021543
0.5580773617253907
0.6646212430024605
0.5893809554955567
0.8371523235878136
0.8250825288342849
0.6761007471454011
0.7383867952746361
0.5141957514213107
0.9787614106697109
0.5064160575797894
0.9511501584109819
0.7537456731983363
0.8022124005534823
0.840513643227434
0.7287488692629042
0.6386345188980748
0.7744592659212972
0.9807400679892089
0.9451776150604375
0.9824123591749965
0.6947215855010263
0.7270288518608317
0.7444761774292464
0.8781611861330214
0.7983139409995408
0.858700804504664
0.601293764158194
0.768726732882431
0.8792784878567761
0.5724335164612477
0.967024471483388
0.965181183288206
0.6034524794384573
0.7359970650887759
0.6733540764720812
0.9642072446470101
0.9648679317518116
0.5724616215203864
0.9269721386661443
0.8250858925403814
0.7090131631505747
0.7337421425587847
0.8640888043425463
0.9250431121993776
0.7777406813881123
0.728525946790586
0.882676388487762
0.5425723912520236
0.8671083873527172
0.5578366814573094
0.7241772437096398
0.7765015094011476
0.571753482201079
0.7375164755117884
0.860052536630657
0.7712834964924964
0.9205541758182698
0.9704839184139211
0.7196498305813521
0.9152741961220605
0.9950032885953037
0.9805878163062098
0.8807332087730184
0.8620697098741117
0.9406662322125117
0.9882672102596948
0.6443748346118083
0.9309639759614755
0.8375770839085813
0.6470806474812778
0.9515188815491128
0.5502958115312817
0.7067016665938111
0.8051308998359578
0.9244711418456772
0.8890670863236374
0.7397529063693542
0.7487097126624824
0.7299834024718209
0.5088113499241098
0.7292004773709174
0.8568420392008053
0.7025786520853706
0.6672115204711013
0.9377997242316256
0.691982640249059
0.6563476122040313
0.9761698073204756
0.6692974732497295
0.9168846864649067
0.9053963021899969
0.985224266576826
0.7639044317160337
0.578489694494132
0.5917708008222775
0.9032912265432174
0.5882568053065276
0.6428011510790199
0.9524475552846299
0.7073896277913219
0.5243171260489763
0.5559614116094098
0.9692736569627471
0.7833528311178816
0.667748285486342
0.5424223052158375
0.932748864387565
0.6758186367886347
0.6465611947248153
0.7421990449318587
0.9718274616105298
0.6600251268714672
0.7091884721173256
0.6029162945937901
0.8378352760886283
0.8672190789246524
0.7652220172104973
0.6492390397152104
0.6520045286585507
0.9827651035017257
0.764810860932952
0.9665450734758309
0.6696894227811929
0.6209850182963927
0.8144550935438624
0.5715333183348612
0.9810926733809735
0.6918431999909945
0.747200044178569
0.7563697779217793
0.822935928118955
0.9958970662645864
0.504081319464431
0.7149323830288843
0.8993108513151424
0.8172401921452419
0.7360574825041086
0.594368588402951
0.8065469943045024
0.9750082956257751
0.9872582506287932
0.8920298382309987
0.9903568737489027
0.6144574175668747
0.8269340839076483
0.7900546976925109
0.5266832314151108
0.829857505231512
0.5080286774301308
0.6488611380363714
0.5754083907039609
0.6616138849842648
0.7375819152108927
0.7203238096853278
0.9137978223217829
0.5124957476022564
0.6781100410450215
0.7815413967066194
0.8676783230986435
0.7894799422739438
0.7593325682707548
0.9299580885100462
0.8022905329878952
0.9844878482107329
0.6566901912121694
0.5502620731754919
0.9579418984690324
0.8457974104410104
0.6092496329293258
0.798227175524064
0.9074172000558953
0.8447847225308263
0.6405870318813291
0.7916292385753956
0.6540025601979984
0.9136476065298245
0.8513520360157254
0.5471435778781595
0.5296143061468603
0.8145419978595798
0.9563277638197617
0.5905458417114804
0.974612282096785
0.5349886206079272
0.5642746285443235
0.5989702858434414
0.509362274000313
0.6252686147704116
0.8969876654378215
0.8246956756907742
0.7249489463542445
0.6045404277751096
0.6808231676672106
0.5212343699597921
0.8992480844243417
0.8344671066131846
0.7921696197164776
0.6632124510356656
0.7419546117866321
0.941982185442457
0.9986195219047082
0.5550203654065478
0.8262072578119817
0.7466143624998388
0.8786792010994978
0.5853527311439961
0.5831713497630683
0.6879746223007124
0.6097868372533305
0.9627625953774734
0.874887223777358
0.8176786101640267
0.6121050359709712
0.7073850301082342
0.8266755572854638
0.6415729327750942
0.5375689403280224
0.7846617784066061
0.6377305337485324
0.6996583905815701
0.8341318451877561
0.5032504462859453
0.5879070101124944
0.5060816390539842
0.6021018665871256
0.7594916258684794
0.5048025983471469
0.6157468746800603
0.5283812046270939
0.7387530616949718
0.6928236502160519
0.6105769891419528
0.626613033429618
0.8259058115384635
0.9553286293814509
0.7866531790477669
0.6797173079681682
0.9735834614899781
0.7450827453686826
0.9286526548285355
0.7490534038350829
0.9885834820392211
0.7292926396238203
0.725899533139094
0.5569761165329965
0.8671331720038852
0.5250815180364228
0.6974749190517642
0.909571831948601
0.5763165703105391
0.5424990614039616
0.9791376807590748
0.8196591507740119
0.7104589782420097
0.9395361583629742
0.6098835394476938
0.9215683829639554
0.6972421609493775
0.6329253142749652
0.8993249300440822
0.9020684613387409
0.6946718587341731
0.979269672027325
0.5014455531556197
0.656210676143911
0.5064496130982887
0.8442537092627256
0.7383093423556226
0.5915230866076123
0.8036324493289428
0.765295481653093
0.6072693550867362
0.7909622021455913
0.8951129679649874
0.8417771674930462
0.8136195465600117
0.6508603945091277
0.6955920743329835
0.799127576495034
0.8690379694949868
0.7395808971001225
0.5167326552294608
0.650624238780624
0.9973923743666526
0.6918601365838406
0.5862970454944725
0.6261764539059683
0.9181928532588162
0.8921304784470526
0.6545231421860838
0.9347599089161007
0.5235363667960057
0.8466993856800957
0.6366388409992882
0.5197355325218509
0.7430185553386968
0.9699928322522933
0.8600811321632083
0.9368788864727446
0.946802898052141
0.5102351333239602
0.5084676974670406
0.8220875511355157
0.9354374576339866
0.5639705203289098
0.9885667983459736
0.8876093638079359
0.7345635797961858
0.7372197046695748
0.7093077123522357
0.7162702561147373
0.6477529283075583
0.5980940284634003
0.6784049426565573
0.77312036799087
0.72360817672542
0.8119929990304557
0.8834693672402172
0.7636248069483342
0.7194416648430495
0.6904101458905092
0.7950473576192199
0.6080481731822739
0.832486893950906
0.9167813526313027
0.618050812188764
0.9074155241994202
0.7876561273520468
0.7078553520515183
0.9715746071083355
0.9986836695894017
0.6540670802293056
0.983627666889707
0.5859782920517513
0.9779579194417605
0.6835359296129834
0.9164411701160099
0.5668311235106798
0.8253091010594487
0.7324190844401003
0.996692312153411
0.920308533992774
0.9155485060045819
0.7556978654572986
0.5891975340896138
0.7470731488455864
0.6557419690570971
0.9583678134042928
0.9193129872484465
0.9520327463072993
0.8181241702531468
0.5174614694202662
0.976465269842117
0.7274647006629895
0.5444368579478551
0.6710601153822331
0.7500110092072421
0.8584603176362433
0.6953066736147236
0.7515218855533622
0.6083959798673542
0.9650169713159447
0.718689723448575
0.9568761397119276
0.8742610966690743
0.7874208204799374
0.9414486218570839
0.7680237990634253
0.6860255222129503
0.9677614781842583
0.5496219887994245
0.760545020122039
0.9594781904045481
0.7156252923615218
0.651317759534944
0.8942910372931617
0.6892064958330721
0.9906741142904154
0.7070926101925581
0.775448547998026
0.8275642112597412
0.6184603049601043
0.6905284606113433
0.9245161922857019
0.8346518960815039
0.500270946785228
0.9849956039050319
0.9900166564460773
0.5175836112812352
0.5471801847311366
0.9871365171770781
0.8722014000098928
0.9984309849253037
0.5646756127601064
0.9736183334434618
0.9286595947172183
0.7319417159026178
0.9624252057269176
0.5927795870705919
0.7098501324816384
0.5479181968946568
0.5154749519475783
0.8434929212063051
0.5625152312528461
0.5533284839899826
0.6711171654781705
0.6563161703552453
0.8149241555201786
0.8822975738635124
0.9276823231038633
0.9204244915358928
0.9815016634099829
0.9912706808463065
0.9038292459509703
0.6023455322086044
0.98483831539219
0.8911801005956929
0.5344624452607887
0.7454019083373731
0.659292302214333
0.7534617258450333
0.7909205596718297
0.5988302517907276
0.8618923662867096
0.8437634346133649
0.7402762456202643
0.6143726840111843
0.5324432678442874
0.7999358010457907
0.697776432011967
0.7081422388105937
0.549074062562787
0.7005502457592192
0.5667251137606985
0.872130561834052
0.7813780399533249
0.5348754017914366
0.7564696903548578
0.7286945042126383
0.9652740368571443
0.5427379897323588
0.5184536032760869
0.5991873778959065
0.684056313629141
0.7051609774701049
0.6559600221969738
0.7989614795347493
0.6482867736206294
0.7783794427426303
0.8129817763610072
0.9257765400359954
0.9897182562009632
0.686941552056087
0.6456470373981107
0.5151374503613982
0.8451040905371681
0.6397831422742869
0.5369177052796494
0.8078993621159187
0.6725107270766274
0.5102264814230207
0.588538658350617
0.8651713911294514
0.6718787374297804
0.8664299640708878
0.9848510051749659
0.6530160976127293
0.5027704443476447
0.9069196314475017
0.7961348905662684
0.8836469120392803
0.6158151037538279
0.9282578753554891
0.8167829308488205
0.607455755147565
0.9344224016103442
0.5709389247423361
0.8083157935986569
0.742847243059632
0.9617456002706457
0.6578564739895334
0.5453935658842524
0.6578634653668496
0.5562335240783305
0.8446848469294047
0.9868510467362208
0.7542980814075306
0.668104681341603
0.5648073835415988
0.7961527444032013
0.585960029053509
0.8814517908286923
0.5154771415623822
0.6944265127235025
0.8250549630647754
0.5145451586014578
0.7287101627088375
0.8415086071151925
0.8226887284318756
0.8675680161842381
0.5681134547962454
0.9579049578426755
0.6700643474510143
0.5067742878554343
0.6645840021207058
0.9205258339625898
0.5705965718483552
0.6979878936662847
0.5116715662183865
0.7017401267433443
0.5348367334119679
0.8450634454854855
0.6173601948910721
0.8409475176969858
0.9095299902890537
0.5470044365105691
0.7763007085760276
0.8232942620883289
0.5593770149933881
0.8120440466998715
0.5077259079680129
0.608815781048805
0.7461563569257332
0.9858448099678427
0.995765123072923
0.7290820128494941
0.5865785223392527
0.9876753162208524
0.8155402092149433
0.5307496474119013
0.5027046187620965
0.9978618420577741
0.9769467293464096
0.6284568838523978
0.5526784154709177
0.7430709463274601
0.9121348344632079
0.6738317074235396
0.7860391845532584
0.5297224118846104
0.705659306616142
0.9051543535979804
0.9906523247320801
0.6641753038445037
0.8550206642126355
0.5793089008143757
0.9159976477794778
0.5716430109559794
0.680677487110884
0.753246514099434
0.9725843647983052
0.7916196896025324
0.8248535100053802
0.8790946182124126
0.6090223519152911
0.926654656151837
0.6190633419115892
0.9142670687721228
0.8975294069371766
0.5411047829889488
0.9188481285443976
0.5534795174370983
0.5419461335227249
0.7181583348038194
0.6989153324740698
0.7916029867024937
0.5183963000520251
0.7622149835202021
0.5136971529070331
0.7332271216579416
0.625913983256349
0.5567394465627744
0.7016680472748789
0.7617276509495744
0.9416935998945835
0.5332656500975523
0.544765636842419
0.6479274898532157
0.627862104415873
0.9118685232392173
0.7536632383058075
0.841779247866868
0.5556648415118528
0.9453978239565597
0.9283782095227866
0.5584012896396
0.5662004557050493
0.5625849947735551
0.8605812410923628
0.5477215205455684
0.9130223536496306
0.9807117212850655
0.6579218821186418
0.6048187277956689
0.6992238404702862
0.911896211402084
0.5904588910202291
0.8705048356707802
0.9894689636241067
0.8495882973709712
0.5259579754058273
0.8487584167526132
0.821255368276923
0.8047729122055035
0.7757524197608096
0.7288851601531934
0.7260272764536706
0.9171800878857561
0.8858534804461107
0.7508931028338804
0.6151246776641721
0.6956298735403262
0.6743136106244618
0.6399856447242145
0.8500603240411273
0.7348548580994305
0.7155113431738171
0.7349978309939338
0.6108911980457032
0.9140141080495537
0.5490074419050808
0.897969635815884
0.7599671744794068
0.739701197230082
0.7611176599771311
0.7622997296260405
0.7151863227439642
0.9369701363655771
0.8666308889640688
0.716657695875876
0.8840441389381641
0.7345299948690873
0.7265615073405722
0.614022598892898
0.7163101636151326
0.5644043515387058
0.8546245783781519
0.8575846399370693
0.7964283468723047
0.9460179923450436
0.6291520999892367
0.9931834524188172
0.6157640525854977
0.8152745366523119
0.9898673193756863
0.5817540862901467
0.792037909134072
0.6688113719680604
0.6798382085288436
0.6544781500245098
0.5200938041706438
0.625116978486693
0.5125097058508946
0.6399589206524214
0.9817685410256878
0.624761107481346
0.5739651772415214
0.9014958826807011
0.9613055958653172
0.9023932783864306
0.5116705246555067
0.6530935794346495
0.6882618272180437
0.6043091749736744
0.7475594335415734
0.5604996350436874
0.5962945184866274
0.9352964816027971
0.6167265120874399
0.5000950992650464
0.7242275101075699
0.915531498369821
0.8564964352020401
0.7729528671512587
0.6591206084906982
0.7579340334110155
0.5132272147812966
0.7119746005263037
0.5514991227365269
0.7760662547153656
0.6805298538346066
0.584344040952828
0.8962595445823869
0.6730727918609217
0.6492238373976263
0.9701439694732563
0.9796440612831339
0.6875183181033161
0.9984060848515446
0.5881157868670097
0.8088686777591028
0.6285607596346376
0.7856918265472637
0.9639708328399862
0.6677796424551755
0.6648714602456327
0.6323053680348334
0.826927637968258
0.8325217352728638
0.7689607137668091
0.8356112088710586
0.9329403383904666
0.7742556710749795
0.8405272219169422
0.8556608913039045
0.8928441977311614
0.7679373376808545
0.9414879667367209
0.6842968227052415
0.5634617848126304
0.6594659289168285
0.8035514550037568
0.5224972578782361
0.7658940560453827
0.8988775028072353
0.9084726290008847
0.7365960593063268
0.8669050956280578
0.9923221349535437
0.5591194955381951
0.7084278113254305
0.6138495757757453
0.5848448826251229
0.6106681820437874
0.6072461819343554
0.9025106354808694
0.9347157067037584
0.5605759690616674
0.5790438382038665
0.8069979264860695
0.7134672474167613
0.6444114254668797
0.8278798157537486
0.8963344662908941
0.5138192018964821
0.9471062761340672
0.6593697922565145
0.7320477440635103
0.8371655223212597
0.7541873975895805
0.6584688917467802
0.6287740061065352
0.5648653566404513
0.5071042721799546
0.7486077202132799
0.8133577191819106
0.8501250934827129
0.8538667037753747
0.611052710211894
0.835172261978443
0.5795176424238602
0.9307261684217452
0.6164305970456228
0.9016310174783024
0.9038830327170856
0.7393986346680659
0.5048397964160198
0.801434506759032
0.9549651128330987
0.8939299323224981
0.8672575403216689
0.7446200977798847
0.9108065468691633
0.7720295675643525
0.905123172184167
0.942895523269375
0.5673677660672481
0.7774728521657492
0.547543229436483
0.7774952330608036
0.7257601607379874
0.5740888785200604
0.5226503863714663
0.8635033855565719
0.8530524565712146
0.7113860018866847
0.9489596714878975
0.6979133447434998
0.7327821072938947
0.7731984070236516
0.9970751469933326
0.9672537202267503
0.9645389026608022
0.6166061259941203
0.9926797639550188
0.5128953994245183
0.9833561147620646
0.9076000446769608
0.591311274432776
0.8494570692446137
0.8657844935932668
0.7768515717877067
0.7207268215949663
0.8284638090296554
0.8491032771684285
0.7697332510706576
0.5691116685744344
0.8354510461719542
0.7328228797473826
0.9988383769369804
0.8875082253932662
0.6198118070916858
0.6436680751455368
0.5508591574722016
0.9106090697286583
0.6507981094440687
0.5509415965857002
0.8318792168335407
0.7633490439936749
0.6701037187021197
0.9387549852845333
0.8671438485322086
0.9194631341146896
0.5112030809529637
0.679313648841579
0.5902367498269676
0.9329247615253866
0.7169098986476774
0.7845293669085698
0.7840978764152324
0.8014725659707695
0.6039840255589377
0.9358739703871856
0.5164737582340093
0.9780473958728088
0.7299242298973359
0.9167801151752832
0.5776260038346628
0.8610054650461014
0.6222610133091921
0.510523157019201
0.8060400608842453
0.9327455190932238
0.8695734458838419
0.5597171205289915
0.6331908688152732
0.6168988837851568
0.9083727246078397
0.776585918087021
0.6092049986691672
0.585428016621865
0.7563051798277989
0.7333936622674176
0.584498064489247
0.5018272169282711
0.6252908760057283
0.5629186197957516
0.8064751434931032
0.8134508956162086
0.6106780997022765
0.8676787794086855
0.6044250314023152
0.7691231281816306
0.8084749045291071
0.9811114222907817
0.7797836165867252
0.99676090098227
0.7253054362216169
0.6880858600125761
0.7594510721201451
0.5211457849467762
0.976835382868039
0.9045881135747209
0.5937734824364536
0.8762243865259942
0.6390641714082134
0.8494730532152952
0.9035220915827313
0.8756100668381646
0.9120486275566938
0.7357031376853165
0.9224280897453399
0.8754283091572497
0.6217747590303195
0.9632430698483226
0.8871533794631257
0.7156775845247505
0.618877961483657
0.6468219670849784
0.8275084121091943
0.9553730419227815
0.6070137099025333
0.8057674736341746
0.9479551056091293
0.7831407832234765
0.5513760795094728
0.7173623379304358
0.6521248227549858
0.8665170724329214
0.5053693284133123
0.9272772946074581
0.8274283058112487
0.5905334630178951
0.6522364985483611
0.9203793503889331
0.8432793554780779
0.8877266715306911
0.5792234796625202
0.8810818424267866
0.595075525163191
0.751053642445431
0.7178120817731315
0.8044783612289551
0.6698639231871041
0.9689293585542199
0.700250187374474
0.7259781468085983
0.8915825389338718
0.5330248299648699
0.5484381436819554
0.842906969347242
0.6007200927636713
0.8482819807095101
0.5709399590188837
0.8496794679369084
0.6270313525450493
0.7278873319363501
0.5305509083277954
0.7780072993117844
0.818523998710541
0.6277396400249591
0.912893218955273
0.9789044953050035
0.5530902416076328
0.9344844006609618
0.7867385361855164
0.5098433812716657
0.7798311471746215
0.6250908080417252
0.7483423389237138
0.8029971320638665
0.7045680478350822
0.8968532481356802
0.5400927895453824
0.6579882301039071
0.6012397228306627
0.8304296765343495
0.7327085619908011
0.6982713154949731
0.6548059787182786
0.9653765498473771
0.787628402121166
0.9646464677134111
0.6648082936660858
0.7589110964591199
0.5176509345945093
0.5070975112866427
0.624659367720754
0.9545599281098702
0.7704949977845612
0.7075940825736589
0.7739622680780367
0.6123819647674269
0.6797062055661648
0.8941124428413139
0.5698030495209394
0.9802307101772494
0.519710392531575
0.5388416428806329
0.6802015235252514
0.9335263007577719
0.7125888184834412
0.9685070806728451
0.9463146257286239
0.8373939194160525
0.803526455202162
0.6565789148016458
0.8497962634592902
0.6203912247959746
0.5867697226103292
0.8795321200610087
0.5208247596083757
0.61707808659899
0.6715543490305684
0.8041665295328984
0.5052639929232574
0.5733918507543978
0.8469614331629095
0.6706182967281303
0.603123048736999
0.5994220504624168
0.9259651190274694
0.6917075315972945
0.5334484782941697
0.7272036456134059
0.7582182806677077
0.7916930067780437
0.9783266924313349
0.7470508342412792
0.8548128432138485
0.6591061521155768
0.7483449527955206
0.7363800315655118
0.592161454200694
0.7327754492640313
0.8352649243268961
0.5639336579379546
0.8113386748596975
0.6951143672908378
0.6938051972084214
0.7718042225543119
0.7823663648857763
0.9006335777978633
0.5792284163102901
0.5738149966996626
0.7836092044936181
0.6478235373586754
0.8576767259458098
0.5824867085402601
0.5567147217607513
0.6948174569952215
0.5966460647543905
0.7480903102252559
0.5662132972640548
0.8813830329637086
0.6834967623804138
0.975071135423057
0.946154543792066
0.831517512036656
0.6775076031941962
0.6889895444117862
0.5640632272879493
0.6414015275069723
0.5494681297338335
0.7503964553632736
0.9228072639265102
0.6062904568261658
0.9874496927560394
0.6997382808825776
0.7734432505449454
0.5827601902289403
0.6541177371118312
0.6110434919170932
0.8228212072278465
0.9087398455417681
0.6311448746662977
0.514638388977668
0.6768087545411638
0.6082784066035698
0.9882026649933304
0.6416376453950379
0.5584747295729191
0.9832218577288319
0.7272741734396853
0.6598524696509878
0.936583672473324
0.5929059646796035
0.9149885436948847
0.8951816755819908
0.7115662543870518
0.9179498998211855
0.5317555466833055
0.8899660308777588
0.5891316885151202
0.6133165118047292
0.5632147663219642
0.7415277223968153
0.8947966982242346
0.5849274892358955
0.6833203871626341
0.9337292637161239
0.9152189918933031
0.746498123765863
0.854848358488574
0.8291918946211458
0.741565127392112
0.6839904876892346
0.6979237336587327
0.6763018282428834
0.7405877780500534
0.7342785866398158
0.5605419471346411
0.9614888957429799
0.7180697348916647
0.8125724905366235
0.6649414198295661
0.9728639307600483
0.5284240297467835
0.838373566025397
0.9277857120790839
0.9587163794892584
0.5726787886820339
0.6724979715650539
0.7711573283147204
0.9640115508610918
0.6777417515179686
0.7378020111641157
0.6251468313295862
0.7941305314131131
0.6583981644287619
0.5399099232101976
0.7470601010835906
0.6996021474350145
0.5532212701776054
0.6859063301281991
0.9375312386589532
0.6779058448440864
0.8128559106732052
0.9236813234231918
0.5487291355384045
0.9195315345951551
0.8870083437182824
0.8838462901585191
0.6480023219259374
0.5750609434582534
0.8297025578081075
0.7486908106478012
0.7588604407123539
0.9675661786385792
0.9671522417545846
0.5932943615559725
0.6048042465724157
0.7368976669524345
0.8186578598020242
0.517673331221075
0.5756655248679488
0.5558979469372649
0.5516458118712808
0.7978126137696313
0.8630798631841408
0.9721451989038615
0.8751181709263037
0.6924710105676479
0.9137057423109702
0.5870806375595947
0.6043813291667932
0.5885872565129462
0.6887394062035671
0.7586820431090864
0.5114990156524857
0.7701431030031387
0.5070520051883051
0.8664590852731437
0.6959259574116253
0.8359929209779577
0.7731962590300343
0.9645366662963344
0.6789344024200209
0.5268853847510326
0.9377347698963399
0.6486225563440231
0.6023608591572853
0.5946013609369756
0.8988547296016038
0.5637503523586249
0.5034127265119247
0.6720948475501651
0.5416618789963126
0.508934667415561
0.917052543773251
0.827472497445089
0.925300565041496
0.5239073927096645
0.5204771540736115
0.6540204034720398
0.9222054216556794
0.854735364566714
0.8239231213134632
0.7471905427683496
0.8922793695801996
0.7651555454643308
0.5700985430383378
0.7243600307777606
0.8438208691267919
0.7888461535713451
0.6876692671194125
0.6644632452114811
0.6324175650690225
0.8778576464410695
0.965094329002101
0.5822873741836649
0.8824235059247088
0.6266838281571993
0.9740164650535996
0.9815460398917015
0.577531628300358
0.8380422912860717
0.742162673598698
0.7892330972093748
0.6225090359943668
0.9043462255708674
0.6375794969812278
0.9290387266663954
0.5681456331079722
0.6028051270915076
0.7813132286470816
0.8068041051775159
0.9445129744813993
0.6437690200465697
0.7183307020217016
0.6806404266295472
0.7192429888449614
0.6968221605592105
0.5526629060698856
0.5360252313783913
0.636810189611918
0.9515777119300639
0.6837504802408727
0.6490193385022321
0.954066518747252
0.9553687455184493
0.6237737678664819
0.5067308977650299
0.5114714107561096
0.8156265035418417
0.7289341731259334
0.5208630123789372
0.5517345964299646
0.5590751020187662
0.8852482215484769
0.6254841120442138
0.5715680554600888
0.9112958443169996
0.6007146493675285
0.7713249240946927
0.8750290898234686
0.8108170854792291
0.7239262226181056
0.7226507958094084
0.9923162154061874
0.6367295814933471
0.8296209139933998
0.9499557339530178
0.8408224087912941
0.686410018626106
0.5213603695125545
0.5865247556187642
0.9995285296616725
0.6722827785928925
0.9611887911544914
0.6995166758865232
0.6357433675164554
0.7449273254767018
0.6424612067837592
0.6150111191961924
0.6648105895831096
0.7144384584025614
0.592663518761862
0.8555268842995771
0.8437667257588394
0.641639792127102
0.7833794023347829
0.646958682344559
0.7166488821695036
0.8174377054554967
0.7949712128611152
0.9957571418268581
0.8431628570364011
0.7903006914169557
0.6714629942976165
0.549055546749419
0.6260838405411848
0.5317011564644913
0.7099374121411792
0.774176287160572
0.9771923325486616
0.8648701947429271
0.617993346611182
0.6385359258087838
0.5261970976370207
0.9876426884480493
0.5144820182076306
0.6337348121460378
0.7819392137005534
0.6934288489682153
0.8298025349296494
0.7124115490322969
0.7834810548946018
0.5087419303454987
0.6173709216457175
0.6718643757634971
0.9113650190384995
0.7850440860149668
0.6951405723104425
0.6667025715627456
0.7805002499288798
0.6253152036238023
0.9498064446167307
0.9585709630342056
0.5860322048333466
0.7663629092868982
0.8624375909761487
0.6428597863748091
0.7426888864377064
0.8316117765770328
0.5773329490589932
0.9438384108322913
0.5595809694576066
0.5889091981802548
0.9191785343215743
0.820819292292138
0.8114700210770242
0.7286445964293851
0.5833599264540545
0.6741628922187047
0.823306514926755
0.6083897251378813
0.9178617250900395
0.5696410865445305
0.5116199187410966
0.6572856038412727
0.7460494469828616
0.5476269771139435
0.5412084853476189
0.5192148865829004
0.7455120624671359
0.5525449018927365
0.9606557779508536
0.5489714026134928
0.8985383710177451
0.9971075217354701
0.5723942221935991
0.8707361970049046
0.8940782426330076
0.6576413976441231
0.8100929358238782
0.8882493720190291
0.6280312044972955
0.5262717999031914
0.8916592259303515
0.6008248598314134
0.5235772862106917
0.856031580839228
0.7938999436248384
0.6130222820625411
0.8987183008412456
0.9129988710137394
0.9726399782940485
0.6313665297601411
0.5888479054337215
0.5996632955003363
0.5783091307805537
0.5337942001505078
0.6372513376115887
0.8334645655978524
0.6637563376373424
0.8360051937488648
0.5002021217969839
0.7816111249025834
0.7561690875984562
0.9713357123708267
0.7886825802893455
0.8956026954225801
0.728442210579479
0.7127459476370199
0.7570363692663765
0.6356083599083986
0.935230068916476
0.6794389907260654
0.5366899911789859
0.5571878363101199
0.7981863377226486
0.9854429752045735
0.6889472952037237
0.8870265845800807
0.7750611326407565
0.6959075864142173
0.9919219071864565
0.8693820181302045
0.6167682881272506
0.5433273590984291
0.8455745070558328
0.6453110135935678
0.5350127440635565
0.7291175011806426
0.8600888848043902
0.8712068939243207
0.6237822227310894
0.5356177351558951
0.7493526829688981
0.9149835195787892
0.5465591721213677
0.6697517852809545
0.8163172224912136
0.5016725141186082
0.9104921032100242
0.6246488214976769
0.8794103257051011
0.9182560584220834
0.869334316916291
0.9958431549474249
0.8938117553225355
0.5783743165992519
0.916094321050332
0.5122610924445636
0.7860235925366177
0.8584489320370469
0.512529546098365
0.5878954502741076
0.9630884704720082
0.7485181261902998
0.715264469501564
0.8121126435363863
0.6764044727529633
0.5252332250136649
0.9460387647970487
0.6434853761561822
0.867843394767805
0.9726539866226989
0.5511852349248649
0.6318519095239417
0.5576939352178707
0.7798155804405804
0.7216625209344569
0.7488504258790654
0.5909819689000688
0.6223921940131087
0.5592744760710788
0.8970368448265248
0.8300397566807007
0.5878567184018051
0.7000886331921308
0.6797672197782398
0.8735535690195164
0.7666124480198719
0.5025884262233618
0.6440032271495941
0.6228933273587194
0.8614977175016292
0.6578538256932458
0.9706353999150698
0.7166789708500672
0.8064780580621683
0.9944053506571131
0.9600544868102239
0.9568733824335802
0.54993700396737
0.8380015028154246
0.839526516381595
0.845118299724484
0.6165892254631129
0.8534900637658003
0.8311599870322394
0.556333985169827
0.7244984086334142
0.7903030226282153
0.7657269385638197
0.8953260728593904
0.8587666336871073
0.5507975450412748
0.8097194409742787
0.5021481618652168
0.548032346731787
0.6204431260380513
0.5539560698557839
0.6240957855575785
0.9584468862136465
0.8463908950981743
0.976631091696123
0.6028452889835303
0.7024411200374887
0.5949099132077162
0.6602406117519084
0.8173048435040696
0.6346575453138541
0.8627220088546127
0.6021015404723526
0.8332229845688813
0.7895621924604548
0.6296409589012983
0.7686772516672848
0.6276518503922042
0.5297887737650393
0.8474141326673175
0.5459139257076655
0.9280376451046025
0.850236792909044
0.9273620866623931
0.9406074246823093
0.6938152543990266
0.9600216494671389
0.6388606216890169
0.9671062627680183
0.6806704502012151
0.5968320749867146
0.8892453941934988
0.7467758305323997
0.5618804940001615
0.9012455619391808
0.9262604066894584
0.734334471201489
0.7938038098468663
0.748390862399036
0.8288551496955097
0.9380706856965699
0.6008889790568848
0.9875285223522763
0.8015904484339438
0.6208476398481169
0.6784451520520942
0.8754389498616363
0.7084916798370808
0.9810712436964648
0.7799097411618416
0.6915061705894159
0.9696132775335499
0.9629396365694545
0.5061131208139815
0.5848116267050623
0.9635966043298225
0.5461106087982263
0.9757266344340884
0.9233503956588278
0.8291633274867427
0.6143689664492492
0.8633039573541715
0.622497022436798
0.9416429784123472
0.8656181845818083
0.5717810881157046
0.6327013402609156
0.9914172628940099
0.6988892460413478
0.5799362889459511
0.8186241073450669
0.5071489263791107
0.9071895552928396
0.8764959155379812
0.670403304019468
0.850536939943783
0.6067183505745926
0.8470597693312217
0.6927940148940079
0.9947448911894375
0.966949183170883
0.5097969338527063
0.5479146661523164
0.8035136272792265
0.8165760396793305
0.6909398067536838
0.7480823243704575
0.7155566005599501
0.7954178836163317
0.9444370262007384
0.5310161361458668
0.6494392942722378
0.946160586275366
0.5777269907347976
0.8597122310774765
0.7325776003235078
0.6175248653309993
0.8854433819256384
0.5344684012834162
0.8971719365809429
0.531840433654839
0.9632547363145025
0.7597444605642566
0.9113315113245626
0.594767015907541
0.794450829753269
0.8320371212098814
0.6091689372452193
0.6862221535555076
0.8963361734850626
0.8465328381276078
0.596784192603278
0.7578416081808332
0.7477924995394047
0.7661278749889255
0.8207537019594058
0.7166072466043812
0.6606068919048351
0.5866731195503482
0.9056776768008943
0.6403324780624515
0.7545551618380578
0.9114835320768706
0.7882827445993679
0.5937439497773912
0.926310552103982
0.5146616834790273
0.991172127135423
0.7020853035953323
0.6012193800839599
0.9151352150467249
0.662503769583241
0.9188147036233384
0.9871739856761256
0.8489627594625905
0.9589637591950768
0.6368802033419187
0.5674105373110604
0.9378418447117025
0.9158808940178685
0.6790046887591836
0.9152520010504779
0.5655137674764039
0.6335387712179293
0.9359912969944875
0.546346517875312
0.6906200853783154
0.9383598068950871
0.7641067572447906
0.9349141059525968
0.6996002509987754
0.7258801194319252
0.5395193055947725
0.7670920861147549
0.7364386538571241
0.8554490033824604
0.9697354873133183
0.8601860602059539
0.6443638377476991
0.7443998708511792
0.5049282275864273
0.5247675130486826
0.8353662847114135
0.5208475079099166
0.9305189705278126
0.766429215317329
0.8713807576457278
0.9163834738225181
0.8459787602939012
0.8639152196791076
0.7988519871000768
0.6225458013891543
0.6335084686630345
0.6123774086749552
0.9546671478876042
0.5861412308974507
0.6395006169209401
0.9928282693342352
0.8255556852234226
0.6622075552545722
0.6314201858613682
0.9465299381501662
0.9278081533428
0.6756420273967514
0.6729454778124213
0.9445349784447479
0.7719048669149497
0.6941157380347445
0.7964755912781767
0.918068875494563
0.9155060578858122
0.6633811599831361
0.7221118095507205
0.8631846060139718
0.7985876501059097
0.9999117673770446
0.7517293260909457
0.8050656456457754
0.9142030116103141
0.8239164824844074
0.6575006044262195
0.6023798940121858
0.9997574027305485
0.5308177431888883
0.8550904581832284
0.7661075681011242
0.9637727894194488
0.6026533198114297
0.6396047884555693
0.6054221525400669
0.9396319481910762
0.5136252044584534
0.656853597970078
0.6685702241406533
0.9668436582993916
0.575132532392943
0.731492866200381
0.648623806956296
0.5964341217101521
0.5434060624934522
0.7456461426667514
0.5142676022352042
0.6897748293729629
0.6105686782431713
0.632979418060526
0.5928089058414145
0.8136617843619716
0.7976175102535806
0.7908859397799324
0.9681603128743205
0.7142315642624595
0.8346176892858388
0.8764055304325353
0.739339129014338
0.6905204014381936
0.7984028804781829
0.8037793670354445
0.8209157409791489
0.6016492701208046
0.9923358850756607
0.9448785158488189
0.5077348182033598
0.9033988717628012
0.6418746087097043
0.5297821573513495
0.7343782763990849
0.5375301641598367
0.8630199334549244
0.6614658552051013
0.5526739029594498
0.7144203803832793
0.5541415540697305
0.991921247089866
0.976150536024499
0.977965148549852
0.7101171373193805
0.7550935135156884
0.7593426038843112
0.9903608989824209
0.7483197794003258
0.5962492841273425
0.7797729458753297
0.9591740213154133
0.5102832305852711
0.5629932636277302
0.5439631667565087
0.9824863797585794
0.5667667257809073
0.6535630339699603
0.5158476301273567
0.7869052185488861
0.9183812575033262
0.7855011498952575
0.8711249397792709
0.7853166190097369
0.7873685934468695
0.6080959390801077
0.6205993013702729
0.7043514779687081
0.7232677612787052
0.7080054815460852
0.5227418935164647
0.6311855946833107
0.5737671280688448
0.7275424028982033
0.7029287443028921
0.9508591606351043
0.8605425852223918
0.9192113709299814
0.741746696194368
0.7337474841052591
0.7850659835994018
0.7226467114359452
0.7309315816636076
0.5217729430657687
0.5266380218260875
0.5942209677820387
0.8356113769626226
0.5161376949296168
0.5478007285607526
0.8757427070859365
0.7067672084217533
0.6780655138887652
0.7599820606807002
0.8051648781271307
0.8794317166710492
0.8378555627523692
0.8952542643324013
0.6781184580592186
0.7979536148747408
0.8839979821988007
0.5610223742030924
0.7985852559476743
0.5691584958924026
0.9015280400260695
0.7165948412800078
0.6645628034026745
0.7759540287083264
0.5027634466998387
0.7721856767225148
0.8084566480689316
0.8641669756966361
0.6219217181056662
0.5052230437553429
0.7265507233774836
0.7377833187616821
0.9618528803973279
0.9666749183107192
0.548943772769197
0.6723251690505074
0.5025660714609816
0.5750685648578631
0.704468222432548
0.8149070563296517
0.529214732954057
0.6368955374326909
0.53817115388868
0.8911837632049542
0.6720319542125068
0.9327796322833697
0.8863729854357092
0.8312357997723818
0.7774890098619611
0.8810688768217627
0.8322522223664957
0.7043938704175291
0.6557564694154807
0.696274435041342
0.7204841287380171
0.6273565649194723
0.9769804649831442
0.642048113324604
0.6442650483151283
0.726983508476196
0.8642759779174362
0.5621420772909409
0.9308594387335247
0.8075390782103269
0.6680587381127578
0.8114526119515516
0.9211005596604289
0.8093075838898336
0.9863374975197821
0.6739623464154721
0.7485021729529439
0.9488514856878124
0.9838361699141922
0.7572286109785417
0.7367673627153983
0.8467275767720361
0.7642340271343362
0.568504963097979
0.9028720655452847
0.9747825114764015
0.6386220103565012
0.8166811405077483
0.8446158336562432
0.9326659174041216
0.8800885047805085
0.9618313075026892
0.9049862880415575
0.5405235099418384
0.9876160801345885
0.6960344932094478
0.9333358631365585
0.59520904532849
0.8830104762720676
0.6655553853009242
0.6366105106407314
0.5761856521516042
0.7654884754914207
0.7734659207418569
0.8272330042150101
0.843328551925947
0.8443819800214354
0.6950914002303938
0.7282230240332795
0.8508579719031547
0.9676343855084008
0.6923215590076419
0.6742728774527227
0.7403581572254927
0.6600646228166112
0.5585542444937001
0.8352002431313391
0.8416315591693928
0.9553253929480207
0.9965683807708745
0.5757243009037564
0.5880528695196265
0.9797336128537144
0.7217047251878119
0.9007465766720459
0.5782173342334891
0.6420706184055154
0.5156169906362869
0.9416498971269719
0.9225369064005045
0.5227945638814826
0.9995526625992691
0.9807764198957266
0.7924455689799843
0.6465696611715299
0.6519440629315985
0.7977716621119089
0.6257735363624564
0.9732070471012458
0.8693052243731
0.5091407185000425
0.6863987603530557
0.8294007330454849
0.6008969160669958
0.6421667794014021
0.6909213231986078
0.5606660263782293
0.6242352661984258
0.9790527577264407
0.6672311016903238
0.8756439533594607
0.7776656115632439
0.5514225220480696
0.8502224755464911
0.9828642548346503
0.9563546816230513
0.9455200411718929
0.8424732591162872
0.9064590475921929
0.9978721505473995
0.8935654526473535
0.93750941774003
0.6645540216478522
0.6271719290658156
0.7118643350909026
0.593362651969217
0.724603705196167
0.8860006296664737
0.6243425657785444
0.8927182048517162
0.5782221219301285
0.5724251483918427
0.6759446032118955
0.7846771965455729
0.7942040161090698
0.8104361698407795
0.9014878006602856
0.5414065372264096
0.9662109946192206
0.9472324645617649
0.6558188269157339
0.9608196540438332
0.7713096181353952
0.9566003853609204
0.5674012226278601
0.9437497658109112
0.9726364518544428
0.6363663570320794
0.8789253494740563
0.7617591216355084
0.5994714982586853
0.7512758040040642
0.8919663955084028
0.7208734539832987
0.5873315476975467
0.5120878023343254
0.72257515677074
0.7330143519434031
0.8102621019191656
0.8885406532816209
0.6282144815233097
0.6881203462108583
0.8650823917196804
0.5806541410500219
0.6574779777151596
0.9618910438065376
0.9722364917526107
0.6270004961179044
0.6428064058640792
0.886508790324791
0.6492831945889149
0.9181098448852218
0.5295748293298039
0.540773659191963
0.7432923852188434
0.950471356673694
0.7193453406461929
0.7361028257752497
0.7600362384519097
0.6580555642234275
0.6653105530766241
0.7321668805122376
0.9636892928533292
0.9832725867576906
0.8097522142855529
0.5122453615258774
0.6919349888626282
0.9560600632138563
0.8691622650619446
0.9234979164056105
0.5808404458394503
0.6626060664739524
0.8596539861894448
0.9858961971586837
0.7755321937953843
0.5437809271169434
0.6345422712352853
0.9073590989750445
0.5937847154149924
0.5972288157572276
0.946854511453644
0.614273236002598
0.5159824684650237
0.7335632610439536
0.9009756249954194
0.7901146842975924
0.6522528456442218
0.9108699641742213
0.9163354455681475
0.7295376237049607
0.6181686229239228
0.649494297029825
0.8913598213163623
0.9737172192630901
0.5646768988959271
0.7653698118047311
0.7583768108056915
0.7363663414873427
0.903369320657254
0.9295580727814023
0.5428923907924936
0.9388736437387508
0.8196678934690264
0.6782690471577796
0.7995841362549381
0.5887762012570399
0.7348282243117381
0.9884520103253827
0.9778841657948307
0.6305767536529852
0.5426724426489549
0.8909903234672902
0.5919016643276843
0.7032054261297098
0.7828735832104281
0.6154518049968329
0.9150206367846507
0.8284156497991979
0.834227099111648
0.7118120866658706
0.5680636997389963
0.6688256320295076
0.8932225117173807
0.6079643399686843
0.5276332945140054
0.8498680935919494
0.535891098849744
0.5757097500086956
0.7408873370229403
0.6821200403993379
0.8836593773831317
0.5742938411412575
0.6819013139706367
0.7720627317570885
0.6138696900967076
0.5649316923587127
0.9248284944963014
0.8594664620965444
0.5531769745145135
0.5485847021055567
0.8507706331523258
0.525780799403405
0.9644218168568499
0.5229065317827537
0.5046326216131548
0.8970744101996768
0.7638104913471833
0.607956997383677
0.9532370843314097
0.8268290663396693
0.79982145006805
0.604597674879819
0.9437070587481633
0.914031855139052
0.9595766880757544
0.6904716675163737
0.5446936854254245
0.9061022072788731
0.9437281486318305
0.5520188975126927
0.7564152893701128
0.8587086611832988
0.8488879111474117
0.8810907750234913
0.5535757947900414
0.7359663126482205
0.9039491045682513
0.5153798801862384
0.6631629814141775
0.6012278349380322
0.6530940804698415
0.8801841477890744
0.8077160082500994
0.5203655864278018
0.7092818507873218
0.9358033272653565
0.5440873872687422
0.6618787886737576
0.7350653529699349
0.8195327321384094
0.797416913799048
0.8360656036718221
0.6393262390055265
0.6895648330120043
0.7765654688706727
0.8515609624874976
0.8756907299322843
0.9835475441753517
0.8096444846025955
0.7528778871126924
0.7868893558535099
0.5916699542003707
0.8502817014751165
0.721797188032862
0.6476736769480163
0.724037462451943
0.7329258152621232
0.9814648418282579
0.5469276478466476
0.87482129228426
0.8144551404230833
0.5354490078700735
0.985376820039553
0.6767845186264072
0.9960682958140428
0.7664247302829874
0.673558626976208
0.822718670205236
0.7663759790452609
0.9825533515296119
0.9298406210723489
0.6923863692150751
0.7339090749994115
0.5136779900201518
0.9112690947388902
0.5518755656979941
0.6037978013258775
0.927970343148016
0.9728370251563669
0.7109502239496611
0.9899967414058726
0.9508325716997788
0.5926528658706952
0.5678729035966665
0.8657225459328619
0.9645286438433323
0.8848710731438696
0.969314517257327
0.7133087171494146
0.9527855629021321
0.6384283774299887
0.5764244220618036
0.6323654642597731
0.8620921702871909
0.8741268496707266
0.9266499546810028
0.6318324226353498
0.9953607984077766
0.800005799143622
0.7245894320145668
0.6504251199087066
0.8949199993573591
0.54220979192578
0.9729114856179601
0.959952234339119
0.8485261355666283
0.6923185336276492
0.7907053708564451
0.646930395194866
0.8864045400749407
0.9601567026424347
0.5229765141947732
0.6992827405153065
0.5526769405097063
0.9405167760475084
0.940158312228835
0.6328998608613878
0.5396341137371288
0.7690064112483364
0.7492572488403741
0.6444486781856961
0.8413213646658244
0.8208331357566767
0.7701377264287084
0.8541705010780299
0.7730785478275848
0.513936264544558
0.7218808597546831
0.5817158858283134
0.7334610889346291
0.7484678550450532
0.7080971404176395
0.90616641299363
0.7687647447035253
0.8262353636089939
0.7029701779208104
0.6381484108837145
0.6992130856100867
0.7109860838158999
0.7005195167811351
0.8415522887659217
0.8649929382650507
0.7577081675691126
0.9834328094910632
0.7405057747395416
0.5133432508928828
0.8466605068645212
0.6289835810789595
0.6087357598040846
0.5220335828595295
0.8603779497950752
0.5281826177000907
0.8565158574647098
0.7528473352288219
0.8123728192140186
0.9821315836819398
0.9877144573128649
0.9789766706199059
0.5524634196711464
0.8082949968503215
0.664982085311046
0.904198811118772
0.693997368347151
0.9873384029715079
0.8199234730077878
0.9037272339659896
0.8889595449961012
0.8767260205774932
0.7440277916610183
0.7879025385782571
0.5108589827912513
0.6080896603928168
0.77275879974542
0.7471860375534454
0.9392020359511173
0.7982984196714211
0.9865662993575198
0.9713054854812737
0.9353593154692563
0.685153922379241
0.9494947478449656
0.587554045154606
0.6156047712614034
0.7492180321313504
0.5099984473214166
0.7642148862286495
0.6784254343259752
0.8455977360057949
0.8532660340372719
0.9691871979485251
0.9824655351811318
0.6156270294414148
0.8626669455664253
0.8634400431435164
0.7056750155278646
0.8107818317682011
0.9450608812213752
0.5213946095674334
0.507693589976747
0.8500606925652228
0.7829354571081222
0.663391415414327
0.909980977957831
0.5275205838538723
0.9919001918887435
0.5019617883513467
0.9413821195569639
0.5116759718384338
0.7629666552496863
0.7046551675439674
0.5736324209296351
0.8270929860856896
0.5303109956272238
0.5788790055865225
0.6537961321697504
0.631123764087356
0.8381962773356565
0.8371043420846249
0.5129673075254353
0.8473761861488456
0.6343874325481127
0.6403022516802599
0.5785691029843463
0.9112563267846071
0.7306998754942249
0.8472362554751962
0.6856381354247743
0.9146442497184053
0.9735778148342216
0.8901154480894125
0.8798606440429777
0.6322309088377667
0.6472702114421593
0.7938779838492109
0.9728206840004271
0.6068128908298199
0.576975173573115
0.8758541136952638
0.8964052694048134
0.5392223584534305
0.9115770078727924
0.7665448546292192
0.7488092615139741
0.5706638152160466
0.6817702382554188
0.7350035622150173
0.905786319534788
0.6640700300569713
0.6818501202199203
0.5380369788138122
0.9929041991030227
0.9616139011445404
0.773804971475164
0.6740988257524629
0.6280518012980991
0.8493556452955897
0.7306935446161824
0.6214773770721322
0.8444247819823685
0.5501032175311347
0.6292320949841425
0.5614752502048488
0.6726186911095593
0.949125252719927
0.9302430323050755
0.6689187160613044
0.6190581863823708
0.8672797889505788
0.5266883923909702
0.9928196483609867
0.8536251895520428
0.8199146323308042
0.7241664588497424
0.5536822984297143
0.7033341814606078
0.83569258840131
0.8311510031777869
0.6072829018883013
0.9346772291461753
0.6644579532923088
0.546288608059319
0.8426827827020319
0.7174332667492973
0.5705977123365781
0.6658456235253946
0.5610149138881694
0.5164105274542825
0.7735195979578762
0.8369687714589757
0.9222559988386396
0.5234190912861924
0.542559917530514
0.6431105490641357
0.5441310646572741
0.887291394672953
0.8191246236869048
0.65609952699168
0.899480472188088
0.5865907617398831
0.8590844910333438
0.8018848605823476
0.7694629770767591
0.5074303073356271
0.574554586441157
0.866636272087632
0.9394218764792336
0.8396348379012808
0.9481436679996975
0.6309198236348398
0.6471171236358153
0.7556227169669743
0.5564861450039869
0.6533661463309461
0.743507515003725
0.6295899484526476
0.8618854219397749
0.6315654303336582
0.6544988346961614
0.5272194778471484
0.7606793538279486
0.8995701811922066
0.9598510822416111
0.6785101507596449
0.8645484179357896
0.8895926685578406
0.6371615226385083
0.9309466657499537
0.549540900621059
0.7577039713893112
0.7451984587999922
0.9535269706734588
0.9917945423236236
0.9458703556921467
0.9936742826655276
0.9939507136938017
0.9254171702410956
0.6169196523324536
0.8787147645363669
0.9311933524293845
0.8794688183291737
0.755186016211306
0.8192989536852633
0.6870396277816972
0.9277024547069261
0.5506777843048801
0.5637342418820688
0.974384662014421
0.8732744136291204
0.9611436680989285
0.8134781731901823
0.829750339394328
0.7565876950124759
0.586355103021831
0.7929843763844444
0.8167807774337241
0.6166526231722202
0.8745615635936663
0.7931898217552834
0.9231751750207149
0.7771671131920725
0.9060241318006904
0.7030530366394991
0.7626865708067476
0.9350727383597593
0.8038289013492641
0.9617843483271169
0.9711498200368025
0.7668585860163393
0.7602661348846571
0.9403902238155297
0.5742220290692357
0.7328892500365252
0.5406929226860835
0.7551049900736334
0.9356747609811805
0.5553914117484596
0.5897638037920994
0.6978952998364305
0.5390163605481552
0.7784120782336073
0.8546008589988617
0.9290643258102684
0.8780020972044038
0.809377403834242
0.6997064739846729
0.7960619831301752
0.8321812283294455
0.6890947333080533
0.9644639593020035
0.7246674663323781
0.5119504120293442
0.9371677741508357
0.7033162672629801
0.735827486647466
0.5936312988529311
0.6205435421341983
0.6604245462118248
0.9290311450180904
0.7698332057035647
0.8336977739146431
0.9742310842000519
0.7903336830588066
0.563096930477057
0.5921513186595861
0.9996158563184387
0.6083274852593251
0.7862443802420458
0.8981204290684471
0.6135674868649621
0.5024669185823258
0.8619057618435112
0.6600327633168431
0.9453904755474898
0.6747874330080658
0.9997305609583298
0.922718403291522
0.5689982860725995
0.8773197758674727
0.9196202650555427
0.5865118365092699
0.8551198652867831
0.7938721926348538
0.6362656847677143
0.5882131419168649
0.7296722379836731
0.5341221733043902
0.5241925436821986
0.8504457699314042
0.685079566608646
0.939091758300705
0.5874381040304095
0.5520423750218546
0.8680070643300002
0.5105783478544328
0.6822785968659145
0.6924762338979017
0.9832379681523797
0.9236501637916532
0.9292243649748654
0.7576185431825226
0.781218591748812
0.7638813777868081
0.7586784744210091
0.7617635325759123
0.6664831021443913
0.8658178733372011
0.6109905198493458
0.8438025299074225
0.7128059667425624
0.7406057481902442
0.5201393781681707
0.6849649301510468
0.6885939001543715
0.618719188692241
0.973516814369402
0.7718529251854132
0.7688344856803511
0.7470776279880724
0.6987167772844654
0.9273628920404864
0.7933421177501739
0.8591794173748455
0.6525087353636503
0.7586434748258918
0.5097666189222322
0.5820375158333903
0.57455901907788
0.8118513929584456
0.6337824435829359
0.718535228913957
0.9626850828676307
0.8491181415259619
0.7433852525939373
0.5522982561120162
0.9547846006521904
0.7590714642020495
0.5563283323992436
0.7331122148277197
0.701860986373318
0.6253801716545735
0.5997241795934303
0.9815989709013366
0.5506726976793237
0.8015789832427892
0.9331905490920989
0.6531793609694851
0.9253075783880554
0.8580479904649219
0.7653718892020946
0.8345971904392089
0.9844959614659393
0.5285609077679801
0.5495728739270754
0.7786631966678639
0.5587278504951576
0.5545432266791528
0.6806370924299329
0.8144564869658336
0.7770620447351344
0.8240003893617991
0.571136436363123
0.8558468900506284
0.5763375106463806
0.947392247268938
0.7761506299989954
0.5815502339083172
0.6672891688263463
0.6347800082542965
0.9551321158329901
0.8536915872524105
0.7059675057704353
0.9768310670167504
0.8351837634943189
0.8272376122588538
0.9692116431541482
0.6827001775744328
0.8391776131472906
0.8311070687567607
0.7596327885824077
0.6397541507793796
0.9785239997242163
0.9356988452623576
0.5843797691911166
0.9713169573300635
0.5850876121789625
0.5896227178760619
0.8367952518516255
0.7815039420480885
0.865735981899165
0.7439405352034834
0.5214547633908229
0.9945737528259808
0.8408444415573517
0.9476618902838134
0.8461866159139882
0.5214629506844832
0.7220362707551145
0.9546452882064385
0.6350275030869832
0.5078164088731847
0.871984169251885
0.9541890209744709
0.7747414919663247
0.8753873707982539
0.6927529576875279
0.6054886764380274
0.8557619150915519
0.9202556919088182
0.7418587155057926
0.5657420525521745
0.9374075677659
0.9752184607352965
0.8780946070965789
0.9359507874405075
0.5789918935011059
0.7238910905562004
0.5871005689141557
0.5163573800919647
0.9144610557418298
0.933088181341071
0.7924496785512536
0.900832795602108
0.6157841336449583
0.6976751494190698
0.5395338246181962
0.6821813894574599
0.5793506461267619
0.6605146267203723
0.5069877756443613
0.876944373997717
0.8000215630433525
0.6319391478539766
0.6841007710567806
0.6111795661937393
0.6823658258516075
0.7525582439184597
0.9275545849872405
0.7778992377186864
0.9290761126124084
0.7713770538982045
0.8362466660021475
0.6325489594765571
0.7932572255657725
0.6293431966234402
0.6837717112377946
0.8537738744367012
0.8377439587049484
0.949628479856737
0.7443017799045927
0.8066260581706608
0.538119464410314
0.5014821639458791
0.5242400831955583
0.6817599272856871
0.5281313997330561
0.5697080483709527
0.9311346992830458
0.7125672974396509
0.6458800572106954
0.9184506065451323
0.5587912166590077
0.6524125068126597
0.6408842214299446
0.8134421676021679
0.8248439133944407
0.9796931416247878
0.7118832463743439
0.6390341757198597
0.8233600833488528
0.8954275958426254
0.7187085839997356
0.8295128468172296
0.6458351804629636
0.549549954021604
0.6746997692352021
0.6858368251654359
0.7600658749995097
0.7394925480061538
0.7395171544993048
0.7969986097583714
0.584007328283247
0.6629387945740848
0.6396997904728606
0.7803369778331151
0.9147510188184489
0.9628728332789029
0.8356625226606123
0.8792381275501158
0.6815374625514664
0.9025118225237692
0.7170406700709688
0.6186156239814848
0.5922346395971857
0.812540498360198
0.6533538773182146
0.6285354661374056
0.7191000218022536
0.8041522772069477
0.6841963297474927
0.7291069125646046
0.8503656510813995
0.5826096132672968
0.5334062978840826
0.6721594503890633
0.5723711797133995
0.8850437956573678
0.981830177752191
0.816851183461843
0.6139009921067615
0.9325539506067086
0.976967372524671
0.609063143591803
0.5051909247500072
0.5581299653359083
0.9165210687696432
0.7922201648048117
0.7520979324878436
0.8489890300332184
0.8466498197145089
0.9019661710059392
0.9519147594033339
0.9196354108850718
0.5901031803425989
0.753684143220026
0.5962500462038371
0.9408524927232191
0.6049501017442298
0.9655405617177344
0.5998777174285281
0.866018147174005
0.970441238784784
0.7437170812142345
0.711998265826298
0.9451550551964332
0.5198727661544635
0.7410752064380696
0.928226538821493
0.7250274987626143
0.5522611200350995
0.6728889973477982
0.9008489256929204
0.6505052958809042
0.9821599209663983
0.6827927690853066
0.5690645911886114
0.9630575075513009
0.8658133949870435
0.7839897223427665
0.850127602881545
0.575684845487288
0.7018203759930728
0.7544370148153989
0.5315789623635017
0.7396603874334674
0.6021557709565155
0.5384205770413332
0.7255415746068459
0.6896217444057391
0.6809150507109292
0.7901716356764938
0.7185153630918588
0.9001626978933914
0.6007164587236595
0.9849823913605456
0.5313307389961882
0.6888392379827262
0.9606010287565261
0.7371044006670633
0.696858983649352
0.8920805761337687
0.9350525775097287
0.7069929846238023
0.57132673564384
0.9597411728173293
0.6195504716079665
0.634006045067812
0.6721663101636284
0.9110079435875413
0.8244674706253666
0.5104897461654789
0.7629956247669294
0.7192543468999744
0.7347856623951781
0.9485085511873197
0.7967071972916245
0.6297588775686116
0.9774512216852967
0.6588542611033766
0.9158631250322162
0.7357300261872718
0.6618073108515772
0.9764544482512277
0.852733392416866
0.6632653650948166
0.9897244879189973
0.674527231525663
0.5190809136253551
0.8742916233825022
0.9415968195738444
0.6759188450648359
0.9574573066098054
0.582342057274607
0.9131747212764731
0.5838017969061899
0.6284907145015481
0.648530825581181
0.7651417743624306
0.5404837792704134
0.5689611785599696
0.9731489486564886
0.5627939193905067
0.8470745249721532
0.9855432523158818
0.9802091005243019
0.9738176965609986
0.9389603826668975
0.5505559434571139
0.8836764307808738
0.6268749595565808
0.7616188293868118
0.9167727290533592
0.9347006376103972
0.8155540988512042
0.737669333815449
0.9296443036674304
0.5684341940502939
0.7223885261482659
0.7798961916109511
0.783672560684837
0.7093972471368243
0.6642129220555119
0.5844123545240814
0.5090956605941749
0.5490973599024971
0.7339211490683294
0.7732660029926657
0.5742985879758514
0.652756437255325
0.6428476076570495
0.8843833722710094
0.779856907082676
0.9232586448781908
0.5795879181295436
0.5272620113141846
0.7611008162406341
0.8683932754194038
0.9226186440881157
0.6437708024177848
0.8516822701246312
0.9671173179331276
0.654559652169437
0.5560897788190254
0.7116726316870003
0.7538339411986774
0.9757892951486166
0.9585571876129797
0.9504861173473785
0.5891611035227383
0.9938319438544285
0.8232850755764859
0.9967160253083964
0.9872962458225023
0.6262452557074343
0.776028984214318
0.6885261673094247
0.9039526632884536
0.6715652602377242
0.6651977834876452
0.5173656967639351
0.7735644884579986
0.8942794110912149
0.7669154770348229
0.8514577624280133
0.9705234730437928
0.725617066158696
0.5261898774717769
0.9017162260561535
0.7504335461452942
0.596934634667888
0.856009094312292
0.6538524601671893
0.5469771377499972
0.5122147168851079
0.6365486897147756
0.8668337464428856
0.9722168327958077
0.5380461919440966
0.5850101951085309
0.8796344186597267
0.6907407457335886
0.8057452812774096
0.8308261581099183
0.9482470679444545
0.5047778562761265
0.953124228429711
0.9279314782468535
0.9224555095731088
0.7094429468282875
0.593415833847733
0.6704819890729883
0.704425297868166
0.8564794636804303
0.9487547506034764
0.6229278985713815
0.7374607503012183
0.7225092841597608
0.8492174689795151
0.9322960716695399
0.6828620291727284
0.8245312774204689
0.9958897736401902
0.9648037705270824
0.7264181922067072
0.8690240846648326
0.8922369496000981
0.5905600331318056
0.532056110657026
0.5123564362371108
0.7640939014971759
0.515672365542832
0.7363248167101513
0.8706221747194418
0.9359256771325144
0.703748247647636
0.601433032871822
0.7709228091007978
0.60788559353562
0.9837439335143326
0.9707405772319638
0.5808287655150697
0.8667707228736328
0.6577513509436521
0.8597953822536095
0.7985388679127157
0.7037511276123626
0.5909702339085661
0.627554177650477
0.6802497656239399
0.7028959462635451
0.7316888549344225
0.6003568709681899
0.5961534375557669
0.5803342497236852
0.6027747695144905
0.8171655321948498
0.6467583640247966
0.5747471240066377
0.6025606102746206
0.6930764954099022
0.8373411114710656
0.6699047842811328
0.8334469486094321
0.9914062863833366
0.7751424038141446
0.564386803356418
0.9777196041543583
0.5850415656547235
0.6346101037782304
0.853116875737911
0.8228283239936972
0.850313017722421
0.8571450434730243
0.617193825685177
0.6088599983127354
0.6478678405342209
0.9601955419309918
0.5708708414497631
0.513254309932605
0.6308411995339893
0.971584956361158
0.8503914913381854
0.6038203681444891
0.8587049782718063
0.9484120142608023
0.8135018262172389
0.976141912871408
0.8027237918895975
0.6572250882221278
0.8740910378662128
0.5330723868789808
0.549447232193331
0.671307872578661
0.9568083435908344
0.9058263825121684
0.9186320437077864
0.502083104098351
0.9645911938291991
0.725931331169649
0.6035346668421825
0.8739136252537161
0.8831202946690984
0.8076136811769803
0.9519374502818714
0.6963779833360537
0.5931263529091636
0.878929304989378
0.5188174903912894
0.7057410288749624
0.7053785336408612
0.9201843799035341
0.9023676915281451
0.6944370862273144
0.7688994130857927
0.7747500480809479
0.6096221563179466
0.7264122155350494
0.6095256527584305
0.8174620536909698
0.7047564044170849
0.9958088655685284
0.7386902081119786
0.9786260623082126
0.890623172844049
0.9488095853635483
0.5785332242994099
0.8807895415088655
0.7420228762619965
0.8595168884608991
0.8611893235112594
0.9681397575128239
0.9233864693468169
0.6328969694499422
0.585117823787513
0.9847269117764524
0.7593932470795485
0.625678297647823
0.7429155577795943
0.5253634609847935
0.6105654073504827
0.585948208717477
0.8595487456718361
0.5944024292684263
0.64550331300314
0.6292749419129438
0.8914310107148896
0.917441549169207
0.6580286226627501
0.7963840464239017
0.9517241143022459
0.8353235106086077
0.9505795426929529
0.6176817387887343
0.6669594393353121
0.6987301065390652
0.814549048144893
0.6538772411984095
0.5968067118505616
0.7200534057179985
0.8544914707628863
0.6100298079982137
0.8015142713328374
0.976346502545565
0.9420646288082594
0.9397151269996822
0.9277096585950844
0.9641981849589026
0.8011598753773757
0.5065024754326493
0.799768072825189
0.5096592363044785
0.8348796719559064
0.7242427282306985
0.7098253707357248
0.9603183730098063
0.7354858762974346
0.722328605645475
0.5243395618333226
0.5256338369358173
0.9707569546510005
0.8251929814070373
0.6578738100614865
0.8291647323440301
0.6716062669938405
0.8921633959379145
0.6944131441437322
0.5276342391395007
0.704722906175663
0.5888574649605441
0.6974804622202826
0.6172695271421085
0.7385524188933503
0.5939462551623074
0.6754582832129452
0.8800201541207389
0.5109319722699326
0.7530995488248033
0.549342925051795
0.6477742020860129
0.8684086237324635
0.5319961644605159
0.627058527907844
0.686599488516777
0.929889560140266
0.5713808479710162
0.9110436973164233
0.5534341915247343
0.7918458681083973
0.9696586126231467
0.8788688078171104
0.9736475688819575
0.8341708319763914
0.7012848436910097
0.8899877392479085
0.5652718682737061
0.9997579613569467
0.6990892694859885
0.5975682862095213
0.7197767335600093
0.7343177405347224
0.9875374508948309
0.6017897381760797
0.8024848926561696
0.5419077108905388
0.5144608612033432
0.5321575199302065
0.6573392782893277
0.9136361588314355
0.5461249933305741
0.5645494851042929
0.8716837134587992
0.8970469462608486
0.6327942844503897
0.6997515266669059
0.9011984634510546
0.9753696487633378
0.8355786059502586
0.7957019627467152
0.7887650731919287
0.7220518543461529
0.7344417293565573
0.9602251992220607
0.7762429031842585
0.804532243447615
0.9768925999739594
0.8204144796167948
0.8096995175610235
0.9944139478329957
0.903039477447487
0.5079019091698236
0.8452722039729029
0.89801692649967
0.9272901412579713
0.8867228821157185
0.6219695978322215
0.6970427022360576
0.9949370620717003
0.976205525799114
0.9933920560927745
0.8952110210707864
0.5687846658973736
0.8562711194370722
0.6134575835120449
0.7829382446067402
0.6483956153499087
0.6797034087485645
0.9350650096312869
0.7075807049905611
0.8257919880169975
0.8917323470914442
0.5078289738419197
0.8551717280360243
0.8955493266015992
0.5236551746025087
0.8242129922832373
0.7254562374590918
0.837398278700647
0.5419014483529869
0.8763320918537165
0.6996876088598744
0.8478419811134537
0.6108302508105384
0.7497146969561552
0.8538350261529591
0.7461558534600087
0.9446184925827149
0.8010594940658102
0.9510423456274428
0.6753421155114823
0.7213032211087272
0.9865366521302206
0.5390322638188265
0.8519774858904285
0.6234723794571944
0.9437219031494629
0.9959338304296995
0.8468503592966405
0.7742459575107254
0.926037663270393
0.85899827902967
0.6414086052712291
0.5928105836161719
0.9811935110638976
0.7695904474614352
0.662503200973442
0.9821653573997906
0.8743945917042699
0.6169326257807267
0.7458943860582039
0.8147277797081329
0.7956299054680048
0.7142415110407563
0.9061294801946025
0.7155001958146481
0.6733623513878455
0.5073118457742225
0.9286931386557753
0.7183631407780966
0.87097099128592
0.9352266344777111
0.7325282133444482
0.6403148522425803
0.6937196196972248
0.6936294295425622
0.5742998113279094
0.6238950481880606
0.9718234847173133
0.626127661729915
0.6211065178925674
0.818206990980866
0.5896019432333623
0.5680935879784442
0.5722238994746444
0.7758177331557281
0.6729838913291323
0.709502725014213
0.984067413057437
0.5337600097091737
0.6992617513606743
0.5195876990909472
0.656570939653478
0.6132817014744747
0.9427068683720277
0.8425637792833655
0.985250277718716
0.7735464350422285
0.6124507336492002
0.7167105997567229
0.7707659062630252
0.9363331242650001
0.7841837058075072
0.9670195455543932
0.6978139073321403
0.9983956085302006
0.8738815596386488
0.9278766414876565
0.5722915607623708
0.749382174429634
0.6477186743778902
0.9770571500833602
0.5121039821907699
0.8640825529347527
0.6386984137767582
0.6888713849566741
0.8685328833004293
0.9986991849164415
0.7763225630034865
0.8154502280596343
0.8923017246193896
0.6312739046917402
0.6732996668461235
0.6482047468447205
0.9314086277846313
0.7559894665798466
0.8902909494356147
0.6861274615872833
0.6084363252524014
0.6855726267013085
0.8161490307257477
0.8130037236069705
0.7180030961256758
0.5157548870460644
0.5469314229377431
0.6085602273034247
0.6261460982853354
0.7377664516158291
0.5855014018265666
0.878782916144154
0.62962134934054
0.7953819715631012
0.6853740292064099
0.5266749811591411
0.5470719464437706
0.5045606831250957
0.9652928946839763
0.5065727343990081
0.7603500487394401
0.748288139623133
0.7153762337358487
0.5016953056009326
0.5146529839365647
0.7924636079121379
0.8384778530282508
0.9917045717536386
0.8721007510327776
0.503655029140791
0.6367895476049638
0.8997524007499798
0.789464369097036
0.6433560789213646
0.71664475544944
0.5475005899869212
0.6046863265894258
0.9193990389718358
0.7891903021170694
0.5516875977666561
0.6743876885973483
0.5371002549617505
0.5143624286918972
0.9402346782359461
0.6886408427388804
0.9501019557150543
0.6191613203668206
0.7291560691967294
0.8930391343815742
0.8639117409127934
0.5516808962101725
0.7846483650295395
0.5105253009441963
0.677558451279011
0.5060328086030643
0.5102782858494387
0.898277071214233
0.7806139401760163
0.8168512006490058
0.7423405819776722
0.7356405007653718
0.641283479494462
0.8015750360240326
0.9407248720142206
0.5183373194908456
0.9565956724656914
0.9232718195789227
0.5752313877663753
0.6561772546812987
0.80598933567618
0.9953863681739474
0.7195081858407946
0.6356396630653913
0.8464789382495586
0.9038274256209038
0.6039452212871208
0.5408759320534647
0.832024386709389
0.6024945458121886
0.682912404154989
0.5665331547377916
0.6172912071794254
0.5754830104931583
0.9904282977699659
0.680474153190745
0.9080421829494496
0.58060113465617
0.7497916410900333
0.5264350532396443
0.6862695370926926
0.9271290777578071
0.9342881265630603
0.7405184163344971
0.9801003051427137
0.7016248747754612
0.778194140233226
0.50566727653506
0.5892848408549047
0.742434587741259
0.6472042018006179
0.8534595818474332
0.6375423242445999
0.8351903726854364
0.5738281814237227
0.666459081274557
0.9175240910682556
0.5414481288373395
0.7842763641204376
0.5067062382605042
0.6456410442486595
0.9783746315053503
0.6010822350786187
0.6895857019335236
0.7585566616958563
0.5648173928349212
0.9534812265161164
0.5072288428165579
0.7971445533395665
0.6938706375270722
0.6190208385610536
0.984643751898604
0.7185409546564243
0.5286811994546388
0.8884780315736102
0.6608613486722735
0.8939712621501394
0.9251151479699284
0.730733231001873
0.9643947820794565
0.5845283742338525
0.6355845525966914
0.9146576615391597
0.7914617563075352
0.627798794167032
0.9783674573015444
0.7382821944194299
0.6276646789743927
0.8633138479700319
0.5562969149974981
0.9848450296085072
0.9280143853349552
0.6420923967343879
0.9934231941915641
0.635459613554724
0.9777213938565671
0.5919642502985198
0.8299127020115846
0.9232494771694177
0.9033830433750679
0.8646749598694807
0.6477271111593698
0.6352407176189736
0.7462297828570748
0.8776441069633416
0.7817164592489381
0.7619926082941817
0.523193125303238
0.9715549231862027
0.5013653873059178
0.6808697337421048
0.7935505131396106
0.5415395145833443
0.9500542763464274
0.7372365179631399
0.9328120288525161
0.7414966184417715
0.655515927161666
0.8367865782610902
0.9564439211345153
0.6262224543042598
0.7141524094185714
0.8294405232976093
0.8614647200745487
0.919563315037049
0.9891799067343241
0.7534805636463989
0.5198067802290478
0.6268620696690348
0.8286740002357789
0.7713264098882636
0.5855287097799124
0.6389482461227106
0.9605014657982716
0.5129638447485996
0.7863236223358421
0.8703184019485826
0.8657605777988627
0.8634559625027569
0.7061902825771911
0.8399359418651442
0.9644115202913612
0.9819806642117275
0.8167385353089912
0.7975945130564741
0.5359415252903234
0.9402847054440288
0.6795454522481397
0.9005846801981381
0.8122084492252106
0.6245374686195095
0.6994979062952973
0.9810283461509763
0.9126447011614954
0.8059648044216299
0.983052739128726
0.6290746808491842
0.7420459001665933
0.7983763902212142
0.5638640935961268
0.7758835599077669
0.7392996745936276
0.5928522252739806
0.667545366343032
0.8965588484859004
0.7140620735787709
0.6199017100870514
0.572742053165405
0.5031162133075696
0.9326822443855104
0.5731378415021797
0.9404180522269167
0.9837493794051999
0.84766308445081
0.8793331067977265
0.7558481065305565
0.7636014570685667
0.5613143329643331
0.736490790264722
0.8761015950018597
0.9302203960248521
0.8072224970513411
0.6706278024858018
0.551767747625526
0.8992897885480446
0.7318347134142309
0.6179451368830812
0.8293488610134228
0.7733288472132198
0.5619528919838495
0.7107040696144242
0.6879710897316522
0.647729522693038
0.5617102627770353
0.940365887806937
0.5203378838531658
0.5849830587854266
0.822686237743491
0.8362425855435783
0.6825215052515143
0.8525766470350078
0.5905615860251314
0.6268013748783134
0.6839835292731832
0.569303031251466
0.7853447948361456
0.8147653551773937
0.9323401600930565
0.8685620256375279
0.9063250955922408
0.6441902547638232
0.7702605319546664
0.9979280065378368
0.8062294729729
0.7740873903556273
0.5672580896867647
0.8171116636465583
0.6469598484457844
0.6053178643528901
0.7651594352729354
0.5821988044535648
0.7696227823644368
0.9139391614445933
0.9161595904468414
0.7699693880200558
0.62432567171646
0.8017103004905062
0.8993699804570646
0.8293078983420452
0.5359361780403893
0.9651999317152231
0.7361262877668886
0.6026311694171971
0.7481146688564635
0.8769408803695715
0.6467184233909922
0.8213432034109731
0.6807626688252351
0.5952931402315522
0.7984498504837235
0.9671381292193016
0.5349071239813153
0.8527536998299814
0.8998499482049662
0.9964044150999938
0.669245348716953
0.6185665949887196
0.8429375644330386
0.5776794539485848
0.9041683343666183
0.5184443865869719
0.9796833301872234
0.8235385120440609
0.9246873713556165
0.7003138696517671
0.7395340193604822
0.7563926120474582
0.5669255566369402
0.5344264168729294
0.5978239591913266
0.7816554753400426
0.6180170993446489
0.8771719933730381
0.5397189779284144
0.7584025658147727
0.5868473239559966
0.6312283002501655
0.6655086089801944
0.8529932367682487
0.5306319353694637
0.6599775849692016
0.8155868469681083
0.7198408048847975
0.5171228194882946
0.788811083137806
0.5935106632999909
0.9607418757445482
0.6210650967024791
0.5762249203600349
0.9770086210454914
0.7867620658157302
0.7358494159622475
0.9163529652696116
0.7098242228636509
0.7634752430906532
0.6744703834674788
0.5635432418638969
0.7635705397588994
0.5364980259654267
0.5562828034632048
0.720608692445164
0.811333904630988
0.5829750995983904
0.6248583110677484
0.9673274279542349
0.6877729559773236
0.7112312902562681
0.9541809396972099
0.8727537100741156
0.6683735692999044
0.6113750769412294
0.9720615924411005
0.9436164229292516
0.6507331721282692
0.923625925225494
0.501292824347626
0.6739667817891308
0.9684023447243074
0.7116683283290688
0.7714086761476927
0.9008760768089064
0.5485502991816188
0.9054875417805225
0.5523992147154588
0.6399906756430231
0.837535662889401
0.8129658256494147
0.9396816951673004
0.5992428290019237
0.6439740646271526
0.8942027856490273
0.7102166182632828
0.8922420409425204
0.6017380441881262
0.5188087674872619
0.7873147602437586
0.6256037802929681
0.6031756187090097
0.8882508029412042
0.5852588573662985
0.878423184075328
0.5703703357519219
0.9575136582030188
0.8760184698547102
0.7369747677106675
0.7676707853467326
0.8217430459947712
0.7099622712900583
0.8005989011399028
0.5300923266253259
0.5448630194930855
0.5551496777774625
0.892231546822116
0.8144350324429042
0.8386137472230252
0.7759195842060269
0.7322929886259659
0.7742539936595233
0.5157701593821367
0.5184481397819788
0.7437587230082452
0.5678235242634961
0.7656856796766243
0.5276181568438013
0.5699861183751465
0.5400675317807304
0.8739494640183307
0.5275788129104988
0.9448408502332142
0.5106173848259294
0.9567789986056241
0.7463893044240484
0.8157044646224889
0.8762855157353955
0.6134282298341291
0.5410414535004404
0.7002742147069256
0.8495125762053887
0.5131452087133104
0.5341129888959575
0.7270054813708708
0.6012704235505482
0.617298333582709
0.8355484041539063
0.503982480739195
0.595251294815766
0.6498415659917683
0.5764707221060237
0.5429398348009893
0.6423291918414322
0.6551483709948582
0.8316621198489443
0.545401586381448
0.9153300515267927
0.5925671983225047
0.8321898345424924
0.81842457368225
0.5925074581476664
0.8427233533346075
0.8644704053892482
0.9408611158850393
0.6996404224974586
0.869576668954988
0.5852126850068071
0.7208800921828618
0.7031412189477259
0.8601154885253027
0.9172473413917868
0.5871962223771539
0.6874464888136436
0.820429678165507
0.8268144524436949
0.5864230239550484
0.7036735998512953
0.6688244642549642
0.5940627311821725
0.5921728767317479
0.9073495664163187
0.5504915804674131
0.5371608835424637
0.7556409123073943
0.9272744593372225
0.7135452482643905
0.7071618762496898
0.6440035748247702
0.8805454695410335
0.8377100079970946
0.5044052736286342
0.5676463892139364
0.7881239933362574
0.5149953548292975
0.9489504867545113
0.6821947318801636
0.8029948125890023
0.8343399733975194
0.7688609622060517
0.9379995953023057
0.7628213864911576
0.9210680250282126
0.5234124523676065
0.6897027790871241
0.5839502662189557
0.6231002192890185
0.752153491608025
0.6061395062571464
0.613258828800449
0.7371843804948761
0.8340073018711404
0.5825737541009248
0.6388219878974016
0.8967928083659581
0.6554049368081092
0.5837533975921307
0.8889918784353916
0.6387662892835011
0.5523665533405666
0.9778893775368898
0.9575096234821635
0.9953165036371499
0.5749875635044759
0.683858977667136
0.7600673673526366
0.6360644604374366
0.8621251290486772
0.9634049540552507
0.9962064434735276
0.510717548001959
0.602991320323896
0.7222439023170557
0.8687261333243076
0.9207023761135946
0.6792927743700123
0.7861815921183282
0.6146346447297422
0.8534544042099224
0.6303139024511434
0.8045957575674244
0.9053645118957339
0.6507398780728493
0.9682303097567422
0.7195590143491559
0.7006434208857919
0.7628189386667397
0.7856110460534647
0.6167407962183739
0.6505186514895005
0.5499207630281431
0.7216651670530969
0.7935469848031325
0.7248409984087663
0.6806680647855841
0.8045637995960867
0.6968584531406807
0.7848565749423391
0.5876027643952664
0.65481572980465
0.5786658539985234
0.5172590199247444
0.6045589115638708
0.9508111669452748
0.5692011145175934
0.7425391964414996
0.7335943918253567
0.856068802651764
0.6914166036866325
0.5283345654060299
0.5048180663738389
0.6814433274389655
0.7385293670772326
0.8796377965517527
0.7613433988611643
0.9818667717371118
0.8490327089808409
0.5076284988724687
0.853507239687362
0.5796833040168641
0.5383503460597032
0.5157622120399674
0.5559610350794435
0.9624040973490254
0.8224327677647905
0.6397900288374442
0.5996135893159518
0.5189283036230727
0.6470652143186164
0.5766340372604618
0.5572291794587461
0.8510586841322583
0.9594291785156026
0.6422817474652665
0.5887543758800347
0.9436936032532551
0.6945452104673759
0.6047807704453223
0.6307100473227851
0.5868957277721196
0.8321730553326521
0.8316865272467289
0.9836644071286846
0.8745802076381104
0.7634767396154689
0.6439148467096361
0.5597451430520795
0.5588571069324059
0.5285701423247205
0.7855081262057756
0.6497734725813974
0.7639766418283673
0.8755713570236439
0.6918253113405683
0.7647983413519692
0.9878522548937401
0.7439226087076828
0.9511224383144946
0.6306236166216981
0.5323855961789462
0.7452644076294842
0.716469409413258
0.6391484830049323
0.5955909174191676
0.8353653512383805
0.9923498041714557
0.9225612764533814
0.596719770520685
0.7667243985551064
0.8770792600436889
0.9149630014895667
0.6063243607474972
0.6154772151431815
0.7284896087177144
0.7045408522801773
0.8178280498742623
0.6939186480201212
0.8338726764135023
0.8020673373988683
0.7583380545974738
0.6574039380527672
0.6925263469700946
0.6677259828980728
0.8983637045941597
0.9905099615190853
0.7261465548487008
0.5232922712664474
0.6244707069968225
0.6622054830957289
0.620264121631457
0.5321445683867232
0.694148646551504
0.7034952478691314
0.6421059960301296
0.8628776186646159
0.5177242583306068
0.9293621017287647
0.8707084096759004
0.900751462826382
0.8796452303976194
0.6675972565320882
0.586351873720218
0.6002247605806772
0.8671592387130285
0.9089495514337578
0.8816910654767427
0.7958387207493485
0.7734135289042834
0.9372836274826439
0.6102855243680062
0.6342846425010076
0.8845072457442283
0.8185632185705637
0.6598142079522474
0.913822077187342
0.9365768309256244
0.5467978286037399
0.7942941945124434
0.8917375091053106
0.980124257248874
0.960430787069998
0.8192810218321777
0.7200753743750518
0.873365051722351
0.5092413297975504
0.9428070273455059
0.5243996347837849
0.9582267215236915
0.6616705501394478
0.8339522488216582
0.5235982663550127
0.859794948978055
0.9515292344534112
0.7049417889359688
0.8649549874823226
0.5708203857991453
0.6024187011604709
0.9257368530989758
0.5940490260496127
0.628103191232469
0.9139287939843415
0.6988019217452861
0.7955882306990297
0.7850094419528603
0.6075713764694208
0.6930643006467131
0.732308939147659
0.7216592871819127
0.562466586328477
0.6077354091778181
0.9390519922712308
0.5793578827829384
0.500933655414944
0.5085348172786386
0.8107161923841568
0.550099788470649
0.8826924381698145
0.7412461712293588
0.5059945703386963
0.9110886990627706
0.7922459004499877
0.8945460843393837
0.5411449705230831
0.8472863967703403
0.7897746624598038
0.7011958374356426
0.7465460317581613
0.8649434545577467
0.790881652951734
0.8024597938726368
0.8900692671812919
0.6824320488287714
0.8624983055790416
0.5020757556514335
0.5672075773299028
0.7200149131076825
0.8109742807800968
0.6139609058488369
0.5274147088747285
0.7498246197358556
0.6193801072652991
0.5597678101824373
0.6487329945538879
0.6935039500773394
0.9237560413892765
0.878608576032724
0.6740064232748731
0.7806446562223026
0.8664572824093115
0.8833973846018746
0.679443824214597
0.8622083646025889
0.821606258024749
0.8324295188510942
0.990726735064914
0.7701189040688039
0.6337451537939393
0.9489058800677546
0.8843044819302098
0.561309037625189
0.9672079728245693
0.6208251332560194
0.7928088128067425
0.7779031998723864
0.6191054215723002
0.864314280658466
0.6577171732036501
0.7335894569588892
0.6074544583118456
0.7517402377721512
0.7896058120546496
0.9555558329090201
0.9393718990270594
0.977505177020709
0.7206631923963959
0.9877202816450699
0.7703469030119405
0.7775001759713576
0.6560617031739194
0.6982552955651906
0.7346923296997899
0.6056128021217521
0.9487873040757107
0.8953288342055048
0.7246022041281399
0.8383994110614166
0.6750902590175211
0.7554202872457663
0.8016961044264965
0.5752785728564653
0.9330395929450481
0.8189266813324765
0.5236407621599883
0.9621172651436828
0.655037207789311
0.8755675541004021
0.9314361384637645
0.5262715558473261
0.6512321721689076
0.724261187720423
0.7499897179717174
0.9633744434675166
0.7230818410596613
0.5326537283733462
0.7567100306455008
0.52537676538822
0.6400348034782123
0.8816470632764004
0.7278668986194452
0.9941672684221403
0.6712584456807846
0.5551092514306792
0.5717465261199511
0.6066806430153042
0.5389024798283037
0.9865557952861801
0.6375410106608275
0.9688782289359157
0.6638421800708555
0.5171107903035261
0.5601068913230484
0.7871749208586478
0.6086015658270201
0.5020923340724992
0.6552358759051444
0.9994282014379164
0.5343985225904558
0.9385053842828155
0.7548530189779818
0.539630031275421
0.9068077526804397
0.7199808223862222
0.7383530811179159
0.5419417015700512
0.5632553089187395
0.9918626339199652
0.669817004211201
0.6678030326975517
0.743017604303741
0.7663800470051904
0.6557068061026339
0.6918839313032761
0.7989291822750414
0.8998596864408765
0.9254099156906657
0.8910818796299896
0.9095939208835664
0.7033844303689916
0.5816109988311091
0.6820369031890415
0.6622608315865546
0.818229822758448
0.9871821786627921
0.6794016501425539
0.7031811270028709
0.9257669657711354
0.5733591544601506
0.560905548119771
0.806526889628956
0.865024277791673
0.6767764076020736
0.791074786972557
0.6353419673550642
0.8270882000808055
0.7828945655517835
0.749075962762477
0.5945180771938892
0.7099239398325361
0.8283093643859019
0.7260036545599746
0.6573662801771492
0.7018765793557168
0.8920719123113853
0.6703936878175696
0.6279468145954858
0.7211673004081223
0.9664602389705624
0.6981500352589267
0.7347904585241394
0.5238853713917992
0.7548617612023696
0.9521137619728255
0.9260279961946489
0.7340523085558666
0.8041820095706126
0.9743324487299725
0.7160320142998688
0.8945803004443104
0.7678796907191039
0.824379547073862
0.9402395975360803
0.7017900779267185
0.8346072351622358
0.9715487439819763
0.6266034630207535
0.9854909909073387
0.5595495274315063
0.8933479352343767
0.8462076725364714
0.7097646843550234
0.8968144529627557
0.7193958282243873
0.9103874615246842
0.8673436630498276
0.9249688759079902
0.6642755829240947
0.793197148551795
0.6181440399576397
0.8786100317192711
0.6994590450214964
0.59754450040224
0.5203557069830126
0.7772723612188057
0.5084675528921476
0.9209760742569805
0.8902724635186388
0.8656995485656926
0.8707264356981775
0.670234817426545
0.9855193862760734
0.7321156907863487
0.817185799413751
0.8616056008366959
0.9430902479401782
0.8002292906417265
0.8266416707822934
0.7589683547486451
0.5417134429953778
0.6734521427009783
0.8373285142909694
0.6545988000794262
0.6015434476809982
0.6913483920544496
0.9817849717179646
0.5107261778149901
0.8847383725163541
0.827698813810671
0.8025479906661815
0.571029663447193
0.8353560060769942
0.9203858717911806
0.7138688529440674
0.7353571948582805
0.6428002164001962
0.9374048659732837
0.6395079947820015
0.9118339047449195
0.9473571182737961
0.7133564289405367
0.8272221544724694
0.8238388109969836
0.7717091950408438
0.6797495689408637
0.5230876912072137
0.6945225170894704
0.7254282019306214
0.7557579801391281
0.9178518190174778
0.6067606533404325
0.6159620600669204
0.5128713166001286
0.5415557667237969
0.9218570033461913
0.9097386624773174
0.9126423824038479
0.8380131301397769
0.8453735819286107
0.5386868928705222
0.8132314685041818
0.9359984666871894
0.6376187815950194
0.9545385262448425
0.7097101319231378
0.9159444034357378
0.6324600174371354
0.6735211328842701
0.9356250358264613
0.7044109713535298
0.6470676870635566
0.6656242645208055
0.6804431888961966
0.5031025083035302
0.7584924600273935
0.8806602689536094
0.7211831518450904
0.9285998434367992
0.7700395282168775
0.7311683554779395
0.9724880731571657
0.5173748718161338
0.9845987030106013
0.8178189440160855
0.8157253847021745
0.7142194018199481
0.6071777697935012
0.8856990424904361
0.9266840057797328
0.9593153338126146
0.7836361573688306
0.7701601915471094
0.6140595376121665
0.7198677664585197
0.9795715461114152
0.7749837425486042
0.8653343305508399
0.7932706729011026
0.6001051173706426
0.9525420732637799
0.5060182809565217
0.6176477782588712
0.7557973187787833
0.73643241559157
0.8868306326605669
0.5538518199087306
0.6588437026936502
0.746924859404086
0.6645839634499557
0.9644804488770218
0.8232192209462634
0.9938614744104224
0.851274205612329
0.998327109263887
0.7644844888091767
0.805276590629011
0.8122713628186041
0.6176924534533668
0.9739280275551825
0.7809542862320057
0.6494921897840208
0.8452524120029375
0.8963149857794821
0.6160259025146329
0.8782640680785015
0.9555561199980984
0.5156880080327676
0.6279598852796927
0.7641349998982254
0.8043906873916529
0.995538824883248
0.9171420187421473
0.9928381965056191
0.5305898360210484
0.6045374517934505
0.658159858169699
0.755062847846732
0.9482662555229231
0.8912224013440191
0.8944703064556645
0.983821178076673
0.5018855785209084
0.5246798165892373
0.7163703563376991
0.614441237667702
0.596495796905719
0.9325800695734862
0.6474587166682898
0.6756954764413857
0.6732107568367507
0.7953053387082245
0.9342120197955783
0.6996794067533582
0.7543092156125029
0.7985324281341231
0.8152304544515936
0.6058701490267207
0.6809362686085216
0.6281154973114143
0.6303414979381144
0.590806397915299
0.5715534279349879
0.894072946847174
0.639334456339735
0.6123272828589601
0.7124613265134784
0.8760347875836054
0.5021849313046427
0.6764065098913157
0.8441925598850166
0.5633680937625802
0.96462066971742
0.5357115049898848
0.6842835788928032
0.9930041663144469
0.8938810236020058
0.5992069953625891
0.773270123381714
0.9657918926057434
0.8213569147277094
0.8022696292238758
0.5370619380146626
0.9599085403604414
0.7088869594263193
0.5619314096240973
0.8035628000085673
0.680142820400415
0.9057814779787221
0.5242877375958381
0.9695503564966241
0.7304728287615783
0.7075248807687984
0.8363634628936475
0.8393288920315995
0.895975441654178
0.9836041875489798
0.7124723782223503
0.8725283983366415
0.77309737842964
0.782641762804586
0.5384761299719696
0.9623270616934574
0.856707559432929
0.5285122625012947
0.8399012788914075
0.5746108556291444
0.7919633181427894
0.6488078916011826
0.5673066756332195
0.8092518248388368
0.919693838589809
0.859800653487455
0.7944647496392871
0.6454278747599094
0.5665257444830525
0.5269078047042519
0.849567940288887
0.915620298818384
0.5874420950236313
0.7682013240178467
0.7947495233672356
0.6700155330848627
0.7187450176821689
0.86380112655175
0.5042318210336404
0.8924876528647405
0.7718125615461504
0.6331197627595249
0.9099005604814656
0.9276098508737105
0.5234436111630707
0.740571381658659
0.7526098035482505
0.6849580431177253
0.9320030106606514
0.5513545646075164
0.928645772236951
0.9199081710081047
0.9905338692362087
0.7213872324733432
0.9049874745974176
0.7279872328877044
0.9795527988936326
0.6140488017324622
0.8741542295907045
0.997165135463039
0.8966432165448697
0.5278187706488511
0.7569914341523535
0.9267993069626532
0.6989219349308406
0.8411123707725241
0.5698140256530303
0.6648412917814192
0.5889693655993453
0.5612784527498674
0.5375390350116906
0.5717543337923467
0.8520408964451442
0.5557968902443786
0.708442918542175
0.7963856054040307
0.6408366220661608
0.9171665634817119
0.9605718665863963
0.8512336840407766
0.6964533363476276
0.7679847497144121
0.6708855701752956
0.9323720456229097
0.737469941469712
0.6234855710734679
0.7692391881264631
0.5184358044736054
0.9552720704672064
0.783272280816095
0.9917943520973249
0.6819321651454417
0.5067349073534915
0.5970002982392779
0.6603948443140973
0.7595853058558555
0.9418601519872069
0.9556586680124093
0.7054643544818328
0.5815610777409388
0.6677978654878859
0.6607657289864632
0.7172233097610161
0.7803397291745336
0.8625604833348846
0.7621869386659177
0.9843660615219807
0.5669570957808716
0.8471659882742222
0.608808030305084
0.9525384303013091
0.9723159072871662
0.5857158440761947
0.8988690001898053
0.7507108643981697
0.821098058312435
0.5757932849556913
0.7498320803136602
0.8844111207696422
0.6723890482912147
0.567236837994379
0.6664398247348824
0.6671734996937265
0.7611206415263593
0.653478076453792
0.7655455148827615
0.7532264276112823
0.7544587411466848
0.7322427362882977
0.531864233704272
0.8712830978678312
0.7104230676114622
0.5222718252395595
0.6759019907016965
0.9399156996236752
0.9211853655132798
0.8354786202966793
0.731394090275804
0.6478419481382865
0.8255277147278687
0.5341188630324958
0.8924389669039764
0.8423523581683313
0.688120834967386
0.8211151570031979
0.8178041171238657
0.6167757345710372
0.6765547381999175
0.7624068890192635
0.7922019081841921
0.8408908308601688
0.5205272686814663
0.8261659060472721
0.6968786659897328
0.9119810786928519
0.9197074400391327
0.7133103060607175
0.5799082894702863
0.8768955149183704
0.6343005665490126
0.9569050131779397
0.8678145057627047
0.6114492682362336
0.9014940792255637
0.7832189151707458
0.632478341861654
0.9723979418154908
0.6846330853730576
0.6161922307348233
0.9312376049222979
0.7753979794868334
0.6789430115287463
0.7741906132872214
0.6329489655739657
0.9005223980880959
0.5546405757834822
0.5144837013152482
0.5695672216218833
0.9118553621874863
0.8420698525384791
0.8924530306796066
0.59605367649888
0.9206030805796415
0.5522030907443966
0.821510075183286
0.8538218974381027
0.5995572196888186
0.6916602469916264
0.5330071077534964
0.898603062907515
0.6782116319780721
0.5013011732084933
0.759399957105049
0.6499757565914734
0.623845353635265
0.8429367949846361
0.5578130028628665
0.8576189672428783
0.8818820002991228
0.997090109679624
0.5776354972805918
0.5016155619515266
0.5470479304766285
0.8832473329639933
0.7805504429655143
0.9241171392621402
0.6736646535011978
0.733714189523438
0.7186687634249453
0.9194182431700856
0.8032200534008562
0.6308819714923676
0.5974484715098423
0.8501771323206662
0.7048441831539085
0.5121566068601431
0.6410867743213777
0.859998205565073
0.8595158037752635
0.5735332245328955
0.8631396713613249
0.9322925284497814
0.6143913599885819
0.8903539530487241
0.9127286643458674
0.9241048930724558
0.7766750600917951
0.7262183431174822
0.6140866141112535
0.898066405051762
0.8202187728725572
0.8422467528410207
0.8761021217062464
0.6457598814424197
0.6586722666565559
0.7565328748284167
0.9069955089741981
0.5392784572883667
0.6477333255844089
0.52765482380181
0.9006182744251224
0.890312315382902
0.603558826648487
0.6270688294022073
0.7905665852696167
0.5131507253334573
0.8337150684149411
0.709538695935041
0.9958092724236349
0.609280353030405
0.5373772472518584
0.5300217638783824
0.6138387946719362
0.7743308054015444
0.9071329540384196
0.6293391758658617
0.6793775841266375
0.5865053522957335
0.8513863303403975
0.6243760108713037
0.7782384714639821
0.6123265959890306
0.8676196104226042
0.5055694781982212
0.714280702750334
0.6657726528459217
0.8955416240430822
0.6929960251772763
0.8433333078132611
0.7730884059813469
0.9068984994380513
0.7917219764202363
0.9562068681902071
0.5881847858159575
0.6122644609516057
0.8632918007900464
0.7361760410311651
0.790171760752348
0.7478807609746793
0.876104895676552
0.5184722360923395
0.7626791466902689
0.9731792665450549
0.523787903231034
0.757245600428447
0.5779428256083978
0.8836369861869644
0.5959574826583195
0.7783018720239813
0.7064315060526261
0.8676382929407749
0.8696434124696433
0.8690003668228834
0.5335250086033223
0.5968959074786322
0.6133401824343716
0.8952855910147977
0.9731531835674286
0.5951435911573257
0.6858758398295239
0.9488994103967332
0.8148894000036724
0.5981966180904628
0.947452010066111
0.6626147672348867
0.9724922088627805
0.7955922171371603
0.597359440392476
0.9440227356950855
0.5737950247848729
0.6111760654854914
0.7422960995555906
0.8085500779413326
0.794830088158804
0.5939452115450313
0.6049869052544363
0.9548073244725386
0.9280594018378991
0.8431929746989713
0.5951481738171505
0.998094528444824
0.7039600893718784
0.586762015069352
0.6054235942419124
0.9566296278894495
0.6265774341336314
0.8761148754556117
0.8826707008362598
0.5943981059375216
0.8444533881294065
0.8824135414291936
0.5703450203031164
0.6448353898563355
0.9253369794093962
0.6188938905596387
0.8120460982940991
0.9878848468226047
0.7782802510782407
0.7586069779665556
0.7299307613976216
0.865194723534001
0.7979813501112142
0.9196301939029161
0.8646497677945144
0.6304098216271257
0.6575947686970045
0.7532531288846124
0.5984650822320176
0.6005131765025721
0.991226187916926
0.5987609805120384
0.878600662167957
0.7781360144862444
0.610067685599128
0.5925966952536174
0.8267196588117935
0.9524905414214089
0.8701116282207935
0.5691784026016428
0.6384235627833728
0.7181992212913235
0.5256276797700523
0.5912146958317483
0.6745021128563864
0.7094364678330196
0.7741495451783305
0.8346140165049387
0.8208757458814551
0.5551936543119995
0.5390573867523811
0.8887163437115364
0.7834773150077629
0.6773418056730527
0.8333126323834126
0.6957938639274398
0.8473959867462512
0.6168883359832326
0.5526580593766404
0.773542520447279
0.773975810122196
0.9100664661394526
0.627646532980096
0.6815618672203718
0.7988634990138695
0.7941761976502284
0.6987499249490297
0.523143803108844
