0.5629581601210423
0.7813845573052705
0.8049153933240327
0.8696759205151773
0.6843605729686826
0.5086700271299124
0.5188050447364527
0.6924521896621294
0.8610441621613761
0.6556343198681249
0.5949026384600666
0.8971625586966162
0.7824609125123898
0.7747957559246479
0.8258230322353289
0.7576912734929175
0.5833674596747294
0.5108611911079982
0.8214743989677834
0.7599453928318771
0.6526413433829252
0.6857311362066931
0.850380115852555
0.6527267907731227
0.8225413220131127
0.7987416166290977
0.7345382725086783
0.59842504884101
0.9995328848265939
0.5692992971614587
0.604256670448378
0.5830621629356623
0.8985625382987094
0.7616935823897504
0.5520029397364662
0.89480020666392
0.5456409175929905
0.962701465753865
0.5535358990672539
0.995095194361421
0.6609571422197136
0.9928086088903518
0.5666793805269954
0.853140709544937
0.6128351372257674
0.7408288528371376
0.5474552681552375
0.5428427956388336
0.6072526218143766
0.9391546802539519
0.9257251351777103
0.725976729267053
0.535713279866793
0.9630458464952516
0.6142834640441681
0.692502850178992
0.7115539841020662
0.5012500873238703
0.9631741045172924
0.6930384568551262
0.670808517085332
0.9748633056855733
0.5242103591476448
0.9356047017570146
0.7163096349575542
0.8948248925080099
0.6724340130280793
0.9502898253073584
0.6944634687844908
0.8341811023543133
0.8068261834494288
0.9895704569984142
0.7117108174852657
0.8708538463850019
0.795557750574581
0.602262247150865
0.734484481930848
0.5458386957684541
0.599937462525754
0.765939582283413
0.9248927146528245
0.7798932018866729
0.5836479229933872
0.9559709812140021
0.5779703670988723
0.8327976620608437
0.720828165940561
0.838983504011709
0.5785102011430967
0.600551206331486
0.6724943622023983
0.8206915006635113
0.9733287404425253
0.6826215808175531
0.9612631147230628
0.9552432359771272
0.54617975484319
0.7470633687855224
0.8121078613865609
0.7366927292551958
0.7148116205399189
0.8707638703633898
0.7032568367011205
0.8846223781816069
0.9523401333403753
0.7001845503040474
0.5974634272062166
0.7191222139792179
0.8590749016517945
0.7313983041245096
0.8245238188420814
0.5397536010775081
0.8098009027420552
0.6281686031992434
0.7930539874469671
0.7318024906101673
0.7119771483172137
0.7313150976959919
0.731144296268462
0.6418004896002796
0.8108177929772933
0.5322822077027729
0.8256181878988822
0.6690039134094099
0.9580638019014147
0.522343796091415
0.5666284684681357
0.7438982273872896
0.8248171930548145
0.8208291776858082
0.9972905147766675
0.9316131808430934
0.8409329948507721
0.6864473232208873
0.7007802379961567
0.6460347331370209
0.603362310664073
0.8680195182869719
0.6869508741192627
0.9290924576589834
0.788707120558803
0.7173021615323886
0.8140677618938015
0.6599440994021113
0.9986493512187379
0.5811762449690727
0.6511970883424751
0.6961019973580331
0.6589806472298141
0.8113612985686979
0.9136905710790137
0.7647818109865919
0.7168879796388417
0.9731848465847481
0.748014885963271
0.5675280764839497
0.5894262613431582
0.7993577641194368
0.6216952574912211
0.9799521166132769
0.7496306832554431
0.8598828437769068
0.5764516599122858
0.992073037121832
0.9088678995864683
0.9053323508540236
0.9066732620186506
0.7204422728244515
0.5556997871394775
0.817710458183389
0.7224587202685123
0.7846663950475883
0.8406667343687635
0.9085666200744154
0.9167235108905818
0.9842730265946373
0.519070268100172
0.5180897948969576
0.7105085897448051
0.681333186619842
0.9036232264789854
0.7405534251618804
0.7936783366002483
0.826634900278035
0.9239022911759918
0.7075024407876537
0.5161917629689947
0.6771719399630469
0.6993123279566471
0.9691604654522632
0.7754026239381117
0.7937345168517025
0.705099941677615
0.925851955039264
0.9649386989097049
0.7044263463756512
0.7683724338698312
0.6471607151086717
0.6746799198474869
0.9166627807311959
0.5716036767250867
0.7957146675023552
0.5814444291343444
0.9075681998242002
0.6887635890403344
0.7665075071345275
0.956729466792681
0.6909854784608869
0.6406574193558874
0.9533515441979079
0.766323524885169
0.5769980748012395
0.5089691567352972
0.8485717021065808
0.8021254655536076
0.8866351624537223
0.6061734225696713
0.7010641845127519
0.989371616922639
0.686763552879957
0.6969342672682035
0.785626570885608
0.8838171984662204
0.8195973557504675
0.5209596320738732
0.7634337282558763
0.8023494930442883
0.6880628674303992
0.7469467718061111
0.864265817133063
0.8536327406424049
0.7290915226071595
0.9416743071690774
0.5726477352443333
0.7980868319015606
0.7968917988204791
0.7945371271804502
0.9660143587587222
0.9119077852976549
0.7451896575086419
0.6154169795770781
0.8115314154960295
0.5295851693550874
0.5679559137380106
0.5106816438956897
0.7770040724457506
0.7809650093530108
0.7963253975559355
0.9345116411593926
0.5078759461417963
0.7597816494103338
0.9556795794429005
0.9696066313011682
0.9914349966251885
0.9073304496083165
0.7325819900528183
0.6915386184380994
0.517984226523479
0.8594175926790109
0.6734881404230602
0.9598880818953288
0.5433316619445367
0.7984554466741671
0.6101310197781211
0.9811111258219489
0.5561344853227732
0.5351644734623462
0.7871655294824189
0.8469954745502868
0.6743274011914002
0.5928656167089978
0.6178748296471973
0.9905553137357824
0.7971131752010447
0.6479409183385589
0.8307904592015555
0.8374128258673856
0.6855261598343765
0.9165933105434272
0.7747144502727306
0.5977702911641415
0.7634042910259515
0.942733072380576
0.85117741690958
0.8503969225388879
0.5647162321924886
0.6024013064021048
0.9343282317848535
0.9491178842080502
0.8942455372316731
0.9797277256010033
0.9382851788650324
0.9737118480878524
0.9229880840390837
0.9333328231301303
0.7622590003854374
0.5660446757605102
0.6531883060109521
0.6023138590397782
0.9061202685593972
0.8855994739773189
0.7694869903087362
0.660043705225952
0.7849506853235344
0.6823486338004862
0.667119649510328
0.5293932288205356
0.7559857025346423
0.8692786769886116
0.587621224145428
0.5595719111023346
0.7286244243729934
0.5214454066022596
0.7215890696119491
0.6091532223978209
0.8057453126035197
0.7456959244408277
0.5143503689274789
0.8818574712339895
0.7289265393429033
0.9819643625886953
0.6047434642040144
0.9304788425826152
0.7514164227101372
0.5578875420812103
0.5238563130942051
0.9050657405375095
0.9982850865517829
0.8693103415725449
0.7594909928291123
0.6932349176800899
0.8810477467281724
