0.7832357188521696
0.6149667451539346
0.845816198585672
0.8004263021255653
0.8728592245034767
0.8291386017087146
0.5335413686715307
0.5775091702010016
0.6668997123261142
0.5656469853659634
0.9483414447841253
0.68467019313962
0.7185212318381609
0.9597996857101286
0.6243695731942969
0.9932643045412222
0.8520432685260898
0.7428871093271403
0.5963375524352772
0.6992639217368168
0.6501308860725441
0.9049777848628305
0.5025401279876849
0.5751476332756607
0.6836620456267648
0.9021610710849284
0.8728285078719102
0.9270019509111873
0.7341430131588615
0.5119666459769657
0.5788661105616433
0.7904752936172281
0.5034520850838111
0.5661076097445574
0.7169212216896712
0.635001358855138
0.6722352916022452
0.8395483037556932
0.511318541973236
0.7035552354452248
0.6279643113104376
0.5175087391897979
0.7600931903979986
0.6274764671080757
0.6314313166410676
0.9654813835531566
0.5874497886799664
0.9827936691531666
0.961821003206686
0.9920335653610861
0.657527980375993
0.6245838751046504
0.5549137281466807
0.9384805992744949
0.8082128176189471
0.9296764100468706
0.5539074079947413
0.890984201571805
0.8607367231863301
0.9923294005135896
0.648522401357893
0.7139136212745313
0.6002159260824533
0.6105656927210836
0.8944343756703481
0.95692323133003
0.9295437980226939
0.6615818002975856
0.6516376122812818
0.8786558011323001
0.906569877338032
0.5548691469690019
0.8042320684149367
0.7038073459374838
0.9255245089753755
0.788450939015535
0.5041473086572175
0.7816520405620732
0.7402820835903516
0.7884055359573843
0.5241898176769307
0.9293442715509836
0.6413192155770926
0.5331032479206109
0.7625320533275834
0.6341409107092121
0.5708956904741307
0.8925065074409565
0.9520865607889735
0.8444428760166041
0.6652563665162704
0.9388227059027588
0.5518501449924211
0.6917659743624189
0.64610968237182
0.6028051786636323
0.7263830429961846
0.7912083264417583
0.6436158627868622
0.894352595345814
0.9141244402345148
0.6662181701536836
0.8401449646430144
0.7555657427799201
0.5667516536644062
0.5952743316281246
0.976464670274709
0.6836754707821413
0.8753518344634668
0.8418873327226262
0.8042471354588192
0.5078010481231023
0.5915213558835652
0.7235820050524429
0.5428900858276726
0.8148497171750969
0.5440324254084987
0.519780471111962
0.540922750835026
0.5621872791963272
0.7419022336762368
0.8552866125563732
0.6076988288747999
0.5424531569971627
0.7046866014136242
0.9520667314529864
0.6957457485570491
0.8789326465422702
0.8127484447885926
0.736505744315846
0.7916088428837377
0.6975123787602691
0.6311868730462875
0.8620783006154531
0.8519124607344648
0.9482064114826287
0.7878405266405437
0.894576010377762
0.641554120810533
0.7686120894082031
0.9610068954170107
0.6091550102210973
0.7184961493227315
0.9163322987292548
0.5623358771268122
0.7918819932992002
0.7085834931447169
0.9514181441692735
0.7772984502339566
0.6896611446321234
0.8306599293993853
0.9050027942959122
0.9537649803959154
0.8611090784085225
0.8856306316461917
0.5517308017727585
0.5319858495682883
0.9742151599981848
0.9035508314646984
0.5703271243919312
0.8497768323937218
0.6125365833836081
0.5643222342746661
0.7251388054123249
0.7876833923159791
0.7051987258442769
0.7546110036508809
0.957642442978364
0.6737291705582558
0.9004286483908645
0.9109731998313306
0.9238564842188882
0.6936711548627446
0.5079704064386326
0.625422787804701
0.7699763117992511
0.9183761255121681
0.9021770991557234
0.6075177135275092
0.6886956078430343
0.5554986339789987
0.9711485318409652
0.8891181336345728
0.6222083082697945
0.688890780217134
0.5592273276719464
0.9942174428116317
0.8488696254940766
0.6566245282441019
0.9481429794813123
0.5436252290604909
0.5372980200547928
0.9973899598248268
0.7303548708811134
0.8305231092346592
0.8621821413647721
0.9075149261580576
0.6297149849295851
0.8724462172494113
0.5103834570153749
0.7047918918580025
0.6254877675090456
0.6831129049200346
0.6262344849779338
0.5297163104981765
0.7159498685034099
0.5800746288813214
0.8229843550435111
0.9924430948381467
0.819074588882393
0.7506634867816455
0.6047094599664161
0.8250910316613158
0.7825614465795614
0.6648933345016546
0.7366414633462004
0.6332895257121816
0.9964692847704983
0.5130395224914126
0.8279141208782133
0.6422557682489409
0.892309158056926
0.5070441668579888
0.5655758945746442
0.5828386982302922
0.8156602597741782
0.527088149224373
0.8047497155005789
0.6562146563249456
0.750357603347349
0.8607037606361021
0.7839783569825298
0.6642219773883171
0.6056652958190385
0.792246251135347
0.6935815676243959
0.965025864815331
0.5955983662126532
0.6996737166541473
0.7846084611039138
0.7590449341529677
0.6755765188141756
0.9566812986369349
0.7655319260283189
0.8761371060467973
0.788763620189205
0.5856560309045498
0.844660904940142
0.8415651867322931
0.5975274134360025
0.840209010909505
0.8821603891467015
0.5593083682017688
0.5908992186283049
0.56400756843716
0.6384205125606146
0.8999287532945979
0.7322905738510842
0.6074840192291686
0.8987827266281836
0.7792009924085657
0.9699329396058047
0.9876171422389829
0.9998498439717358
0.8487483548747514
0.9759672349780936
0.5215340573337611
0.6982534858470772
0.8373404242747005
0.6598057993453902
0.718963824289311
0.9498385388342121
0.9153560047974978
0.9313563381472834
0.6897637391397287
0.7527891169716285
0.6747452555594134
0.6192100176109476
0.592661091900798
0.5319436689741728
0.5702599089071114
0.7859041361715701
0.5391301100191845
0.8990007948750767
0.6163104067379566
0.6426450759479496
0.8174182408569136
0.8450895951396957
0.5970994823757236
0.753918178171166
0.7345954058865751
0.8879076263079847
0.8268340002351526
0.8785252206527852
0.7863641239863977
0.6150499817597783
0.8865453337422908
0.5339770027851389
0.833752477589468
0.7782594686038034
0.9272371624258924
0.9421736678199039
0.7272025864248719
0.6656648985941551
0.8061499133079694
0.8521228254910889
0.7700990814489589
0.7877587500222099
0.545175634418231
0.7661610424961294
0.9785707265746578
0.7759297506389045
0.9711409881977033
0.672033682072543
0.7986354818113583
0.9374694876137093
0.925272179454016
0.5759870040798469
0.7673140481668939
0.9270800230027352
0.7935820158423608
0.6833730638185596
0.794560741294662
0.7768535525593729
0.7801375399198207
0.914736610365741
0.6590853621290926
0.7780588088505536
0.7711032567642861
0.7258007238960222
0.6987091486303276
0.9062712411583398
0.650042671280981
0.836033934250279
0.6972039469541327
0.6773653745860424
0.5124939857580386
0.9919079481809264
0.6499725656610988
0.9119865423824265
0.7053098364229148
0.694652033764527
0.9014273397464481
0.6645085340859302
0.5381153166079369
0.9136096079807481
0.6441430947816296
0.9313458031743709
0.7853852328796033
0.8845300313059195
0.5462725718299757
0.7194106599108806
0.8050770233828158
0.9580978847781584
0.9626257816915061
0.5993294221365346
0.6632532376654445
0.8933969245019854
0.7032485204335512
0.7616296807178196
0.6726418221583486
0.7283273525966876
0.91576830959795
0.8553733977078238
0.8259281549996627
0.9912735946438054
0.5488290767911145
0.8654711196479845
0.9253028610860673
0.5598605470467668
0.8374224237892004
0.796266127744166
0.9744035669935032
0.9079407959450031
0.9404876559493902
0.8621382972857551
0.815824116982476
0.7081064849562848
0.5349364734326387
0.912316877925049
0.6887523752838649
0.7169932854055512
0.7368151161932195
0.6216366099726484
0.8572824361954743
0.534668985224751
0.6130523495859721
0.7366088410281753
0.9079523898594037
0.9188850533061447
0.5397201393558609
0.947812852726764
0.7544402707907255
0.5533880310199808
0.8250327557400576
0.8130295015771676
0.9517103012480181
0.8582230393125618
0.860820777477595
0.8690657938757196
0.6076531977700759
0.517220656716014
0.8447675070843967
0.988299376802497
0.6826804276133459
0.5023701887943022
0.6332784883594123
0.5702888917043258
0.8333882196837774
0.9215455251623754
0.7283986222448833
0.6001048754653713
0.9515694464104807
0.6016657034610177
0.5563749819827868
0.8679220839770649
0.9276351856149665
0.6936942712338463
0.7764682727287517
0.8518361517626003
0.8019602747705088
0.8314089487653855
0.8513128853610883
0.6833151634813348
0.5324969730321136
0.5647484426363144
0.8240003007695336
0.8029765044602741
0.853341957324387
0.9596634609952481
0.7310448228690691
0.6598361935310284
0.5041923325350922
0.5997646041759275
0.5859687446912256
0.7590247277500902
0.924343060795155
0.8530856943471874
0.5307182549370673
0.9214874944753376
0.981368141503111
0.5816787909067227
0.8417120707473492
0.8268994916310143
0.6539862835234419
0.5663513243536157
0.6635700778985513
0.8852405486227588
0.531356582245612
0.8815041849286842
0.6171295568380724
0.5067905784334223
0.6526656966875104
0.7593708067126181
0.6717545933530318
0.8395765557242207
0.9699242007835694
0.555122248525568
0.9498689451463418
0.6645321398005892
0.6360368683519722
0.9691321589331783
0.7768647584449481
0.5001274855630282
0.8958162184920813
0.6090855792335852
0.8077019436559859
0.9036109846226135
0.6922705754484071
0.9252333765630123
0.7361303425929481
0.5550497496000022
0.7246309493816534
0.7799247971263392
0.8317681800816225
0.7976386386798684
0.9523516360663117
0.6856205493075105
0.7700553945923598
0.5108784868426615
0.5600200373568451
0.5993466738910317
0.8647118106655622
0.5933019922941001
0.9282524872811688
0.7233084775470754
0.7036733640826551
0.8487775410415583
0.6440985282987011
0.9247015864361381
0.9634743274631203
0.5042939787936571
0.7200924749746784
0.6686159710472002
0.5004340402758709
0.8746398743002752
0.5595416855541324
0.8236737461459389
0.5404460780796598
0.549127335467125
0.9368727412691373
0.7979563074653737
0.8949776625924032
0.9077631897333853
0.7727606557100705
0.9764225804697002
0.836785572800261
0.890209600972532
0.5892707680455646
0.5520167349673736
0.5470915121619309
0.6708765683685636
0.6358525823987469
0.8307250349264486
0.9708375295578984
0.9617401531904157
0.9145002084779179
0.510153602585516
0.8064763481668857
0.9835306849391472
0.9352192965835082
0.5547378316200822
0.6692012239366079
0.992523865666739
0.6034513918022988
0.7831666036860938
0.780166038204835
0.5803469882762812
0.6807963574861229
0.816100402080244
0.8317345240829619
0.9243019631855013
0.6171396732578678
0.8278007909279774
0.8598426981267624
0.8983076471813045
0.5896870813587805
0.7770753489911371
0.915239557555624
0.7998048373979434
0.6391066977978601
0.9102251039345493
0.677013059234585
0.52980647880703
0.7851331260018052
0.7015194097415653
0.7583702610480304
0.6915010499646773
0.6808776035594646
0.6882810273136268
0.6999689410305899
0.6794034220576073
0.8897043517460737
0.6244634532880187
0.667127623140498
0.7134297074596999
0.7888985018215862
0.9637547890602215
0.6766925105940409
0.7109469245940228
0.836749337063599
0.5356719033566899
0.8492047137211898
0.9301981160855389
0.5571524455404646
0.9879417802273096
0.5877830738664866
0.6131691889218489
0.7714744464999517
0.517558758120229
0.9744298163693481
0.8569864723572236
0.8635421041412208
0.7550360612709004
0.6398783538621083
0.9205460683964741
0.8288858171596669
0.9990378448514059
0.7791860659891365
0.5406033525140812
0.7966330875095173
0.5803580935430268
0.9772379496064791
0.866954160379878
0.7756377994017774
0.6179852269624064
0.5075852182209308
0.5690474056877473
0.9394253879825634
0.8932091063959593
0.7439735603834223
0.771541004051669
0.9433298525540317
0.5100326204045612
0.5928163822408983
0.6289633893167386
0.8583495925318032
0.651530795686561
0.7091913659270457
0.7003125456268566
0.8659374590187761
0.6148686562665227
0.6790123187257175
0.9183196311225744
0.6227479211010977
0.8203124226235667
0.650731476967394
0.5964158192149098
0.8353076812998714
0.7573750888910691
0.8910983503698071
0.7003758159074707
0.9069740368340424
0.6486183907555907
0.9747961500226151
0.9433719146196584
0.9574692762354229
0.8872894279554705
0.9926798862819932
0.5356453930571067
0.9715438219181816
0.7722167704140537
0.6380589469108102
0.6227275848472622
0.6753734885729439
0.9344059066965748
0.5069417743414654
0.6638952875924842
0.7808104560634491
0.9107655788151728
0.8654248991835154
0.7661270253018801
0.6663815919234386
0.9787876783699396
0.9629902737260329
0.703234940737266
0.794063317307396
0.6407558668992406
0.8320352738711123
0.9267431869350695
0.5818267486766616
0.6302808192045106
0.7806946468206613
0.6864528536617984
0.5604315071781033
0.5484477480193767
0.7395066574303799
0.7971091938911247
0.7965332283278602
0.5934577621021432
0.6294385828612614
0.5626736884969621
0.9436670788589192
0.8847263542126234
0.9555261695316147
0.821081110688114
0.5670724706614064
0.9547098936161448
0.6278093772539743
0.8031140760962496
0.5159995999030415
0.8645482606714492
0.6821046053808056
0.9685371258222351
0.5078216095214896
0.7522300129848647
0.9409870701198809
0.9854663760813973
0.939205586807811
0.8537553119941507
0.6287049413735565
0.5298042086612318
0.7060542251389264
0.7503808212092293
0.6852979206994319
0.6313672226208206
0.8548029333756499
0.5398168670834993
0.5217848520553954
0.6390667706313686
0.8762897479640033
0.5446963554909942
0.9486721224441433
0.5034111329439853
0.9943892008075466
0.8110200952437142
0.7019945108008359
0.6115426486440972
0.5911872174313216
0.9607921205810872
0.9321663020498545
0.7498382903519021
0.9438452138464011
0.7688460737661937
0.8866301822770228
0.5305769148645643
0.9578511318918315
0.6150669018308718
0.5613978375952506
0.7469778617299108
0.6192914419011486
0.6438610525821111
0.7342706555267225
0.6526671292955886
0.8337524556797518
0.5688283997758063
0.5559422502421407
0.6368089213324669
0.8266310539870897
0.9304564244934328
0.8651069281608972
0.7563535865532468
0.7096904398051505
0.5574146100284401
0.8317408962531752
0.7260322852498182
0.5190584393902522
0.9142524226832366
0.6031395156015342
0.9440717385028561
0.8869030382131484
0.665025680931894
0.9078253509136364
0.9274008179965847
0.6632922085851695
0.6440264850315938
0.8465612450170961
0.6124281517815269
0.6934462561814154
0.9048562470024467
0.5342961164084494
0.9331284299839049
0.6133991236860927
0.7555304335129189
0.6429588859018559
0.8775901523647165
0.8474661380383828
0.8808871091676221
0.6995662735406187
0.9872252781756341
0.7762481296979739
0.5466009009332673
0.9399065503823141
0.9135868553187894
0.7387071421230749
0.8167399832008448
0.8916442635229986
0.752349183915757
0.8502096822471421
0.6753169579690972
0.8188154498172777
0.7258509731509688
0.5306687790284479
0.9739671601642628
0.8904839399853586
0.8747071673189994
0.7484398051301289
0.5818203843274397
0.5476149090882675
0.882611634559147
0.7841181411225884
0.9089887845655273
0.9835763383529519
0.7166857450625763
0.7582290900789812
0.6316187226294333
0.6561015799919758
0.9757195216293527
0.6737467334422191
0.8075016973292732
0.9409768922765932
0.5588997725387601
0.552574740540221
0.8052755315567026
0.6842962578795184
0.8074433907680216
0.5363293810114947
0.7613039149616545
0.7983148282044956
0.8718151282331512
0.6066796525238825
0.802783154824507
0.7667343677721279
0.6685987014281851
0.5601667185574952
0.7460998863326849
0.56694785142988
0.6278748282137071
0.6568921269370065
0.5869030257726274
0.9402461442516465
0.8928977459750387
0.8297859263091453
0.5499277523203838
0.6183920281979949
0.6000286982074094
0.71060187362599
0.6970240455373444
0.6183900104832529
0.8105981601740027
0.5148555615572141
0.8719875083424237
0.7276311215303846
0.992202519414749
0.9775556651189997
0.6936857066894753
0.9048944306747512
0.9071509076732961
0.5379710545375381
0.7362894526049204
0.5172526210714153
0.6463592042903689
0.5726045636464558
0.9192587774923666
0.9349205565822052
0.6149599465852011
0.7068522148007261
0.7608602061357446
0.6201111742697394
0.6022185796062529
0.9251751295227851
0.5025226989492872
0.9960133113369221
0.8462166034936376
0.7428916842900245
0.6921886491453031
0.8996168628288788
0.8454768160198449
0.7917370469555426
