0.7239701652177422
0.6807352942557444
0.7548631058194714
0.5967374260016923
0.7013262825637889
0.9604210297410078
0.8923758216575683
0.5325050468661454
0.6936578282973553
0.5237511283901374
0.8961869069092882
0.6694163968357432
0.6977539774139025
0.8741062991618218
0.5424256922993392
0.7102948029091042
0.844476007212392
0.8200676223113892
0.9749104285827441
0.7710866861655512
0.8537664267415684
0.7468611493952217
0.5481305316213558
0.5018687490390341
0.5162670120481998
0.6103518967893787
0.8872264802004617
0.7649825934869143
0.5381566299764036
0.5238536462157091
0.5569246090160909
0.7349733055126408
0.9650361096173974
0.6788452319958747
