0.8374522085183849
0.5136050610737433
0.6916339079086122
0.7824578499284409
0.8046965064922148
0.981933441977349
0.5652128932491578
0.9419869365808484
0.7955628949807659
0.6590008128804884
0.9539377057583972
0.7010257964472024
0.5905389402168973
0.9940618788479874
0.8304158480913635
0.9981695809127606
0.9891318116517522
0.9134205691488291
0.5683119716239329
0.5457276242350373
0.5603404080651685
0.6340177707702057
0.6423246347873519
0.7227237643655502
0.6427644982618113
0.8445566318199241
0.5346672863729616
0.5424347187929998
0.9829623125545649
0.6826122703644935
0.6033543352785999
0.666233758366501
0.6914555562547589
0.8597925687201518
0.9326234209974638
0.9312309474519401
0.8991923448838337
0.7819063882077494
0.7928717579677363
0.6754764342480035
0.5266495558155342
0.942766398698825
0.9500591531194816
0.5795351523312366
0.5674349427321996
0.5762545308791125
0.7764207336307922
0.8900185865610932
0.543808295181248
0.7010896789039799
0.5631545927490988
0.7289486899556881
0.6532749465455598
0.7711632503734387
0.9077163354557969
0.7973454900876731
0.6504139781005387
0.8426314725967377
0.5204654868169731
0.9578612009177934
0.5063210575878669
0.7427069166613867
