0.7232749499103854
0.9539248147178028
0.7043589695359663
0.7363747620982661
0.7831869045441051
0.649638703327307
0.5261783021064346
0.7896794062568231
0.5325826800856419
0.9395811016943216
0.7393550850041959
0.969403684190435
0.900588995044046
0.6027676368009145
0.6785688437346391
0.7450963198224844
0.6877831180205983
0.9189880368082083
0.7001691903012948
0.6267457016393994
0.5319968681025571
0.6372596586435942
0.8819484092494795
0.8552544182336537
0.6439120979578572
0.5765139162198334
0.7822699161198554
0.8766539668772628
0.9631409403849218
0.6054970465557823
0.5715087550073794
0.631615816082126
0.8237143088259602
0.8802686377858606
0.9399596101527157
0.922778449218177
0.9329767503991099
0.968528666730335
0.5432942488915389
0.5362001782271053
0.7470859708450516
0.9984430840415217
0.9193976227418779
0.6974933517807016
0.9100303962249121
0.5706474728615896
0.8277452230175046
0.5388110268052372
0.6353290234871366
0.9113215792552134
0.5298703510797178
0.7401396660858897
0.8493244711446073
0.533936533841981
0.9961522240133818
0.7642331728213052
0.591550294033284
0.6498590425126956
0.8829089221495741
0.8870803674158195
0.5543121478782377
0.7103136580074225
0.891928267722087
0.6371985577698247
0.5654121919709479
0.5278757265810337
0.7589267884762263
0.9642634244556318
0.9576261451466754
0.8889187424409913
0.8208400609063355
0.7045113381675417
0.9027953456130018
0.7915131909464249
0.8936418237702034
0.9724762822311818
0.6215962751107329
0.506212519464694
0.6485649394433046
0.6979756874272329
0.7118506051845592
0.9813100983921735
0.9350500538408234
0.6452201735191267
0.7345515539377137
0.9371368866227693
0.7052895189541792
0.6425330609713327
0.8628815285146719
0.6082724902382576
0.970829805135536
0.705672427693506
0.7851598172615457
0.9526361293446581
0.8448770068690363
0.8257123230410705
0.8328953813764075
0.9108074976906052
0.8520011753298524
0.6540025893026434
0.9296797940323454
0.7635774573904799
0.6174641737922772
0.653137905932049
0.8522251448717542
0.5653286141647342
0.7507746187931019
0.67056922341147
0.5542215495276257
0.808443714339727
0.6204003510867069
0.5915201409298406
0.6764267939510076
0.8306735214732968
0.6121491031247388
0.9648172356691673
0.8183904101401637
0.6268503426342793
0.7652064359374584
0.6675942279808448
0.6486457407778528
0.5373475783934207
0.5373453195383432
0.9407073853440446
0.9134989725470476
0.64249083847712
0.9592691666085977
0.5645252434736648
0.7411616384358137
0.928975428833023
0.5792313990022648
0.6644130268587853
0.6892027742327546
0.8917332290191491
0.5237416491342918
0.5392638707511989
0.6807256800174875
0.754436430122592
0.888199032881895
0.8794481566038869
0.546913658712278
0.5379068126668409
0.7970271812466792
0.8365773798377463
0.5406743110037782
0.6720878358323612
0.6457376117974762
0.7646530850153996
0.6069822713306008
0.6389585193131126
0.7237019763045981
0.7410263086769903
0.9765011309771429
0.6429714774701921
0.912146545555448
0.7228363829392106
0.9220995425315255
0.7921363392079338
0.7595079064937968
0.6960539071378643
0.9168806320343841
0.5724974887162292
0.7089726371085316
0.961937924963062
0.5473838126424477
0.901206452130059
0.5729064996832451
0.9870934619266916
0.6555387175375704
0.9707295131319159
0.9415314989186196
0.5787716795034517
0.57897886288425
0.8333293705453664
0.9433234491830695
0.5526012810284912
0.9208284485010141
0.8105125167359466
0.9041194996958682
0.599486133531544
0.930740959607016
0.6765964025494658
0.752636152525072
0.7213786428695674
0.7971826807472331
0.9674653594720832
0.6761837365163796
0.6757745511851239
0.7408439317481468
0.6714286969928907
0.725705272314964
0.965412534960232
0.8308099908281033
0.8933084259451619
0.8569418549328536
0.7204561011783617
0.7113464291766955
0.6640477999152534
0.8742995334705497
0.667099046028092
0.6065236670351823
0.8751370440803218
0.8080301731640245
0.9590424327887069
0.851010117756891
0.6453162856644015
0.9792790842059791
0.5333912922400703
0.9743838704555918
0.5265172823950358
0.6782401157780742
0.5194088032917443
0.5456731842717755
0.9970489588352344
0.8232436603033785
0.5143137053860176
0.6423458658830217
0.8395323901017436
0.6836855412414192
0.7674537073692304
0.8360810184660175
0.7329194318885905
0.7143377517502619
0.6253789733301753
0.6644150897331982
0.9197921363273186
0.8166870902611907
0.9350190472646321
0.6065049225356154
0.639958769866346
0.8593087632680785
0.5683919604904204
0.7448601837380027
0.8157008557492589
0.9588058586737473
0.7184094094958
0.973329735492857
0.7141083324725666
0.8398865421255467
0.9247716659567893
0.7831933693243298
0.8180490885318864
0.5042707844109043
0.9612017255648198
0.5984116576470648
0.544991488066982
0.7598507628712764
0.5791017409478698
0.720261504883298
0.7155528023704809
0.5661049668355045
0.6612039007090715
0.5512432658081218
0.6982478084996506
0.7727085851453355
0.6990661949592462
0.9948554738045357
0.5195933757344318
0.7321865739885172
0.8822934910395048
0.893103043760259
0.8536555390409954
0.5038100192114667
0.8719374539578257
0.8875799248625869
0.7538193745642453
0.875452671316501
0.9957823732064873
0.8758334375318924
0.8129912673004753
0.7176943118316579
0.9343099089610671
0.9580011655829861
0.7361388103174369
0.705986542355556
0.5174062190870452
0.8291767950430466
0.8103090377324735
0.7642993871849622
0.9333223932235287
0.5085700574823835
0.5222592355078448
0.5020574383614775
0.8110668604234441
0.744356154324196
0.6058953801458732
0.8518615989019513
0.736584334955509
0.5454733744600555
0.6520471134310384
0.9138988312569726
0.6867418778786227
0.5694462661857569
0.7761384177698427
0.5377190085090122
0.6326191904741816
0.8430779498030219
0.7451615130556826
0.9777140936716375
0.7766714997750015
0.862460738224608
0.5025995809318158
0.6836065722238264
0.6890879054119192
0.8127751252807622
0.8005461913616734
0.6988614129024039
0.5957088632234644
0.7953160095433223
0.5250809682020864
0.7393094492768254
0.6492100236099752
0.5096254693091737
0.9564599969887557
0.5093220851005511
0.7724692958555901
0.7031248929772581
0.6221024935156467
0.6184928466117026
0.7420455334840875
0.7721701368204865
0.989644331188781
0.7005966041292875
0.7901262180465538
0.8263354911815537
0.8205365452150686
0.6382600848657153
0.6867128756959431
0.7479957904707917
0.6416591879329818
0.5704115444755378
0.9162426099281877
0.9763917827131539
0.924657770118744
0.5735229206854568
0.6617875759901733
0.9004887961862424
0.8152139841001758
0.6197324070213862
0.9214858981688723
0.6685704614487727
0.9031874355616363
0.9506753920874561
0.5213905102633964
0.5483630006656253
0.713365991982099
0.8916073418937129
0.7633447253878363
0.5468401450951217
0.7948010509058321
0.9493891137467378
0.6552983055321004
0.6462932383818638
0.8836824947832767
0.5708653835375592
0.5275237854757314
0.9950964180125916
0.8488508040695538
0.8492901579728652
0.8766830362684246
0.6318070801927478
0.8214454090942823
0.5681197491122114
0.8772167990737756
0.5146520522634306
0.8426990730143751
0.6503516891966652
0.6616793574192527
0.7314876348705762
0.8387842460863324
0.8960050765315652
0.5327267691074482
0.6248555889909748
0.8223857506184595
0.7321955419646979
0.8557642330273836
0.507242217998406
0.913753064249936
0.5096179655771185
0.7260075501408645
0.59194115393826
0.5692692338315725
0.9531087675171537
0.639150486757226
0.5155182774908333
0.9645449721293047
0.6362656535578533
0.5683742630127855
0.6057883536264566
0.5500593552188868
0.9246489197012951
0.8064701598587285
0.7661384437736329
0.5962404762276367
0.8622151025333367
0.5488962877589063
0.8930792052836489
0.9277461084040307
0.7431268896142771
0.9582916142765796
0.9949011324255288
0.7381767964912014
0.887428258203856
0.8223841559767995
0.6929706176027729
0.6733099090988408
0.8913091657553217
0.8555911227747406
0.9698720519982558
0.5594083165056942
0.679325206403425
0.8508131292537682
0.5361199449105123
0.8929515428635291
0.8922744479911215
0.9707597484766383
0.5659014542324856
0.5762329763426648
0.6909928634315972
0.7475155529665527
0.7699374599844073
0.5469816511058411
0.9771280968982512
0.7369321297853503
0.9928752042734189
0.8836680327969422
0.9947068118037177
0.7445979218244669
0.9860340006457713
0.6674836878030843
0.9770382751209248
0.8676073840779688
0.8255635779670503
0.6486210221365059
0.5581022774240543
0.9464671321410857
0.9862815915195405
0.7435518077819545
0.8681364184116487
0.7370682217267728
0.9297668820031284
0.9978736163108661
0.85414712379141
0.8872054321628973
0.5531019602883489
0.8496019922348178
0.8697087942872572
0.6381134098343858
0.6135949641304738
0.7875710613929137
0.6544032165761411
0.8813951729360185
0.7384460648323141
0.6050914237416197
0.9632164484393106
0.8021044567954949
0.9079569445842646
0.5271725457615783
0.6876798836133926
0.7710537361173125
0.6011676717612106
0.8326826174331444
0.89341040261394
0.7954137096689755
0.9501290751113309
0.7866164585743072
0.6444517126545883
0.6287109091245947
0.5596775490819993
0.9484104680790781
0.7939901265381066
0.9993940640779431
0.7000369471730266
0.9850221227350883
0.5150415203702114
0.7057058591105396
0.6098936921664854
0.5317026094042052
0.7718810024027449
0.6162748712731845
0.6809377274115279
0.9401737113857669
0.5016438481071943
0.6996335370818065
0.9567923075015341
0.5722770309667873
0.6517854218690724
0.520476648227424
0.8765961530318013
0.6944929357855221
0.6066265880836987
0.6250207509063376
0.5905133190044982
0.7886466809238253
0.6140591173062142
0.5422950273017422
0.936318737347788
0.7446846106461266
0.6463014372193234
0.5473431200224017
0.8300648463346421
0.6632129153474623
0.5762410297403939
0.5051862274803949
0.7315878487283691
0.6136563963996671
0.9234270917784648
0.929561393426557
0.7316067103695272
0.8010462426737477
0.7924965738404601
0.6100576906874355
0.8390701494510636
0.6553152027913404
0.8109980657746805
0.8213077584952329
0.7153795173936491
0.7426865323609357
0.8762955873922295
0.8820798860449506
0.525494456729724
0.9140194413400633
0.5030138810973039
0.9073795931724145
0.7797564417233191
0.8890652303508295
0.5656471443602837
0.6903125283338434
0.5538627965021614
0.91934003767902
0.6298344315118578
0.7699543963113159
0.6389483596029699
0.7195471652948842
0.8236111010070357
0.6697752832762106
0.8393522620252778
0.8406508017377026
0.8358623445416657
0.8090791189359545
0.7297797353488445
0.8617953704825864
0.7898373645388554
0.7443940037415924
0.882328897571586
0.5064243557605753
0.5348363008483494
0.5629655077848075
0.646717335726372
0.9950460804008094
0.8963538624092584
0.6998773078998339
0.5023595276989319
0.6726795633937344
0.5599454824247115
0.9460819978021295
0.5627150146599683
0.5678263896773523
0.6328461342316392
0.7124300546762968
0.8470107129395321
0.8715410292502737
0.9889556735072151
0.8105492637788778
0.9887379053398557
0.8397877607400847
0.9454956543224047
0.646842280816024
0.5902132333200534
0.6847656288438941
0.7213541352374633
0.5036270295284064
0.7545835485892574
0.9282158489253978
0.8044231351505753
0.6723650261974288
0.9784027743512387
0.7799635995250056
0.608156632041708
0.645392580087297
0.5289582868150877
0.7728772417225775
0.8266718833603861
0.8985326662766293
0.6350943042268311
0.8112313230208832
0.6581426394557774
0.9160883082915547
0.6877696460800204
0.566503890548458
0.8750795882503519
0.5250901617776207
0.7668930386960398
0.8560261060096155
0.8060231461042623
0.7318730032813809
0.9667312800730548
0.8108315508496544
0.8682511624254095
0.9799980365988752
0.6265486209259171
0.8103185973254341
0.8043202331348247
0.997215466220486
0.8275304279563717
0.7085524488447583
0.7311205715175988
0.7061044798975326
0.7621361781433803
0.5872899127902259
0.5142607927428863
0.9499318691329621
0.6614775838169499
0.5636704376757906
0.7182404480186084
0.905263226704748
0.9632766096750454
0.8169698415514297
0.7569918712974008
0.7915877586475399
0.801413926219148
0.57845502125125
0.901872826437799
0.9645645900096117
0.6626633999789886
0.9191504376402417
0.8801587841332985
0.9801351961396292
0.7807425335065853
0.9331910486664706
0.5163023961403153
0.9642414249140084
0.6696259510215422
0.9880525909955551
0.9070431910946816
0.7803902403193287
0.6198648035224582
0.5994001556071847
0.7706987809565519
0.9618051986890965
0.6749641027365781
0.8795342590330106
0.7665903429479586
0.5417051863255304
0.7799269583760647
0.8160267894221716
0.910101321387876
0.7913022217008667
0.9604026474938246
0.9327528935584253
0.8116449686893696
0.705146299900774
0.7200601742456946
0.6842744219504484
0.9087414423821591
0.7536548066092525
0.7842042768179134
0.7869760459192532
0.7111144727776428
0.9956443295717579
0.9531811436614915
0.7755165142039098
0.8578463104173396
0.9363685321037396
0.5709432112404882
0.9192326066976042
0.8937495628425036
0.5348979043459541
0.833136762323007
0.5912717148549973
0.7865262551308151
0.5965233019362141
0.7216041323199985
0.7563183179528012
0.6241963981974261
0.8545941917178433
0.5911502620645072
0.9940366856358471
0.5759789415861267
0.5777911416497208
0.8450487348999424
0.8293514301872376
0.5227434317932047
0.9881500473500555
0.8228044720830139
0.7141132297796742
0.8592772914710113
0.983379025017699
0.6606514256532798
0.7528896382460462
0.9331457573427968
0.6311445100250115
0.8342967247964919
0.8677746435485751
0.6261180887940994
0.680483109050448
0.7408266991507939
0.517075966298032
0.9068833654017805
0.9777063200945302
0.5452532514398951
0.8563869231065806
0.9021242600149018
0.5103673441586687
0.9587203617607227
0.7035636085205514
0.8321328366314882
0.9350070088894726
0.7235972703823987
0.6298892880829168
0.7068865349812747
0.6067881306124262
0.8645654064741368
0.9060104059748597
0.7575433699133903
0.9066898496105289
0.7482752226230005
0.6929771553306661
0.9346862772060346
0.5860561308602266
0.9342935545784943
0.8075680873995761
0.6484350791137206
0.5724538456644953
0.5458174642243052
0.8390099580806356
0.5841374014657765
0.7427567824946399
0.7658549347478236
0.7350938355946357
0.9965657769904492
0.7579758415553313
0.5981799109979984
0.7542660053978005
0.9436321579505298
0.8854179297198548
0.80632528436935
0.5272088826663952
0.6405641862392408
0.745892559744944
0.9293016717075442
0.916065210446779
0.6313608054402322
0.9271145242346661
0.8219841762225994
0.8509098688738572
0.7967348744297564
0.7340891212116443
0.6858949151406619
0.6423861885369583
0.5617310297747786
0.9488720376093046
0.9151625340619077
0.909755680392514
0.6061638669313489
0.8734080207885073
0.791414213539204
0.6187192055019811
0.5940044940922371
0.8290147265690045
0.8488926831029551
0.903379472571394
0.5260857846384355
0.6246503852314007
0.7540503243703054
0.8848809532737809
0.7740318840753382
0.7847411543907064
0.5030227911489611
0.7180021922375446
0.5498085148543395
0.5510726457605168
0.6328347286555884
0.6921978004433655
0.5667261840873958
0.8264128130496824
0.8440380605031184
0.5245321569362446
0.8784257094428086
0.8454360291929793
0.5498855117035302
0.7165010366254616
0.9681386746481064
0.8808372531305835
0.6198234102422144
0.671830212748604
0.6243911956702556
0.7651661257416065
0.8589782805722426
0.9740577592798536
0.9611574856477763
0.6249185710182654
0.9983557100429163
0.6840296832964238
0.8492088290574745
0.8439746616702675
0.9046187920993054
0.7135074950384013
0.8168787389261072
0.5980862825568052
0.5832398008140178
0.5584745054131688
0.6372594055037248
0.9940178929171857
0.6466402551339683
0.5093815362368461
0.6256722066735241
0.8385994943566398
0.8091117473050556
0.6970832965547529
0.727781709695198
0.9270443767853795
0.6059980891584162
0.6855405123802978
0.6170276121356206
0.5591331761863267
0.5044784256041381
0.6393591194756408
0.9685345895795276
0.8009397746624286
0.9881962992268498
0.9291117154660398
0.7594881403410845
0.9961772837896163
0.5549400667519119
0.7868570988738376
0.7333661420765647
0.5881432119458834
0.9643570927393368
0.7278090078881855
0.9145622122112214
0.5083705567151192
0.9983000002906781
0.8057411668930651
0.9728242918104425
0.905588027616647
0.5416397486619153
0.8866505954414874
0.7072869681350054
0.5079277453316071
0.8763262508754782
0.738461512872953
0.5919943394508513
0.9930127309359125
0.7597259142840078
0.8385200863287485
0.7933144708230921
0.8991661021362134
0.6961871233091249
0.8479096311935699
0.8356232160866193
0.6739494370699114
0.9597302253422414
0.5685140772882415
0.8828125902206237
0.7905208113777396
0.9855142929308416
0.8352971821830224
0.6622428097406636
0.650354107719634
0.7414362559184581
0.523292188612524
0.8660067887010383
0.7477552390372253
0.8129303582542067
0.5927640411771216
0.9176263634559114
0.5087521802918143
0.5760626167232132
0.854042631025622
0.7130520481570007
0.9843335305223837
0.8849612902737054
0.9354798342625041
0.7966579483834115
0.740917043283679
0.8084538885208457
0.9861677654645412
0.6619659110525502
0.6778154100977185
0.8608083277897227
0.6248335371522304
0.913741509209181
0.9054396337216447
0.9474068942898302
0.7540114082161179
0.785929747859021
0.7412954159058647
0.7774673740782334
0.8404231438574135
0.5861665992994978
0.7408154605700259
0.830102133599284
0.5484052114258818
0.9377185547284633
0.5011369671129764
0.8325429732977153
0.6491272544152125
0.5987100013546937
0.7469798489482837
0.6443077274246708
0.647105437981862
0.6362416428599227
0.8598737478212779
0.5228434765166439
0.7231676924069795
0.6083180337471603
0.615727310686152
0.5718731280388427
0.8513330386717233
0.8757376601853439
0.621723181803033
0.5690057422213486
0.5773580786992374
0.617700537534418
0.5698005716902733
0.8630948478548515
0.9154617684938
0.7157762520702768
0.8779526163079503
0.7382124881884475
0.7409470635204212
0.74734841501595
0.9952418974501382
0.7983105507842935
0.5205125510063147
0.8685492844314495
0.6176775228494404
0.6836312694360527
0.5485310497781022
0.6450493631257195
0.9005608468156079
0.6798968647327734
0.6666012711766989
0.7954802089186817
0.8837338839233293
0.6005139195833764
0.5656430398635082
0.9207692032841102
0.6641049959586065
0.7187285477957213
0.5895275161127544
0.7472918637356596
0.65854266240185
0.5075442865558835
0.7881435446061753
0.8292228312192602
0.7265303614704717
0.5008575820097585
0.7326919466267305
0.608845241876382
0.5432183470485694
0.512977413124521
0.9637378525957789
0.5314878814911829
0.7661233983695266
0.5177063952333723
0.5650963055139493
0.9203727084391173
0.8835785350557465
0.9531959625036448
0.5789324054112195
0.8245907048580514
0.913175804190181
0.907686984769692
0.5800659943458549
0.9851812866414705
0.6029727407887959
0.5828533504476776
0.8484455994955942
0.8535103727213985
0.6925901687888383
0.7876083890822576
0.5847728814478395
0.9762724840585764
0.634461479454088
0.8182828645573059
0.9203110583900197
0.875199373357104
0.623222571407867
0.5603189589917335
0.6874738122281294
0.8553981758373057
0.5109808410101144
0.7334996634691683
0.899704087157549
0.9950809250732284
0.6663314575979449
0.688241190000282
0.6193826147697192
0.9284296630985891
0.9938647206685611
0.9936528352081422
0.5719320876803349
0.8617429864984811
0.7718244775530299
0.5825771712716687
0.5570817393199894
0.7748240971395788
0.5797993728777612
0.8407873773006544
0.9075123117192752
0.5162881610860492
0.5508317096342421
0.5095893849368995
0.7502364559677246
0.9625231971679044
0.6419506128395969
0.8618250685260724
0.6659166370222092
0.8983604330738869
0.9871630612318256
0.9649639670286279
0.5106150133304399
0.5745526642754312
0.9252739045675404
0.9380579666146449
0.5787124455849433
0.6112896140751141
0.8753934156515971
0.6522982830436758
0.6356773778451862
0.9369616625465202
0.7651637021566065
0.7018630526330485
0.7483711094349541
0.9608467755576671
0.5363329085640569
0.9894192755656881
0.6193517362378254
0.8327004814963054
0.8246424219499746
0.5765328433814527
0.936544873852321
0.9986066521137101
0.637446030532003
0.8164638936220543
0.513593824689349
0.6990367117280685
0.8742896306206858
0.5407060891844903
0.5029650781861681
0.711907833679611
0.8452766266768097
0.5503474583804642
0.5425275296148495
0.5048475808593331
0.7582112837683445
0.7027357331554993
0.988181366253312
0.8191664077865417
0.9153860393139489
0.969655258514514
0.5774671652448776
0.7441370418144209
0.5749914090031858
0.7120550783596968
0.9812623723627477
0.5230597269275564
0.5764650518325203
0.5664715967069576
0.7642732189741492
0.7522577809896994
0.7202057833149834
0.8232594489104155
0.9044388158247456
0.7472646438521385
0.7937173331641629
0.6777913160796689
0.9772156218762024
0.923127047340477
0.6825272574260874
0.9062285532122368
0.8392688729764017
0.6992378996598212
0.7484629817945088
0.5465183205408586
0.7656092869317033
0.9610297427539201
0.9541807993793248
0.7661824000320485
0.6010210146087329
0.5259658743552829
0.5584524621872473
0.5573289711639957
0.695986822004545
0.733948718401063
0.5540036334570326
0.8449425737597991
0.9546307973271342
0.7010346919426051
0.9599638328929028
0.9452432709008634
0.8354866816283806
0.9405374581992717
0.6675602290794351
0.913749620643193
0.8959176926076398
0.9825193571444808
0.7938160609773093
0.5435551736705242
0.6122941225553258
0.9222055494280448
0.6634688718636732
0.8705458259120002
0.6086912305352689
0.8139739320482706
0.7774369691200191
0.5396229569821873
0.9086230463407581
0.9914524353602843
0.6472794968947475
0.773471144709444
0.8500086500071037
0.8759696736319893
0.607827466534159
0.8468203418525388
0.5535428262870373
0.9544576575970396
0.5004300347052887
0.5347865226036514
0.5534917272500499
0.743017878107902
0.8128308741397902
0.815497894463791
0.629393565029083
0.9407435724619767
0.82600134096838
0.6637661478144923
0.8589631892120135
0.6615405024613861
0.7614561345006828
0.906521077279453
0.627341854861083
0.5297571903805798
0.6809131041425442
0.986785128799593
0.7261549973588288
0.5760847230731099
0.8269967843243287
0.8299855456735734
0.6264400865008297
0.6768025749760092
0.8841971624882627
0.5138765353496755
0.9682331464637519
0.5858742428031036
0.7940470524133588
0.7955258620928725
0.7640009328318562
0.7316100402173868
0.7694802240353198
0.8370118096257793
0.8579240744289943
0.8415822845226922
0.9925043544001508
0.5870197678349065
0.5243777751585298
0.9446002629202603
0.6153052659487941
0.5646815819428075
0.8326337350033743
0.6056945600200728
0.9559372995775447
0.6692865307434357
0.676970281077929
0.9427906836553506
0.9756564243938289
0.6025892257318701
0.8666107713026108
0.8078719516441817
0.5695645786079615
0.9422757012230232
0.6504089336397461
0.5022985107380835
0.6552898364049586
0.9277199285096978
0.7868076249092639
0.6113839727644691
0.6975017199453871
0.8073088634992815
0.7548294476333968
0.9018507012371315
0.5629218714572095
0.8135211426299573
0.5172452936152163
0.8010191482770279
0.6884999245607609
0.982447360077082
0.583209133911641
0.6705118774104197
0.8605594778695167
0.7634637239537981
0.7706671294396082
0.9939606250892241
0.7998280381427054
0.6079313401029525
0.7189283726332598
0.7183700694408928
0.9650914929939343
0.887170143947246
0.6024134730329638
0.6591060177808032
0.5631726112823237
0.7122673760618261
0.9877054551552025
0.5366691335846985
0.776401770885548
0.8016969065024477
0.8033291367457995
0.6726237704538643
0.7740268353792366
0.5676487793885592
0.5037161930091975
0.8581575185107477
0.5989813731535931
0.5503191065383155
0.9589821404659955
0.7653392920743086
0.8939498477333021
0.9914873395296585
0.5586421756116005
0.5214822127907086
0.8709344766451719
0.6212505597045062
0.8167651695817182
0.7911591062514378
0.6315598147178003
0.6693595252628132
0.9287517811898016
0.7876765684397962
0.797057716137216
0.6095390354035594
0.5956818617646382
0.8242259063093895
0.7619434350333052
0.7398935950311546
0.6911053854548194
0.889574574576357
0.8678314731732872
0.9600164583050284
0.6097664570995617
0.8927262049863813
0.6877894870980928
0.5631064135431427
0.9416779005666915
0.8688724063105642
0.7091519173528466
0.984940271757333
0.5980155430881561
0.8919659899805352
0.8468033632405195
0.6186768874884476
0.6587720797775262
0.6137211163904066
0.6713888326593334
0.5288689750204493
0.9744227431801431
0.7449542554048711
0.7669455889866403
0.6549552885698304
0.8859812459781964
0.6176546675482815
0.7345948272216449
0.9653714450484774
0.9337650273659379
0.6920395248693476
0.972572106727495
0.6866205489514563
0.6254887473183036
0.9227367852059298
0.6827801015856133
0.7675450488322116
0.7538295837500122
0.70455211744589
0.814378187602915
0.8717223980770392
0.6115055691499691
0.504232546188147
0.591404049622282
0.680623989661588
0.5217477382331539
0.7674476071108236
0.9156597161884339
0.6067278294930877
0.8400801361603931
0.7711251676056352
0.5276354730769834
0.8484239828120061
0.5565616125254214
0.941066198515329
0.6686478679739115
0.8171315614554586
0.7874124274745136
0.6543200340897981
0.5616546857918567
0.9326657973549832
0.7195206675268466
0.8879001452438716
0.8795906204418026
0.8168213110339535
0.8720901433987608
0.7046471508480305
0.7072200771202579
0.9739444470174604
0.685341932049631
0.7426011557241214
0.7463369208757403
0.5226065992234772
0.6690099178578857
0.8220372916767247
0.7966819704601329
0.8764629361489913
0.7087054082877653
0.815343503657934
0.8410253535681501
0.9894709063662708
0.7997133430576704
0.7616724811029134
0.9335578922185133
0.6966898356442113
0.6142109013276198
0.69578627152908
0.5516306544341834
0.5474496653309933
0.6309051433666727
0.6148743922651085
0.6589152090602395
0.9069434776236802
0.5868090466926068
0.8211754006424996
0.6496627147372395
0.934264757779542
0.7378240933504034
0.5394038747054732
0.5365653733320737
0.5026691673907597
0.9815260490204407
0.7476485186504589
0.8688286113408503
0.8271958267224513
0.6676535943404456
0.8969011895508316
0.5057541591773037
0.8593154801871077
0.782200745591879
0.7935355685613315
0.6052385711084731
0.78982604787453
0.8440162492305777
0.6038937556540919
0.8351230590397543
0.7054751709123197
0.9959533345758186
0.8626799727543935
0.8647211366061226
0.5396402627455976
0.8171571940905955
0.8359375418296632
0.7401340434805066
0.5780238307350772
0.7307988080977801
0.6016225600738044
0.5570260825004458
0.6650417247567668
0.9004463117084922
0.5437839514206255
0.8438930968371521
0.9989885863612018
0.5956664620111873
0.7411207321500595
0.9334629879830405
0.7955199070002341
0.9266587979623329
0.5303900900011915
0.972028446437765
0.873220372096292
0.8361790066024839
0.7521504170945263
0.5026487955992383
0.6121120934718616
0.7227660919219951
0.7738854580222392
0.5643179998252796
0.8577245811756363
0.7014949681112332
0.508163483895481
0.6268736980290287
0.964414068394631
0.5693350722075179
0.6946954678746007
0.9512051074490769
0.7976998809973438
0.6760747078710374
0.6854785949698132
0.8247441943976257
0.767612660313214
0.5502356789101697
0.6508739291408159
0.5049604892609616
0.984457757539495
0.9786354553917243
0.8346728757070981
0.9946169809290681
0.9994657570858245
0.5917526739907419
0.5641548255125572
0.6417006950917993
0.5540459035376977
0.9149184379699864
0.6398484937631409
0.775460004404823
0.848784808652832
0.8929275422810643
0.7701240792518959
0.6388866005827376
0.5783434240081082
0.5272198657240523
0.9112631234986076
0.5277424897387617
0.5379941112057212
0.9709707898481063
0.7804586456904294
0.5556763166242458
0.9169771666831819
0.7719915970179114
0.968477300610981
0.6775747041505298
0.9758653274316623
0.5990493582293248
0.5664181551661431
0.8856837891796743
0.9105766047509809
0.8851838945823096
0.7209345288607969
0.6261176970328697
0.9241866011773285
0.9202679689700419
0.9604821811678415
0.6372621872303292
0.5039164774932904
0.5561674006466508
0.6277066743187746
0.7896115035422502
0.7302678160803204
0.7668778635031226
0.6630555830379168
0.9283159779834949
0.7328185715575686
0.6027056117427086
0.5248869204159712
0.5186176927126926
0.6317666820393751
0.6238088674168297
0.9663769088896941
0.7492471078643907
0.7041349521936193
0.5434052544993375
0.5725999793086904
0.7261782055324237
0.935063329875831
0.8217608684713484
0.565378712303463
0.7692460794046445
0.8925311067889561
0.5633401416443465
0.8763610481202837
0.893354171776099
0.8994732640139429
0.5910251245518723
0.9168650520910611
0.5070465995090294
0.5155811040107386
0.5314775652889812
0.6963753962682269
0.8737097474150546
0.8246647123587604
0.7655606041823446
0.6879488417425627
0.9695455675656923
0.8623059833222495
0.665533050046378
0.7004586387210816
0.6982651384856413
0.9724535356216681
0.6446606817627462
0.7524920599550139
0.6777977320504699
0.5662259051900038
0.6092029503372134
0.745590898556957
0.5467219438076332
0.6240528891481205
0.6570305522494104
0.5790382017757628
0.5483901388101435
0.5231900435975037
0.939792884578819
0.5246645223820394
0.7450628588528281
0.9512482752120951
0.5182076696258411
0.5006366840277519
0.5896297579258971
0.9730882788164426
0.5709207794478333
0.5218254770746686
0.8895525638273964
0.8153655888241387
0.5997909766398533
0.5620055959623134
0.5421037643001396
0.5338457323146574
0.9949128847457075
0.7315634204307419
0.6340066872523253
0.7355620179252105
0.8105113342943229
0.7592443991893096
0.7421340721932237
0.5517129171283714
0.5078168465795508
0.6366156636862509
0.6775993523743089
0.7832812293425075
0.8365427491707751
0.9141019096906744
0.6920721422791617
0.9610623416401414
0.9105217863434418
0.8465859679066217
0.7602265166105492
0.561891561395429
0.8368682239579203
0.8360082715319852
0.9595096058757822
0.7715020765969862
0.9265824169830802
0.8805526109804646
0.7670864957838051
0.9980206918082943
0.7266469314930692
0.8236005556118644
0.7540841241164623
0.7623315539736909
0.8962013278173726
0.7772198646017299
0.6842004785104152
0.7556485366617334
0.5224484195113002
0.7127694891210514
0.6049610032612676
0.5472754674819316
0.8963796856611969
0.8396811262772095
0.9381936607085253
0.6220043669108273
0.9255888331778992
0.7383700815007987
0.7848995799045921
0.5012357898967377
0.5445263039159596
0.884459987816471
0.5570131758642201
0.5222383518441714
0.8407190445388801
0.5332877600456136
0.7472646472479259
0.5971363437581014
0.7173228058199159
0.9361582336500763
0.5663306542028121
0.8983898747259127
0.8646061582795783
0.8398179400438962
0.8966152905963256
0.8574116998377518
0.5908420584265619
0.9042755748024174
0.6307040333669136
0.5070872103123566
0.5117614000663183
0.5969932583919195
0.9268366665381997
0.8945719097375138
0.6181185322335122
0.6510524157211143
0.9164532309688004
0.5200235033165843
0.6494916036511402
0.864597391041713
0.9265714272865828
0.927860826992376
0.7769088472629949
0.5202291779181
0.6152236219042566
0.8166981215216131
0.5801625651503202
0.9797121654972702
0.6450574015448216
0.6997693108521628
0.8641220418962494
0.966342174102192
0.9220251032997906
0.56916191387136
0.5334685706580122
0.8738006058542152
0.5516649407361731
0.7654419415808078
0.6174927089467672
0.5492192318229823
0.6829306072773789
0.6004655908903722
0.7940229730544854
0.7401899560896014
0.8017244548389523
0.8641815362226746
0.8328417852037173
0.9367157506542051
0.8891767119662525
0.9570364150735832
0.6466422080304265
0.5714336641172926
0.6005887788624799
0.6933803424581544
0.9020138843739846
0.7145808215744194
0.8123623264593605
0.888744827364614
0.8261073427942476
0.728864106210912
0.9714334155868791
0.6374808706806645
0.971339403890388
0.9230316412884236
0.596443423593487
0.5104944834277045
0.923509395650327
0.8270930479309699
0.7570868996410185
0.7816040749413633
0.5882772524851541
0.962491895906549
0.7775104195875591
0.7449776424703777
0.9676135231926865
0.527821852038145
0.7855089431006039
0.8552080390523635
0.9344253943145537
0.7973706790724027
0.5815402505013724
0.8858017817529901
0.534140253378535
0.6933935277578648
0.9440829559507984
0.606831827701994
0.6814711964840239
0.723028118861677
0.8196580094560965
0.630777418851463
0.574304652581852
0.9066104562798839
0.9167073657521203
0.9786105521446327
0.5149688637572399
0.9498681978984693
0.888198731645459
0.8863782032043124
0.8215404661953198
0.7847242724067296
0.617498496963897
0.8794995934660655
0.9569474533834076
0.5753292765166261
0.8855547130784679
0.8588966080546216
0.6664641815501868
0.8424257687794597
0.9948601126632765
0.6042727214228036
0.8266158081892556
0.6226737933906126
0.9690187453229843
0.8418425328579775
0.513505185449671
0.5321948471759317
0.6750118741273854
0.718605134422103
0.9497732152829184
0.7460532071751531
0.5736044502965141
0.6730987847931895
0.6344605340854195
0.9469258126969824
0.6303708061523741
0.7327992185547757
0.8372571280354852
0.7254402587658508
0.9866107750136224
0.6549065334685542
0.8153392732219469
0.8594755651679403
0.5695080967502978
0.7642269176344282
0.6243523109099236
0.7721299752888161
0.7795746286626514
0.9130154040504266
0.9472387829354453
0.6644084165484314
0.842592187357269
0.8367084982319465
0.8454506547840829
0.7667993876278361
0.7276969571746903
0.5358449499417917
0.9784558011505322
0.6038091131272454
0.5946652367712366
0.8267633483146914
0.728735722804593
0.6947619473181457
0.8840702167023882
0.6906608859696399
0.7186133741889249
0.5154149228772225
0.7434647596209751
0.8103844846611727
0.8244805806890223
0.969620396925859
0.8316040035282466
0.6633981239653023
0.5427253595716525
0.6088855211045514
0.5589103047178645
0.8100580828319208
0.8581723623675199
0.7676219421239092
0.706464535187767
0.7462024341887928
0.809197668230059
0.5720197151512241
0.6447215028438338
0.5226666284050681
0.5519082939101868
0.7043831814407244
0.8122601532615921
0.8503824840437286
0.8304901696941862
0.9402605537682098
0.8361543332504573
0.8881858560304274
0.7644873675681643
0.8797918742144089
0.9099246714377757
0.7147265864957557
0.5314908733807869
0.5055827215348028
0.624312635330447
0.6480021716563219
0.8966856366735829
0.6370614160732561
0.6614158597676868
0.8188342740083303
0.8233679320506337
0.7644662396287135
0.6331675425506316
0.604464500313671
0.9863605564500928
0.5268725083045253
0.7882086333185399
0.702707919901512
0.8161639558997252
0.6271540341807986
0.5510257741333915
0.9004555544880906
0.9162464603221139
0.7939468677584905
0.7791649775338376
0.6410560485829148
0.519516949726309
0.7925331744062198
0.6723758302042255
0.7370097212477911
0.7925737532047541
0.5533856229128615
0.8890184586261888
0.9490718431931453
0.872269800770536
0.9195742710541719
0.7359866282943681
0.501352718173625
0.8562559781862288
0.8719454808582561
0.5132693827538737
0.6409205124028161
0.5218590599395835
0.6151093836944417
0.5730239529499837
0.7528336063470461
0.8758985459667207
0.7729686653581197
0.6969146116010838
0.7991554711977266
0.5601851797010224
0.9648710775572402
0.6490312842837771
0.6239930363592144
0.9803367349206067
0.7817940131590347
0.6953691234366506
0.8883962962020446
0.7639621467066697
0.6505928016897524
0.881287206415575
0.9253444467474943
0.7665946502431855
0.9157207367079845
0.5615466597713641
0.6377263271623936
0.7248125755639442
0.8430761759464078
0.8385208984256862
0.9095234051985759
0.9164410386237369
0.630172062741289
0.84927962634557
0.5647805541340718
0.7653764564947263
0.6457224452287278
0.6914439954032213
0.8439986880002001
0.7110169139309649
0.5883434185717815
0.7645277229717508
0.7129043083979774
0.5729703674737955
0.7418756670426678
0.5780042021770123
0.6354538639169938
0.6725124174807331
0.8213750169680798
0.7922289495447392
0.8197661949410471
0.6035360910653309
0.5471365943810067
0.8579262348161283
0.6846456614368412
0.8677398662752065
0.7431581362786925
0.7928318411283666
0.9862507417446491
0.6524739878449799
0.5680764983912014
0.6213650737966707
0.7445865233285933
0.9154733058028444
0.6342665493561355
0.5021796464338001
0.6665507397594348
0.9240176198734243
0.8149177548621093
0.5342351853792912
0.8096021602295828
0.6989044603763654
0.8361912439602353
0.58626637403184
0.6208954417797139
0.6129223253301759
0.9831466150651407
0.928148736622544
0.7110606004693887
0.610523301586531
0.9069172522663069
0.7294996876243588
0.9985939090953923
0.923317780210468
0.9795712826128526
0.5238271881117311
0.7197505164550762
0.6317408501969624
0.9532090132371875
0.5591179951961985
0.5586364733190451
0.6054984266943862
0.9166647325180477
0.8831245259952806
0.5635281982880929
0.8761039109740967
0.9032849968729556
0.7692609784112887
0.7027006283260837
0.7635970001104253
0.7940361288551299
0.8362731805424758
0.7661018640777005
0.5756608980790006
0.7692175460906412
0.8628548828881053
0.7521671157714603
0.6409866868401778
0.7933700973605031
0.9472742721821843
0.8207976848208086
0.8998452538223185
0.6980266420485335
0.5444118378106892
0.8762938471710293
0.850996351375656
0.6187826120905371
0.6341355567978245
0.5868571429781296
0.6589936459678843
0.9680050285590454
0.9662645562960449
0.7885746161600493
0.7350767857513737
0.841695818243342
0.7483800788276459
0.691195235824748
0.7390454486370532
0.5476913456019263
0.5738197227712565
0.914602835311159
0.6083375373087481
0.884090001246256
0.642750639681622
0.8800805249700114
0.7059920381219391
0.6290273994028939
0.6723110076033971
0.5596793585315288
0.5428636425519376
0.5963190391365261
0.5781179377012526
0.7362754917513645
0.6323144116337758
0.7492342989069309
0.6102304009015258
0.5333770444388298
0.6195201729110613
0.5660982209560269
0.9377660090104164
0.8550517487868193
0.5200777598997521
0.9234320247330157
0.5713055613195428
0.6248206360735565
0.8597419373895299
0.7445273614939633
0.8120775082960641
0.8145236523311934
0.7831754624952203
0.8551439833057064
0.5615722980106412
0.9258887850786104
0.763655915594408
0.6098726265398262
0.5795314512160787
0.6145492879773858
0.5187756770331188
0.5359413771119276
0.6142605231246527
0.6084804657236557
0.7031132404029845
0.9237732384415317
0.8698446989332462
0.7991925984317696
0.6957575339919417
0.9350959790023596
0.9200178466988426
0.5615888162974068
0.8203424648474789
0.5439831039438879
0.5748515053600787
0.5848032049831469
0.5042895646796117
0.5648226413291701
0.6925034279534622
0.9818436418748013
0.8577677976035194
0.7993306974259033
0.7440147796362675
0.9519936114633586
0.5615067470074485
0.7628588913934915
0.9169317195882507
0.8865616237190118
0.6759243968045344
0.9066551459144367
0.9224984872896655
0.6575898841209635
0.8345687561174111
0.9700282213897011
0.580383860824019
0.8325733949551409
0.8190811223245662
0.664331709475866
0.6220962631088728
0.9711117807891125
0.786988189802488
0.8699127833706934
0.5555444794443845
0.5122176920893997
0.8232789112059922
0.735033721200461
0.5692503982439403
0.5072910174908609
0.7801523418673502
0.6590731587007361
0.9997830784052026
0.6724261167832304
0.6745841590065782
0.7129922497089094
0.717678636816159
0.7942884932923413
0.6453405533973053
0.764840718940458
0.5085442390855274
0.7396488848286296
0.7737668584255808
0.5034311525592187
0.7903242163183744
0.6228194909205171
0.7305265114954358
0.9607168939560093
0.943714805620087
0.9272373031888341
0.6359940943729574
0.976224683652503
0.6646975197253577
0.9443885149823394
0.5581885121328951
0.680538513301061
0.9948807498777391
0.6604308745036419
0.9434046055060683
0.6200534599899832
0.5940447754948006
0.913670552902471
0.5908181068883371
0.5423879717723987
0.8180792314606642
0.8008774359083156
0.5222719323894358
0.7432590957706483
0.7187562807836727
0.6629803554518701
0.9593923789690153
0.897934830573451
0.7265148689194199
0.6272510916561449
0.700915146741045
0.700818292466836
0.8375460128902624
0.8880658331799258
0.8684756631380072
0.6316351503833358
0.586809917564722
0.517182644597503
0.6748603082527683
0.8967721381894111
0.8342772698236768
0.7906845079886645
0.6887501762522552
0.7031867553758884
0.9933049422635206
0.9284108798155137
0.5701247014647888
0.9731126064370934
0.8169903817550728
0.9597639231114823
0.9541399765744605
0.6222812957595885
0.942103510813342
0.6687373480866261
0.9760029638250249
0.5906536310553263
0.5171159973495159
0.8073647950966281
0.5102910964870961
0.911741388510068
0.8489029530402123
0.9999399078588327
0.6907032903308238
0.8187921806421579
0.7110640443213041
0.9418893613462392
0.7885112318077789
0.512006535458556
0.986866528838056
0.7207812627548713
0.6352453390648041
0.7159325309253786
0.9152746647248171
0.7057342759908467
0.9930666322680823
0.8916334007373405
0.8861354520484852
0.500114005803481
0.7143509250655652
0.8367464992173974
0.7777338598032795
0.62228867314038
0.7686481057368396
0.7781904410824534
0.7902435805508312
0.8108072243958464
0.5874121814781963
0.5488642239829489
0.5492676268987753
0.5866941760372923
0.7440241942488877
0.6449257627221499
0.6610922493365958
0.904307937328444
0.6923149454669213
0.7500983006540529
0.7802250159538456
0.8447533703457437
0.998968256725345
0.9567854907400288
0.6051938809196011
0.6849210819188263
0.7399789093491353
0.5386947379803135
0.9517132017287868
0.7937022771769888
0.6102181792167808
0.6604583706193512
0.9940602499601563
0.5126153989626492
0.9919167695173808
0.998536830396639
0.6471911063055461
0.5776548473645544
0.7979402705911822
0.932774675656916
0.7340863150879734
0.7388918123250723
0.957675602719783
0.6108530510725043
0.9670223424841298
0.7530224154344134
0.7360321286583711
0.8389880614607732
0.6628420435242445
0.6352854831646816
0.6305894804282994
0.6124036089303052
0.7206087513224946
0.5277099201721526
0.9944538520729027
0.6506252389179719
0.854726416299364
0.6043982727911534
0.9164640448319226
0.5202966602534516
0.911510004797665
0.9072020939667913
0.5225680655219507
0.6991550155734607
0.8232354152667458
0.935749589023158
0.9060564271793345
0.7114132613147655
0.6182714036897508
0.6843167899791773
0.9064746275926185
0.5895654935544499
0.8464589247027202
0.9752984955710396
0.6919838192034946
0.5143844579663898
0.9605414407333681
0.8287647312047008
0.5596850058216561
0.7954189108419145
0.6706035349100246
0.776124583830715
0.6217077126565628
0.881527747911325
0.8136514743020629
0.5409341848189233
0.6264572295226118
0.8644113164893167
0.6302724695705322
0.5104373602364644
0.5955176748229458
0.5502595498298324
0.5201219866117348
0.608496272164586
0.5634913211797542
0.9378879006486066
0.9081855095169513
0.7731157951863252
0.5357523619095473
0.5053862428125973
0.5437316818823714
0.7189055218145386
0.7229592582326716
0.5965982009682163
0.9132714078295946
0.9971858665992612
0.8121629141658002
0.6559814183593675
0.8938176975653338
0.8051855657208322
0.6243613413273592
0.9421348065266422
0.6270007351461252
0.654983610015101
0.9404762067153333
0.7848045334639151
0.5565863384481763
0.7212440714757768
0.5768828088128186
0.5617800056841893
0.9110233879454064
0.9650657599097301
0.9141897453781811
0.6131075489807694
0.5010318644243429
0.7263500373217081
0.6829340565635351
0.8364365182827649
0.7794634399323153
0.7914350252828706
0.9322517794590859
0.8966454644492157
0.8240914706588784
0.7076292477393855
0.5434897396434035
0.7976111779587132
0.5212134588758899
0.988409005700666
0.5592773214382636
0.942334543888146
0.870834726073312
0.5051999245333552
0.9513720614229586
0.8932033343860813
0.9270706591585065
0.6882105790723804
0.9438877986542152
0.5739836232608593
0.8682579736567961
0.5773403919290563
0.8062627780028866
0.8242386117731018
0.7613994607907293
0.8224455956734106
0.5761816960129033
0.5008989684917309
0.5677173576523709
0.971402747109663
0.9496463627502625
0.8959086070017964
0.6486448234567643
0.9351656211905968
0.5694115271872324
0.6318230754131859
0.7614788787420572
0.5707376135937339
0.6693593992444549
0.7828230289611713
0.6738582423043419
0.7470789605607001
0.6179740904396718
0.9026013211528795
0.8966571362588831
0.5148783563571178
0.6834203189258894
0.5283485630837317
0.7813943517206621
0.5580821867544083
0.6405677396196058
0.9567116951969186
0.73731802307857
0.9273342634404877
0.6394448831918551
0.791457160333297
0.9275710101899868
0.8920181822479702
0.5617082773825064
0.8784966646239931
0.7820093077624807
0.7621159421652031
0.7635107330779671
0.8583418548598356
0.5539701145687417
0.5522509368445748
0.6969934321687385
0.5673439945060519
0.9655673680506414
0.5569207646673362
0.9667501518041144
0.8230481947847554
0.7470536447004635
0.9031938369104067
0.6920755773036084
0.6877505651908284
0.8635449611407382
0.8063348412808414
0.9688477489088261
0.6639096024432567
0.6969296016386515
0.6055893786237068
0.7190704632381739
0.5267343017443382
0.7149119460107215
0.5404871845762154
0.8713231645980403
0.9422866871292078
0.591811719402927
0.6974686702557531
0.5859449576123142
0.6300126516297219
0.5926242912016475
0.7109014645474163
0.6241857157395897
0.7911277722716107
0.5434694546817987
0.8652587915675721
0.879735468857672
0.7283348789342712
0.6257770672567855
0.9284767268559717
0.9798751742166298
0.9015710897257364
0.9817563531915884
0.7792487139376526
0.9268053935899673
0.917311134400696
0.7750609730533529
0.6175778590673762
0.8735498387734495
0.961251075170864
0.7976724424679331
0.5572446804898692
0.8951401961156815
0.6902048411300452
0.646175191549473
0.598676249270775
0.7609140552679766
0.7322767885705305
0.8190141064962166
0.828101122801395
0.9273952771930711
0.6486792064606262
0.9250709080631039
0.5181204499101522
0.8883074343400572
0.5052807548443549
0.8651547954906429
0.7405023038589094
0.8079613485165005
0.8098121355508844
0.7861236097191027
0.9939235348201024
0.8499801250287289
0.8561359700730036
0.7338269760440285
0.9772028372133299
0.9848771949996076
0.9329541323710201
0.7928032500462336
0.9761297313590562
0.6880723388097918
0.620539186500835
0.7631012940286293
0.9631354984210011
0.5546747750158443
0.523983064938158
0.9826833829767496
0.7756810503801865
0.6947684337676308
0.8522812434419134
0.6998200631394503
0.7191221557902442
0.9979477490592216
0.5086548547047597
0.6654367424582952
0.8265648695116972
0.9723577414087072
0.5842845030957167
0.6355208570323618
0.5297796844462909
0.7712678276315557
0.9359088606093061
0.6216082830471475
0.6030300405867577
0.5012378771629941
0.522734255814493
0.8943938716018978
0.7369488620921409
0.8966576879030808
0.7772563023232149
0.8364940074620837
0.743076006573377
0.590878738868335
0.9310218716894405
0.8104789956936527
0.6927556941282118
0.9503043880264332
0.6613646276767824
0.6524927352286984
0.6638468894904035
0.8195328024588853
0.556671515695645
0.762745667581022
0.8607742462234211
0.8307994365158781
0.6427655185987535
0.7807932685582174
0.9476930141624156
0.9927945307529296
0.9224517375068191
0.6508304787555954
0.5991316012763277
0.6422847884527398
0.5206321242443689
0.6237461228116935
0.7379789257505789
0.6418427709398846
0.5173378660442547
0.5586590898532652
0.9972358439647115
0.7109083691375964
0.606670965075637
0.6847900556282085
0.6256165544333339
0.6936443851024071
0.950513001999875
0.7287317349799044
0.6889134064696992
0.9366391630335067
0.7438275142120467
0.5590284625131738
0.9129128335473887
0.5513276646034215
0.8679010543944339
0.7402145891552953
0.8715031629858936
0.7057084463759691
0.7324651749203642
0.9395073457774434
0.6666652096951693
0.889834857707167
0.560385528833151
0.861694145157154
0.697885614457481
0.9947143745825855
0.881714985153097
0.6252966803133966
0.6911289568338851
0.7541485538204891
0.6835440245779734
0.9887001269373824
0.9711874778486715
0.693192345986691
0.7753912374832806
0.5533608168031576
0.7889394218940419
0.8445905488693608
0.8222775248853194
0.9350831639935949
0.8600659289415542
0.9562808813948349
0.8719871035284144
0.534311746795761
0.593104982201724
0.9693704753116372
0.9661264095410822
0.9877219901747603
0.8552184882820587
0.920054958372303
0.7029277020293314
0.520964922802337
0.6608919714667123
0.5515968872139496
0.9330449545806974
0.7321284532504913
0.7437104704274673
0.7161466631355299
0.797077449507664
0.8594712732978573
0.7405358887058513
0.9938086627935101
0.5301052094771126
0.94688691571094
0.7119043696664092
0.6477215660558365
0.9236568961246732
0.6904956717822228
0.7347560651147986
0.8140969786648271
0.5527683121256167
0.9555280351802664
0.6284146675202853
0.6651130583992251
0.8679668528327171
0.7258258740004276
0.7791175211968264
0.8200302538112767
0.6509156724682348
0.6056355650043623
0.6254226921184814
0.9897753071622108
0.7761641701235781
0.6705768392195919
0.6999762836429264
0.5285202495064989
0.7137782301059502
0.6345669990020777
0.8279983912230597
0.8733455230637015
0.837810324444787
0.9234575880749571
0.5561473398148641
0.7668621065813486
0.5468131488874375
0.8144170341563518
0.8607726937649701
0.8082439071873341
0.8580970111761586
0.8094978996128673
0.6386453140838193
0.6157874082026895
0.8364431826300092
0.7767438170728855
0.7432220138455171
0.7574528836200023
0.720687302959713
0.5985960053717745
0.8298133687960088
0.7821608009976733
0.8121665838536872
0.7107886889201802
0.8045016298096347
0.9092580290037702
0.8870003260470662
0.9877429379706519
0.706538495365863
0.730596683700534
0.6626720616344071
0.997442353760891
0.5234590275660977
0.7987687807230037
0.8118971526653471
0.564845911182488
0.8132137691185254
0.6423045595482957
0.7760142759541009
0.7011253071934593
0.7211309167543138
0.9823952142988559
0.5434469037175337
0.5799029505476296
0.9830442051254015
0.7525992336095533
0.7691559141591102
0.7663107208389105
0.6655346985822634
0.6481342597472441
0.5272790006750075
0.5536841208661634
0.6170200072166075
0.5538504688354451
0.7528292597223893
0.738555242269875
0.7035039304376347
0.7971679391838145
0.6083358972280394
0.8201008922878004
0.7423418681754957
0.9952229952657397
0.8165541313969568
0.5443993503241482
0.9782495329972852
0.9311071275579345
0.7210748566354304
0.9842338037954437
0.6012461009239327
0.5912227003872614
0.7937570730365642
0.5873703884343557
0.797050732272633
0.5939800204730753
0.7174718260022187
0.872918024877547
0.5093932155222429
0.6761111161406239
0.5165240840472896
0.8331354227932466
0.5040388872752632
0.947078852136581
0.7221883173024689
0.8920674917108228
0.7670642265456029
0.8407090545347746
0.6516842884620673
0.6994891514837951
0.753954616740083
0.5434358751668014
0.5426762929694082
0.8122506823012249
0.7636980298942813
0.8270133996419381
0.528659903365954
0.6799468260403796
0.5190566826043004
0.987889549439123
0.940971099835437
0.781612481417433
0.942636432403027
0.873938520463569
0.6394207221153168
0.908639130269148
0.639808621577395
0.6979353665118975
0.8165149323002592
0.5360865468175728
0.9378579014775728
0.5228039451621427
0.7518898713804918
0.9027351883352611
0.9647458584200757
0.5127894459826586
0.736328654167993
0.6029928852494189
0.7578762836225781
0.5075053846496809
0.5953593618824239
0.5463899160138177
0.7013851273974118
0.7825253018566477
0.6571910464931492
0.9168668982399344
0.6103456125430256
0.6329316339707263
0.9571327351472676
0.8223446357707966
0.6981840343565
0.8433054747031394
0.7329172677801217
0.6322288245051495
0.7976189059437164
0.9233430811971672
0.9887885788168969
0.5427944513371197
0.6661245638590372
0.8714794707843501
0.9738649823951459
0.9710984466175654
0.9655244946913719
0.7623659982153415
0.8006432686874345
0.7586715978732825
0.8158725187089243
0.8751437532258463
0.9923553776093037
0.7793296163401361
0.9158197363320397
0.5917518850125923
0.699435533526905
0.9310758340570804
0.9949830312249777
0.9071753194000186
0.5079748816332474
0.8887019115073012
0.693756872532575
0.8952373074651223
0.9324318865495054
0.761465524058256
0.6859421548494524
0.9019821139651889
0.739497965334174
0.618972324614
0.6789226106554989
0.6579301575993328
0.946198383883127
0.887654258979326
0.738870596319561
0.6472055422442595
0.5594101197965087
0.8503227738643839
0.6424023126838743
0.8380930524138535
0.7938798253465478
0.7900786394302267
0.8098957938964392
0.9592563800261716
0.9421482256305325
0.9566483981959113
0.7843657452692452
0.559122535309326
0.6535116788976956
0.8628403481355558
0.8563060654362118
0.5091279861115277
0.6166496511526044
0.7046944753994934
0.9518358721202792
0.7339039795880709
0.5082487137359973
0.9208059047901097
0.969319767334147
0.9324846741969273
0.5963074109669722
0.6939666558669904
0.6008298971464525
0.9800280363178098
0.7646722961349979
0.7605552476894903
0.6997584421761411
0.6308812157687156
0.7667807653777987
0.855186968385341
0.9524536541744014
0.6228459307559514
0.625294097406258
0.8803841411838091
0.6968821763289286
0.8545938325964972
0.6687611229892174
0.9432184978781706
0.9677169369942442
0.5014357665920695
0.9277474130438483
0.5164780749781619
0.8119604682941965
0.6590952160511521
0.9188755694278067
0.9163019149426443
0.6462234043921595
0.9219705339222978
0.672160607746316
0.9850997339073186
0.9222050240766937
0.8603444349398522
0.6670881317699442
0.6093478673364873
0.6801084992630773
0.5117088836689911
0.9948126769246186
0.8409430350259575
0.8937457711577936
0.7824431014178262
0.6239873725078942
0.9507020689499259
0.9063950639201401
0.9718655160479808
0.627341855871753
0.8316404290336235
0.6338699551643527
0.6118161093484707
0.7167322391691386
0.9779012831451024
0.6701630571457535
0.9585790863137921
0.7561245275035173
0.8662948693628303
0.7591092546738085
0.8583831323616689
0.6464139143313883
0.9486248850805061
0.5963952269066877
0.6238116390410654
0.8513618106302243
0.6803698837165547
0.9234336860964683
0.6004766027157138
0.8197742755763633
0.6543425615561725
0.643135430209991
0.8962238522911063
0.5396539274332902
0.845040678365733
0.6242245580168996
0.951243936846135
0.8590092271841445
0.9759773134582908
0.5508893793095808
0.9377631161063058
0.7758482491910287
0.9610170104444534
0.726763820104865
0.9229987122134145
0.8769083674342604
0.7835038541334293
0.6634014298288877
0.7693806690701628
0.5024106549924743
0.7295227828347108
0.59935719901919
0.9813238117420643
0.9572054116971562
0.6849064467559548
0.7933616575239015
0.5709580419689477
0.5378812175164153
0.6958537028345081
0.8449766784677114
0.8364740563569399
0.5248486170831246
0.7788855543419968
0.6489174290483029
0.5992408867682981
0.791028969075787
0.5400263313485261
0.8216723691621401
0.6147413159373061
0.5179523002251347
0.5031555005095767
0.7889337616876724
0.701316951370001
0.5860424585747799
0.8467672592955069
0.8723300985768029
0.8305305248155208
0.8395884686209355
0.6951326071970758
0.6039817464447252
0.660146478373522
0.6081882384292396
0.9803917664158621
0.8399833952773061
0.5966177830321755
0.656514595144206
0.7571774080099867
0.718793154778371
0.9722389869127432
0.6091915136770337
0.9557105722023622
0.8606456990164257
0.8667149749805667
0.6975065308746264
0.6200885435377022
0.7108621326224589
0.6427191110660508
0.8309451668073127
0.6638020232898167
0.6648998951617506
0.9111023133610396
0.8197858989128953
0.7019860845880285
0.549322120639449
0.8349759886122172
0.5244472746338327
0.7166893239775515
0.7838292082253788
0.8568756193739291
0.6848199162469633
0.6186892574536225
0.9662105254771101
0.7938969079439313
0.5062408341255433
0.7882132400645896
0.769611218573468
0.9384912416815361
0.6168187469480965
0.6368607513307271
0.8276264008543694
0.5222735762817148
0.533725572123535
0.6772648981492468
0.6661690889813692
0.9158371778359924
0.9895045105090101
0.9065058596823086
0.860127903841388
0.6704028059238872
0.98062989186491
0.6212281282175889
0.5275003467124373
0.7594474985371062
0.6155039637338853
0.7371035277916136
0.5781013979424907
0.5308200556320818
0.6746251341437141
0.6057536430957238
0.9955158053609856
0.5822950856483837
0.9609825910245495
0.5413731569329755
0.6145603106045701
0.6762465940648595
0.749384730765841
0.7995873243197498
0.814385639807063
0.7924533918540284
0.9332544743203655
0.7485416213668709
0.6123405475708972
0.6186789549609737
0.5379256439251447
0.9265979161471918
0.7728370866289345
0.5546844983099763
0.7210182854824733
0.5897387787958377
0.530919780333251
0.5364706762034404
0.9145045073644492
0.9921828857353807
0.7028670111501881
0.7526139673520141
0.9472614223850641
0.6406247146394806
0.9128993447646359
0.5546129937110882
0.5923122264311007
0.5562218978156033
0.7674226599764233
0.6103086967931651
0.7388487807879343
0.8039975256572549
0.8790253215738412
0.8439763956851467
0.8789366710094223
0.9835905512491979
0.9325949089507055
0.6984625942283009
0.550421928505241
0.5449465870268752
0.5975763239075844
0.9000573821746161
0.7573618478731359
0.5521585920890717
0.5488742290020756
0.9473918104249652
0.6217292214054064
0.8707582478520746
0.7164768969837163
0.5474693526902362
0.9282979893182766
0.7978280413558918
0.6288679550038203
0.9385566510090837
0.5968457444883823
0.6940186131999347
0.8380118213271909
0.9307904104734125
0.8260875275349381
0.7788892673854592
0.6199284152838629
0.8718464641066774
0.729841135997175
0.6294587537195151
0.9435389016840563
0.5427982042972963
0.5227608027417221
0.8078587070485208
0.6999429271661878
0.7523387463942411
0.9880893028061375
0.6750919470431245
0.8477763379552088
0.9962830270420777
0.8368358430381326
0.8603069774736545
0.912012085711972
0.7752772973787982
0.5606828787301992
0.5378747869614586
0.8811504784739648
0.5658947524279287
0.504925135421652
0.8413559469919376
0.7308924574609106
0.6497921199057026
0.7217754557209848
0.7872131433467031
0.7308585922958134
0.5789799969139106
0.7889812735769014
0.5698501092988946
0.9638985752684472
0.6325054188743654
0.9156907866456915
0.5521162509058963
0.8476499744801547
0.9780003108044878
0.9615318772360812
0.5662264596144364
0.688314213948392
0.5814606798766766
0.5101736684372423
0.698702396186073
0.6464203842504921
0.6226603221704694
0.5416643201815876
0.9730133719998205
0.8090866592589888
0.5120213526544082
0.8544279737278546
0.6268857059540995
0.5027090649021048
0.5027072891901776
0.9286987988021724
0.7116469197995414
0.7178611013013493
0.5536730536856813
0.5081237244236356
0.5273985468959285
0.7890365314501405
0.861265938600352
0.8144147367864776
0.7011125744236464
0.5013095975329744
0.6311119372963603
0.8038724005540586
0.5900341873383874
0.6714588942440332
0.6364069106813148
0.6038600367320037
0.8253914668339055
0.7181136325102557
0.8665080839818734
0.504365480938507
0.6205207900530956
0.812192617995644
0.8292442587609401
0.634970283646697
0.638210049141936
0.7665302861843429
0.7450977694632388
0.7147581793754234
0.9780498205607515
0.6712195425539915
0.5266009510330485
0.5341075618785579
0.5576914306653395
0.7331338014224564
0.711061394034864
0.7395118781765816
0.8051639331895852
0.7514579569556851
0.8816436508093431
0.886131497023676
0.8803685936139132
0.5310516078182871
0.6888473426559883
0.52868042559418
0.6943564439304657
0.6220647615347186
0.514431048359265
0.5162512347197019
0.6040093929430107
0.7096228553953929
0.5077862193076754
0.7967684390410747
0.9490048187417295
0.7812255022687695
0.9840845031054911
0.5123538851588949
0.9258619613509009
0.7408574072140903
0.5326351518128352
0.6445155181974438
0.7218645769795146
0.8748312889994616
0.956941628411786
0.7226195428076024
0.9646497237640461
0.7255294506820491
0.8432962733405638
0.6783852625226441
0.8785393200468792
0.8172914296408798
0.5956452103823969
0.8105582604313026
0.720540227761302
0.5302354243512615
0.6106970093628654
0.8806834417798077
0.5649643392653831
0.9127736391912686
0.6419677619227648
0.773806001164926
0.5308445497520569
0.6673546289808493
0.6819247666103436
0.8441617026123904
0.6574108369994875
0.7401029966163881
0.7345590399041924
0.7071407593839015
0.7828280369767469
0.8964156041696504
0.604881264359635
0.9316415536630155
0.5740626138197201
0.8751892497205742
0.8094965186981402
0.706301649851387
0.9756926141535012
0.8858775761257935
0.7669761298789388
0.5814222316515445
0.5386285013889823
0.8583765562983681
0.8864513789744544
0.5806905208730717
0.8835804570286795
0.6953738033731829
0.673645209927412
0.7744678574656642
0.7816339930927689
0.9039630396219511
0.5511201512942769
0.5458952034577074
0.8198254139146591
0.5078315728898724
0.7326334222656141
0.8843324593896307
0.6087052490202769
0.5521952251475176
0.6975725114997247
0.5979509616609378
0.6790717704643727
0.9088761385169204
0.828430419458827
0.7849998951875534
0.5957810388005989
0.8463476816583824
0.8932389661828948
0.8163672795822856
0.8918388384873023
0.5436668074125832
0.9551288018190158
0.5084052174362672
0.923028980489623
0.9990890639662262
0.9150483083862962
0.9284814590455353
0.8263444526567802
0.9482003665563996
0.5351741206704368
0.759996264297536
0.5990117076342332
0.664830869399024
0.8045308407244496
0.7394579820616312
0.837467751314861
0.8570872258955908
0.9481409173622808
0.7110360949350647
0.7256508298107288
0.7637808182822325
0.7335616865556414
0.5952300483796602
0.7131340382099134
0.8641808360564136
0.9469437875726734
0.817531244936299
0.8290530681443421
0.8835412678178682
0.7527195046706074
0.6773127398192546
0.5774758806050295
0.7724919714545901
0.6401142037436791
0.7383200495067187
0.7195754489777273
0.5510670428906226
0.6379005172822988
0.624902792942583
0.6577033053434482
0.9739310673375207
0.7351512572103278
0.8002057136402757
0.6583130122500238
0.5513290260648076
0.6319473244960784
0.73448826279976
0.7987327719512343
0.9680342123168477
0.6236208936954293
0.7902468505153133
0.7421537461686732
0.9936762079402843
0.9145446027810259
0.5796453990598114
0.8480195477878093
0.5810048932050621
0.5081231375245812
0.5667384465846579
0.9692683093865706
0.589812218869882
0.6158996638825114
0.7061512567870167
0.6317515980543668
0.9123447419316093
0.6810105044478187
0.7915684741019369
0.5499808538765933
0.7011004862252075
0.6428758406639267
0.5100469209131768
0.8321888685075807
0.6025983171899072
0.7680524991013146
0.6790116240622284
0.6628745083831484
0.908300598303377
0.6128030445324782
0.5083275757825834
0.6111841006834104
0.7520288746052037
0.8080346985564848
0.640352050457001
0.5267960941002561
0.7133398308300344
0.8628436065851656
0.9946141521667656
0.5880231751725948
0.9842169431341898
0.8567568215954724
0.7298004831552832
0.6248536602922143
0.6625284435215764
0.972790847639909
0.5962233407687412
0.5022871983655968
0.8769810489365744
0.6408646013346071
0.5241118534040419
0.7838964026939089
0.9031370943214266
0.8557340265047242
0.8207720682622718
0.7441771128618183
0.8672897990205795
0.8690212564997584
0.6243123476062731
0.7604607936808488
0.9319863301341076
0.7927601775338031
0.6222048743239097
0.9581524171262616
0.5644977815207306
0.8685150561645786
0.7744714191057316
0.6639363047703832
0.6155832753809642
0.6032169134722447
0.9787886721153616
0.7412532227665314
0.9116890446429592
0.8604956013946756
0.7185644497517611
0.9439046876883257
0.9829607504056964
0.7405582469463093
0.9891795000512188
0.5554287404320092
0.8249951785802696
0.791925081838119
0.6949482736056037
0.9616142717672786
0.8592166197522819
0.8186087876106083
0.7164143578250992
0.7286009343826398
0.7010768345676859
0.5912937445019548
0.860945953376989
0.614330894205868
0.9233547899988217
0.6850203143637649
0.732705333436906
0.8424142821595899
0.9142363211729281
0.9043172433949234
0.7032250146083898
0.738108771829185
0.9910832189847667
0.6208692162903946
0.6744490585839169
0.992293314475404
0.663010871542875
0.8114113711055913
0.9760174886155363
0.5794806925791038
0.5565646149708883
0.9039119530281929
0.9932132564933198
0.9926452545405986
0.9411892980513936
0.8340820759601617
0.7141312635303183
0.863168348485315
0.5026707367296559
0.8218807767800576
0.9785490011855487
0.9656885370831172
0.8641237634373683
0.5514947570337729
0.8406597570059424
0.5018175827199522
0.9474996475959371
0.5322174502165884
0.8489288880603025
0.9514243868892981
0.7741902919895618
0.526345973540052
0.7879398675394432
0.6740278710843551
0.6589455049322548
0.8975058365479285
0.9536421510515438
0.8464038040689565
0.6007361791582204
0.9409592733109635
0.6211976870492848
0.78837912253875
0.6434249269911414
0.5301467394625122
0.9152774192593935
0.5970446758564939
0.8026984523370757
0.9977175683868742
0.9536616071555728
0.8350937996181387
0.5603915716423444
0.9820387913727691
0.8425142555780318
0.9020736015771966
0.7366671718103275
0.723589243194498
0.8211977704048765
0.8214361670139514
0.9744833366692369
0.9612109500348927
0.5692339664233325
0.8614148751855573
0.739576359581585
0.7659887328769455
0.7122579968424064
0.9363599518682678
0.8618009893591819
0.8043947195818183
0.8088111868323596
0.5131395183151504
0.6354536004008657
0.5725658577525405
0.7221785111572553
0.9613137288730207
0.6787737563480644
0.6668053931752087
0.9722461201258012
0.5070019785923524
0.6171674074378073
0.6455649666162526
0.743641008157071
0.546837176889355
0.8938605150343232
0.807596444362802
0.6923166277091546
0.9605013914330947
0.6755645571566333
0.8544682998848792
0.9669636845170038
0.9341738702740374
0.8240838040334775
0.7472096315164578
0.7784560380483795
0.5452072338637306
0.8343009737711466
0.5631558652412854
0.795687577928362
0.5153395192517001
0.8125495585826277
0.5813890310870602
0.8946216876187258
0.5570663327235771
0.7827905950599359
0.5246910142120002
0.7093077172079525
0.7868792728578717
0.7135795223564737
0.9161939229692857
0.9410758764373832
0.9730373301271835
0.9654141839677539
0.6629758357704244
0.8480512743628097
0.5162832043622525
0.9758718756560171
0.7167928093637612
0.8971446712615008
0.8827692254093022
0.6430384030216598
0.7137356338395748
0.6947444375068683
0.8589083928231079
0.7314305929645674
0.8152495902854171
0.5933777617323631
0.5706661231802705
0.5636339151040071
0.627451289281185
0.9391083415347643
0.927514985443953
0.5969706473592369
0.6341627846623992
0.7872368059813215
0.7627478720694971
0.5467763307590319
0.7565630869738866
0.9389652015651528
0.5725662862332292
0.846537237481539
0.7225340201519351
0.8129417819964786
0.5501147481118849
0.7488701188015726
0.5315308068379112
0.9600720953330233
0.8449539575650775
0.6485871889532093
0.6195322884641248
0.6039084044547365
0.8516062612206392
0.7379463028135286
0.8011935168396549
0.9820472237485787
0.763495274170082
0.5687858018171498
0.8675173095618689
0.8722091842568999
0.9844666861143874
0.7202381731001336
0.6476823633727282
0.8973149985872662
0.8425231652586394
0.9233721471371786
0.7174343865646666
0.7839135474637156
0.8084316998048866
0.7101613153558373
0.6081067805787973
0.5064763283249727
0.5368230913807
0.8479610153932182
0.9351485065225877
0.7224668445747882
0.6284236673821226
0.9119110917901099
0.8422654608230995
0.9080259659543859
0.8926133579246289
0.7613547867618171
0.5587143830663983
0.9965449809639448
0.7639527589869701
0.624582248944624
0.9670146965095838
0.5649683757723478
0.6255729193233377
0.5740806096066022
0.9357709002004462
0.7798363096536762
0.6989426310131363
0.6471083825364725
0.8623212762864301
0.8989265676059822
0.6375651339758174
0.8438120709399606
0.7895210472823095
0.653107105623283
0.516471115484533
0.5534020034103306
0.9100162786117881
0.9338245596815922
0.643394613144838
0.5700771302172902
0.9198888268898779
0.6557216044881
0.6003728977823439
0.9700008609363304
0.8611013250820659
0.6545546204220861
0.6512147680968186
0.6829571377332089
0.9699473233047322
0.9426283592973808
0.6230395316158313
0.5927084572688714
0.665584853964327
0.7612589837276653
0.6268289920173709
0.6666113266345423
0.7817718191981315
0.6520288133870382
0.7560925406563976
0.9987611083016827
0.8987397096133217
0.5360773414552216
0.5959512552552786
0.599814728932896
0.5667863225904655
0.5044229202069941
0.6091455087585776
0.9320343201587424
0.642195684842124
0.90689063702188
0.9605760781979784
0.8925454079651437
0.518293308554475
0.5546860471770805
0.7318785517733535
0.631310927589591
0.768395280831532
0.6523924405617656
0.9481557404986178
0.5032480686650476
0.7754905982867605
0.5076392577988833
0.9011757048625055
0.7812804289769909
0.5778478039316688
0.5809997242779366
0.9633961823872695
0.5219292976316012
0.9217858592060737
0.8069158060218733
0.5934126586672177
0.9166765035711107
0.7659895424812138
0.5605226428362071
0.8033434933129013
0.6222835785052825
0.9317012439757411
0.8448088138090514
0.5295159518667759
0.788911323979071
0.556290845843241
0.5639214682241607
0.5927953017880723
0.7943179069766035
0.6344222873893066
0.7490941641310045
0.6160888615000933
0.8678128351583948
0.7962902439909159
0.8789134138438899
0.6945179092670251
0.7445269309218543
0.8234438491031137
0.9269053074179326
0.5949227071416847
0.9215841545249056
0.5533387720111533
0.8291055046885301
0.9790255340564863
0.9943987027324643
0.5717279472399825
0.6450678682291966
0.7445173531643643
0.5853738809695714
0.6047653240260681
0.6197812167784096
0.9512527344942593
0.9034367813653676
0.5219527093352838
0.8211966131793507
0.9826009477649378
0.7624298603481685
0.9457788317773629
0.6285417312064223
0.6864308467575517
0.7254481858381769
0.6706846943728064
0.630438302319041
0.6040944709024597
0.6491298309996324
0.7228348222682226
0.75549582967251
0.9991135674955354
0.8535588497371875
0.5794193822023714
0.7893306895347758
0.7132412086437576
0.877510387424351
0.8478856424690864
0.7444241968684706
0.9508792663889309
0.9817784854471205
0.6820992858196826
0.6752221118096468
0.931172426832456
0.7012510932624157
0.9435059452905195
0.7143021377197425
0.809768644262975
0.537843316732237
0.8762537483276548
0.8489453874478715
0.5915534428964528
0.7509010625090858
0.6473062274690489
0.7367591667296823
0.6688469964269549
0.6859687381231032
0.9903632638924404
0.9728302360987553
0.8488694159097154
0.572778153730561
0.958528256197704
0.6442324559384414
0.8372724716694159
0.6068080113166683
0.9961746538166122
0.5141176572962963
0.50912027533479
0.5538673969145529
0.6999417248400044
0.9711897919564121
0.6527120678147005
0.5169292751216794
0.8647533036579659
0.6821449555849141
0.7647169352843228
0.5192550828389318
0.5471601359471274
0.6610072971452269
0.8328595866030644
0.603417635899365
0.5627786384441761
0.8089709595202589
0.9436772632730646
0.9073799447296559
0.8997397902581044
0.7371365818563629
0.5618002430601077
0.6194543050114899
0.9673562279345291
0.5838073591750803
0.995160652675161
0.8126788027916397
0.6253766861644243
0.5386663829991745
0.5983355151080072
0.8881097081424019
0.5811487385497881
0.5690891473966135
0.9599292991113002
0.6318322721136427
0.5759572427160083
0.7196513855705655
0.6956655819006146
0.7760749146403001
0.8516506990664438
0.616942159477849
0.7058029053520867
0.5029908626220347
0.6494389559382976
0.859100766839028
0.7711734315105547
0.7044993795981029
0.6608198068352302
0.7907962891700913
0.9983831900811198
0.5109592876371815
0.5216060979670658
0.9640251784402993
0.841367500651919
0.6047318732099418
0.7020919593255651
0.8282925092561902
0.6190121365828837
0.5563991952283631
0.6086537031388176
0.6802085135970501
0.746536517297782
0.7941362099161811
0.6885582000069232
0.5547281717745763
0.5698803163224403
0.9455550594326967
0.886783946643135
0.771778535737154
0.7254202556563936
0.8177719729853827
0.943337732693228
0.945507880599824
0.8616730727916566
0.5396736863839653
0.7613824278634581
0.6846025697000828
0.9218787972981498
0.675705726050128
0.8369713558298584
0.8992571357066151
0.813257156085064
0.5628578868408193
0.9740489486789633
0.531370026100398
0.6095391298119646
0.9986922326239133
0.9312922184825205
0.851773049027567
0.8760430232278846
0.9671190473734372
0.9698535960738839
0.5649719857596356
0.8488067983000966
0.5970381521194004
0.5947941750931435
0.7580244935278655
0.5169368614396488
0.6338248725694369
0.8981753228488621
0.6928664797537878
0.7738871238116424
0.547491244851918
0.8609308328135784
0.9970965932138602
0.5602626128285488
0.9899646077716975
0.7641074081977426
0.7441709913135253
0.5683135263310116
0.7776222098236172
0.8137669823117767
0.9560245971677781
0.7232391614499771
0.7031385821513227
0.5206367476046445
0.6124662706047866
0.9200140661835837
0.8849308785456581
0.8891113202903735
0.9196259107616569
0.696844854937331
0.5722165898535958
0.8514396329307472
0.9480855247715256
0.8541875959216677
0.8472330532579087
0.7261259439710654
0.703150041019364
0.8570064796786554
0.9943207003403537
0.7957524797746056
0.884793864488888
0.8982676566614767
0.7158494464290159
0.5942168678183196
0.9069089253986644
0.7895560530398381
0.5777132168964689
0.6052154608486559
0.8851297677181773
0.7049623977922602
0.693828569631461
0.7462706594263864
0.9075234448799061
0.8857242057705188
0.8515160454787969
0.9773943244771022
0.9803934432505598
0.8518067235133291
0.9991555575765366
0.5785676208916797
0.8981923080846531
0.6415117342970666
0.842721864777219
0.866127923392294
0.8014329121486032
0.5585813199896019
0.7632945845685055
0.556687750679026
0.5754945150903417
0.7904485405502748
0.9722160817473874
0.8227235681440992
0.7234617455435599
0.7989293516792189
0.7988949353393712
0.9454608101248525
0.8354851334918314
0.7316448173153596
0.6008149744325628
0.9970700323930883
0.924605232320242
0.9310761112333331
0.8063244509577918
0.7834440507315693
0.543569113971287
0.7264014080733567
0.696526123429072
0.8640958787819613
0.651945302023624
0.583556199128531
0.7506426817412617
0.5202186327193967
0.9545788208904633
0.6223255313621436
0.8121321998919051
0.8669088657547213
0.7570370925010389
0.9835533835095172
0.61161940453035
0.9709668131434281
0.8984027152871273
0.8846507115339215
0.8180363424035264
0.8298936056558355
0.5955530176466155
0.7671254953164139
0.5858794406087335
0.8709867965055359
0.5705332058316643
0.937784565532013
0.5556210337652527
0.8392354324706124
0.8903039987069374
0.6170222147266488
0.7688899549828925
0.8150197651493327
0.8078694416182932
0.9162151600226066
0.7927558914644379
0.774880914215621
0.9523101389651687
0.7659102724553095
0.7653944985876926
0.6262915521977876
0.7150441168372519
0.598239676188589
0.9987686200442025
0.7274620098051849
0.9162319726948476
0.6652171549270918
0.7632473459307936
0.5872556154109587
0.6008969959499761
0.5288131921293755
0.7369885540167319
0.9613980696133939
0.8006340851039206
0.7748191745572715
0.8122030748956862
0.9763568955760609
0.9527131452212776
0.8108728349948978
0.5353853581105898
0.6390403414561383
0.9153999062707681
0.6769135976853362
0.6072557054158515
0.9464828855697064
0.5224419319469985
0.6998250399441424
0.7686761096537369
0.7340768404797702
0.626032246900053
0.5410052475841474
0.6275916387074185
0.6098121755529848
0.7827172049609727
0.814701767279361
0.8978444667336665
0.5922885432624654
0.80982701519137
0.7647002060431625
0.6267432400523791
0.6484657193956194
0.598473602297082
0.8919594517508385
0.9062985555496406
0.7074228659877961
0.7153583036217466
0.5049413357628938
0.8131438786684416
0.5139338539628705
0.7443761036688101
0.839228402600221
0.8429664634696404
0.8623960464825456
0.7225997883772419
0.7717623038349312
0.9781134854709264
0.7832617120398434
0.6053853321852535
0.6666897343609433
0.9099658843659484
0.7744615785859482
0.8882557030373505
0.6746007853949387
0.9346839144594478
0.9530596208489899
0.7794311282565662
0.6386702416822454
0.6683819222113413
0.7149087617514976
0.9739381572753738
0.8610342069435463
0.6947176563329804
0.5971476585565965
0.724306023503396
0.5399583148666288
0.5243830826231886
0.658812592405913
0.6351583114380751
0.7850653264129146
0.7487775899634216
0.5774774967514749
0.8362427623787292
0.9180425987889606
0.6537317811555349
0.5551589647227313
0.6471298069373513
0.539526330971672
0.6299648075283912
0.5339736248019855
0.8264618444495275
0.6706319902282241
0.8580375372360238
0.5846662967209171
0.8134969418503
0.6991734509895269
0.8283972167686379
0.6923640443075845
0.9598117863612055
0.6684802344350234
0.6260566330142956
0.9014223569792563
0.7285620654326932
0.774228918915379
0.547207986178617
0.7289924600690612
0.9204112441002734
0.8627940481599323
0.5247137499558766
0.5022075583741421
0.5468630841024427
0.7964393281581039
0.605003587299656
0.5803257513916609
0.9738601240583538
0.999995494798253
0.7830698350170894
0.5952739814904497
0.9028938266534192
0.6866581801008491
0.912395392339152
0.6589574886090139
0.9986353765721252
0.7021737350495465
0.6264183561122116
0.899969877913829
0.7631174755214266
0.5868921222231662
0.7602157453929184
0.8248911720141655
0.5233148060590789
0.9470889779859512
0.620651403377624
0.9489839742588773
0.7966865890217916
0.7697532575998572
0.5852025767015657
0.5657926304806279
0.9058616389956644
0.6087335062850632
0.846334120689731
0.7916141729236679
0.9892599097523385
0.8474125737652262
0.9047541042241184
0.8210292054810893
0.6586376053738284
0.5824896183142347
0.7621927198921208
0.6222176513555915
0.6144982378473302
0.5132317873404113
0.5976054110398512
0.9033484884186732
0.8861926198009448
0.8977290205714517
0.8263108491715586
0.9664004125507389
0.5608987435215433
0.6656254835131044
0.5448970466054259
0.7055777998271691
0.8259396980997302
0.9615097812975193
0.9050962914495158
0.9552862008800469
0.517318818503159
0.7152012073838252
0.5479381839694876
0.5480568834027689
0.9953179315770638
0.6493843059844995
0.7133976495629242
0.6625250436968987
0.8107994286627513
0.899288593945825
0.5300938015181531
0.9737550023624039
0.5441920418043315
0.7219930415139311
0.8842569804165217
0.5304768736357086
0.612655229319905
0.9537960327198225
0.6765196204970259
0.8139491250107497
0.6181561524297077
0.5982275481928969
0.5107922795636501
0.5992701389602588
0.6170374426216201
0.8465514367796205
0.5897743629601206
0.6343583718480013
0.9654657510713918
0.8501384209030598
0.6031042501537853
0.6693784550775541
0.7207003590907013
0.6479183446309884
0.8806367566316256
0.9368227175224796
0.8592580751304337
0.8972708903022119
0.8124738740069719
0.9058798827322925
0.8355998445916797
0.8259828051933873
0.6660751257668867
0.850235788141352
0.9111255245719472
0.941291497953831
0.7736062764755807
0.5961996693062173
0.7274648453190513
0.5614598937696367
0.8549010196315752
0.765754531911807
0.7241476217344733
0.5664812368186991
0.5745046210269839
0.5769300042015373
0.6354884685990438
0.7213292116482355
0.7604254297339845
0.8143268346264753
0.6442438500846859
0.541402726877132
0.9100127841937099
0.62108178692724
0.596852614430673
0.7864365282498551
0.630672502809226
0.9876352121894488
0.9691794242839327
0.5532372066981781
0.9407103453999506
0.9436153028469394
0.9973961576312464
0.858525089966666
0.7452683985726472
0.655448966530467
0.7467327934568577
0.9559388340685898
0.918583523621544
0.7009736033607044
0.6383756000695628
0.9536225891612984
0.658367129565899
0.6718785145791157
0.9291130998862495
0.790489389654661
0.8707829954842234
0.9806337098969934
0.5745830402783638
0.7792455110232721
0.6031622149158182
0.9428795522791977
0.6232899979196916
0.8227233583975944
0.9678858308719451
0.6899487227698061
0.901070874044356
0.8951309932607886
0.6317821453599552
0.9985635245294193
0.9788128238975696
0.5435582618885317
0.8841969131227976
0.6055297287144529
0.5024400226042023
0.7147150755555506
0.7359823142381263
0.6989294693724627
0.7882257380668922
0.6358238672176744
0.9188341586620774
0.8346776132188818
0.6775522297036071
0.6887493311018138
0.5535983397575137
0.8114028977577032
0.6862374491871228
0.9047857860828015
0.7590396232057208
0.8741208160107075
0.8008734086870621
0.547084792362247
0.8321280235825417
0.9094529452533524
0.6855806514217302
0.9364913417623337
0.665174031713955
0.7911372417527789
0.98656522922221
0.7692752611915038
0.6505201104709525
0.7925273551511733
0.5152624426663293
0.6443328842081961
0.8735868776109612
0.7558433553985571
0.9977732597362287
0.7783138031436032
0.9069935700006397
0.8449532203728229
0.9945255726095936
0.7544832635103684
0.5477534478886537
0.5538285478122873
0.5392168713472432
0.9392425546864319
0.8274262619399328
0.8514341239177847
0.8606022392890049
0.9880195170832614
0.8253534033799721
0.8458871968648913
0.5366461774059461
0.6561153188564752
0.716208606703553
0.602886582056444
0.9786092885256616
0.7631706046077862
0.6448189935395816
0.6686110993830395
0.5371373129536561
0.5338863703477579
0.5646907696898531
0.8736193922079489
0.8303358356183921
0.5574104091397323
0.6061264056749454
0.6160401672690358
0.5250659113486311
0.6078888764655547
0.8373853304434287
0.7203285554819936
0.7713208474283448
0.5150466837108297
0.720826455615452
0.8783147663729302
0.7215796381111105
0.788324251246161
0.775901188173571
0.7259572795355219
0.7235401703406057
0.7367608548897737
0.9727136034960651
0.9797633538340208
0.6557780156022566
0.6380007668527226
0.559717855911914
0.6634979037215267
0.8287256634142546
0.8474169330600236
0.7964899049622008
0.7982189006164485
0.6231540374656865
0.6386129640022196
0.6980045975041429
0.850771923577322
0.812908897045562
0.7295226452613572
0.5643679527750171
0.5888858904598133
0.543304687548122
0.6156263939054569
0.5120771525381538
0.5089634463225459
0.8172868153044868
0.9262455048579824
0.7895695890821037
0.899712496220727
0.7867858353052144
0.6466795391410949
0.7715348424581737
0.7354814212236793
0.5603808013859555
0.6240734882663999
0.8186126705818938
0.6791609323219128
0.8612640392533552
0.767757846476174
0.7082837092507199
0.7698805390577986
0.5676891577361519
0.9559922937012906
0.9362604818022426
0.5181420354551656
0.9922021093115225
0.5123835456210126
0.7495092206052314
0.7119271689639018
0.755183515095889
0.874034877821134
0.8581822533904973
0.6678504199958799
0.6348117746506804
0.7894848760820854
0.8652283340590695
0.5495271553781655
0.8515991378131624
0.6397050733819807
0.7765740033780832
0.5960016419350282
0.7776897190993066
0.958493723223157
0.8965644174418654
0.9358392564843526
0.7167148917854429
0.6044667608469307
0.8974083927387076
0.6538567446161532
0.7246359671009999
0.6735150092810253
0.9400541800000686
0.765027739040246
0.7337542047999566
0.8465436689600208
0.6247469305649389
0.9056809697494597
0.6440527262880207
0.7262598844699101
0.5456804065264313
0.7001742300885092
0.636910020684298
0.8934765360398353
0.7493266205933378
0.5091397831092601
0.6362258594058543
0.9164724250908026
0.6697620419981263
0.8132140240826493
0.5353598232816628
0.7978933287589884
0.6036522564126319
0.6664247548654179
0.9041892790965818
0.9339754939622837
0.8924442465931939
0.9378652016231699
0.6070660211729674
0.8064379184180568
0.5419266807480074
0.5336680283324057
0.6342035726205786
0.806599773278574
0.616279191771929
0.5922643842620658
0.8314838900083776
0.9511525031308669
0.6205851272205831
0.7648023377439093
0.634692597271447
0.6676129308025163
0.8341288714420616
0.8251916062872803
0.5474521313785415
0.7140411994147837
0.923182779969397
0.9190613136433521
0.980981681105535
0.952598894537876
0.5288945678859189
0.5427472438076668
0.7438620087164637
0.8034609597375104
0.6906681993473326
0.9692663465180531
0.8751611140014731
0.6056819912531737
0.5426615067387506
0.887186552624643
0.5974636457008049
0.7382147145823269
0.8270905020532842
0.9989318869195118
0.9996397232760303
0.6564036417403407
0.9994053663920379
0.6775114142996481
0.5811093286179718
0.903149318534656
0.6476959809866498
0.5536542305948405
0.5767825847917654
0.6954769256304751
0.9370396903637697
0.8872546200073603
0.7142943759260789
0.7258932056867062
0.9230218481294784
0.909029563654133
0.9340903091161858
0.8535271610877877
0.6907054806325558
0.9926230844323584
0.5505602109106031
0.508240869886205
0.8582021699048424
0.6010911605256212
0.6774926749614301
0.5740308828375434
0.8441999472518684
0.7241163115133881
0.6527783335620561
0.6307018817231
0.9857757350864018
0.7327996484887578
0.9499146302949696
0.5657106944999706
0.8486347002554643
0.658463894788957
0.528069346653199
0.849380955811945
0.971791096070979
0.8491342732113449
0.8384450654354865
0.8497590433419735
0.7531043018359236
0.7314353735109498
0.6336678819426095
0.5646000202273921
0.5551375238843814
0.6299531697185847
0.7073529758324447
0.9481519555944791
0.6419516810198201
0.9428840438162895
0.8766694457183762
0.6645221199804252
0.9834964389060514
0.6015365748346594
0.7666773631481814
0.6763311640999965
0.9456113862578304
0.7804494939158337
0.9403538169856799
0.5021067940210011
0.9138398285820293
0.9792302161121793
0.6365330270957933
0.9242824368660787
0.7180126222993006
0.7157352448068266
0.709544884130395
0.6659717237487561
0.7952980046900938
0.7329927376992913
0.5089095672057191
0.7416893515543266
0.7662475890311672
0.6272833051799526
0.6186978417613656
0.6154234773623413
0.5940490787317955
0.9087622192398286
0.7954510040331898
0.703542290745949
0.8472836160475967
0.6527220866678635
0.7759038787717529
0.974243173588814
0.8456142759927527
0.967119255674538
0.6948146733430457
0.625698456784882
0.9506433733351
0.8993798210232635
0.7459087239104683
0.9635426652720165
0.9756684756306395
0.673285673973278
0.5783053208420783
0.7014298034479819
0.748319419849971
0.771641743256267
0.7907155145767357
0.8272718714411422
0.6950989377803163
0.7245287822089425
0.7384534767580553
0.5572822673477469
0.9802826947953953
0.7877261471805145
0.78646913201677
0.8835174194127737
0.5170168490347195
0.9711452993722911
0.7691244223517508
0.7547910406997771
0.808912947400348
0.846143824952929
0.6268987711113639
0.7443322362072577
0.8464868315556477
0.5634752574331993
0.9224588511597567
0.8674898631521598
0.9857761199049758
0.873835318789895
0.5110697002075466
0.8589469862922287
0.7235174667111983
0.5535997976717439
0.5954472108723114
0.8261273527756388
0.564348368348266
0.9605325954343751
0.5340744671279609
0.9108033892381671
0.630688753455618
0.912112960450439
0.521512179168397
0.5602455913628444
0.9500016982578832
0.7395326294289565
0.542959047834974
0.7784833726398084
0.6145663512981445
0.7117543952596547
0.8682266866249799
0.9382767858731034
0.6878718240211993
0.6536547489654987
0.6047700606143496
0.8832613564766905
0.8246848362320514
0.6929597942683665
0.66872751884045
0.7370368230287252
0.7368397407706835
0.7477879335451878
0.5690970425175113
0.7273177528794155
0.5819261331582041
0.5475587996612995
0.8234794907027913
0.8629387309405683
0.6619169053466285
0.7828740965860888
0.7551784060192978
0.9545735414403766
0.7151093371430475
0.5621681187901253
0.5192738617149015
0.8490687170303701
0.9568841079738492
0.6312327889777796
0.5743142007855487
0.8946830922174692
0.6389676895677492
0.9861480591758711
0.5322860239631907
0.9327201112657325
0.6306129984936996
0.5810736802184941
0.5059705258393417
0.7730769124731112
0.5130518165192175
0.7720011865644796
0.6546107231103063
0.6093654623670035
0.8957724171724424
0.8846528880847095
0.8656666679650924
0.8500326224340942
0.9688837678861884
0.9375204874760874
0.9760156242896514
0.8135078277840122
0.5618187909166386
0.8941735826622805
0.9609390050270303
0.9138627914293231
0.6038946384068188
0.5948641609405203
0.7276764994163847
0.9760261934503093
0.8464343105290373
0.9092320158059601
0.8447073338033215
0.6816200342583729
0.5104500292836205
0.7851242526934064
0.6431894099018758
0.7844227481147994
0.9544347880394612
0.6428217722492773
0.7779344077544101
0.576124574966756
0.8291240638140538
0.5704547011738763
0.6694095637329025
0.6313731172127144
0.5069772268217194
0.9906025644523204
0.6254705988295135
0.8246662074329476
0.9602641120054747
0.5257721952987142
0.8917763457254271
0.5167615487498428
0.532136103540488
0.9539549830508405
0.8322957976586426
0.6854534305544069
0.5148497467138238
0.9520696478700825
0.7810373568028703
0.6390056542275272
0.884813685534876
0.9579614901857043
0.5712226566213459
0.5391437529087115
0.7466643162899459
0.514393119110984
0.8645869029494002
0.7020386527049124
0.7613961519886943
0.5199654045782737
0.6799011114621394
0.9642889315918155
0.7525293602066618
0.5856256222703694
0.768067975541457
0.9087404833343907
0.5719596483291052
0.6413735946741689
0.828487852474018
0.7094824219898063
0.6371900376726513
0.5385985876347188
0.5758052255600068
0.6366192410463847
0.9795333218064075
0.7489164175381817
0.6600706023254891
0.9227772220798038
0.7169083644409011
0.719807081382188
0.5967906842608734
0.6299282219130384
0.5708844648243034
0.5313040808064491
0.8956302365709249
0.6056572147971777
0.7624453111253989
0.9484664563700068
0.7750527377391665
0.6326512396559911
0.9029242585998993
0.5119409344777455
0.7660736853208595
0.8235287765329526
0.7340168627582082
0.7376078901292739
0.6489386091793077
0.8997569583854611
0.8737432767703498
0.6091047149031974
0.5097937295442251
0.8757080553707528
0.523118192124838
0.6387860932431932
0.5369255185862416
0.7827204259814602
0.6843258509043513
0.6650951644772224
0.5075507378033126
0.6510743108190349
0.6071206476479778
0.5633283090677303
0.5080088672234812
0.9395512952581813
0.9821786743002597
0.8380423598651408
0.5602225875110363
0.5428998397253322
0.5186354594770832
0.8425546943945017
0.8275136679737061
0.7279022572563998
0.7379033424485241
0.9491779707593373
0.8074767210483718
0.8750294857136602
0.9053913231868739
0.7481092590723382
0.5614747776501449
0.9068668248569831
0.5106455231201009
0.5582898378615277
0.7180369405929459
0.7945359917955569
0.5308945802546681
0.6389056919769025
0.719527551476471
0.6151689119660915
0.8763600288362672
0.7118567681432759
0.8406142405391308
0.8108546688450864
0.7753698373294338
0.7394785064786045
0.932335269607238
0.804876671561888
0.8520693930717635
0.8372425521986642
0.506013205802748
0.6626557843150002
0.7060378052467355
0.7481417249232518
0.9020689287473782
0.9973480625537701
0.8430869514426734
0.808537412819539
0.7861765504227249
0.6619367636517112
0.9315004829159097
0.7445206071600905
0.7519577417814141
0.8039292873183723
0.9261222782118839
0.8521550576794377
0.6908457829972923
0.8193629796164781
0.8711762733544612
0.9736033414185106
0.7643866400516868
0.8973253247875117
0.8870888785230746
0.8566425942667368
0.9012966355961954
0.6229160442873066
0.9337970467441792
0.7726278007899018
0.5828477262723741
0.6118646839485662
0.9426582103446475
0.9438936222010663
0.7276660111844706
0.9642168739772282
0.7729162564054378
0.6819843361859418
0.5653263162181508
0.9058596644132908
0.9848299608617395
0.957624369918084
0.9061674403378689
0.8558930218902858
0.9414767113200002
0.9295129785181202
0.8061559727126753
0.9656198606619497
0.6364169317728429
0.9527784109482166
0.8545639164776981
0.5322660161442156
0.5484556940318976
0.9253210447889106
0.6218670408631481
0.8671891343908325
0.764250473536046
0.7925253737041322
0.9782157315169182
0.5614505784502041
0.7544274946316243
0.8705055615156378
0.9489272021805564
0.7734562186522995
0.5398342247152216
0.6466674288292311
0.843272961877268
0.9395593796556092
0.751488978879012
0.6868434301420742
0.7025133519857747
0.9745451803203065
0.9545283860867766
0.9546955651164755
0.9979808733823811
0.8978663680821035
0.5228680029532689
0.9989445814030913
0.5897514342436889
0.5856713869983847
0.786642692274053
0.5243515327209545
0.9685123729704429
0.7693724451680961
0.6958329083245873
0.9803204443738438
0.5115661885416534
0.5266018377753292
0.9503819673122764
0.7511717004890068
0.7945455190656083
0.9859009304032379
0.5084346513151697
0.853443064000182
0.8178270618555654
0.9137580244160407
0.9661060915078952
0.6106409847035938
0.8857265287532272
0.9769705041691299
0.8941147439512451
0.8854495757175778
0.8511574043527963
0.6368036147164514
0.5935331896850342
0.7767562643407598
0.6017938971712717
0.5567182387113131
0.821404465878619
0.8528052101889133
0.7402614506184827
0.8969735384832939
0.9508542251760916
0.9516277126513664
0.8125404718669205
0.8242398436645519
0.5548405908000801
0.5408897060895124
0.5975918752095309
0.7254796791928271
0.9609874244022307
0.9820974519491985
0.5167835164810967
0.926783202726555
0.6521677258690701
0.6259010901371493
0.945941356677611
0.6386861858736201
0.5079277209946083
0.8469606105248537
0.8435134569071527
0.8830470439222053
0.6984527005686001
0.7931318677600528
0.7916050477004468
0.7760171732343187
0.7313229116763782
0.6355652775318388
0.6630105092634142
0.6879017579553748
0.5415530791300429
0.7273981039686808
0.5841335137524619
0.9086536418140672
0.5288394234405212
0.5056684007347736
0.8254724539332295
0.7108812832112912
0.9097314986766483
0.8023188191013009
0.8760946615791735
0.6573063531398566
0.7599353672766245
0.9542424305771187
0.6323145407618799
0.5908345413382482
0.6009325107692751
0.7499175738691004
0.6734936850887481
0.5495884636018485
0.610473613152531
0.5424764177330801
0.9098160480369226
0.5731952936481215
0.602941076997615
0.6582689692377923
0.5089966891320015
0.8883620785527969
0.7892688570022262
0.9818140597211136
0.5528311944400406
0.635183628049696
0.8340260637790335
0.7451781780636751
0.6401996145789022
0.934763551428039
0.9306337836645825
0.9192439860538789
0.702685801046819
0.9234348522057725
0.5648101032677868
0.8075278246498623
0.6732476486437116
0.9456037751816073
0.5627963531582396
0.8548890796464784
0.6263367451018349
0.5352721375393115
0.6897168213247378
0.9222290735177602
0.5454170456574207
0.7454202854577496
0.8000651339022194
0.8999676211478472
0.7018949186149557
0.7381300294407483
0.5645101679265545
0.515595168245479
0.7417818075871312
0.7042700516798659
0.8964873197458467
0.7656049126797799
0.8321419399667567
0.8856729468747991
0.8702165781558062
0.9313850129813628
0.9991653698942939
0.851625806076924
0.5983970384132229
0.6135122478382835
0.5289800317691269
0.7113203666688437
0.9364072015395606
0.993975864638011
0.587534697395226
0.7986058688173532
0.5043414036563445
0.6000887997467343
0.8622062631088625
0.8628924884212215
0.5186418543495412
0.8819786715020819
0.6016507515092082
0.7713912983864055
0.5674661583673355
0.8957620431517956
0.5373466144070536
0.5158237477274957
0.9854477360618125
0.7665540020173652
0.9015470871053879
0.9004575430762141
0.9654062449506071
0.7908955508754048
0.8617265584964353
0.643921369835138
0.5890494831470137
0.8910081794723985
0.5720212194597982
0.648701604987963
0.9895832093932185
0.7070080810751971
0.6464523659560399
0.8487362303863604
0.7507923702916942
0.6101863347357293
0.8307621983901086
0.575908027243303
0.8287819058707866
0.7158711265361952
0.7127637075770685
0.9977529797906519
0.8113493948619689
0.7921026017007335
0.693058743469714
0.8572436349297187
0.7622043753077893
0.7369565293441811
0.8282349240981597
0.6850462935306381
0.5369059915048544
0.708766421259727
0.7612129747071743
0.714660272014157
0.6392712585483047
0.6221971800243371
0.9842149334038357
0.6150078969004
0.9966939966052895
0.6680775284253052
0.9913160911413551
0.7668637561687925
0.7930855079231212
0.5188177812099872
0.9046689538207668
0.9394214231754022
0.9454793727220985
0.7232922045243841
0.9034178963592536
0.7146660875328605
0.7784350803955067
0.6255479584128691
0.7647872330386503
0.9937135087262029
0.8918708007985732
0.9925512643139145
0.975469394515206
0.5315254704992338
0.7484707044371235
0.5827531434381596
0.6112770569598485
0.9570620726166231
0.512367072502539
0.5809664945200086
0.5754819648376232
0.8652641371992439
0.7506518637353751
0.5179376532995261
0.5028667563755909
0.9512144132999678
0.5261632770580857
