0.9481733025545653
0.588002883321352
0.5420716840177056
0.9717109500966253
0.7187918048845854
0.7986977678463305
0.8094184982356086
0.8955045436172876
0.8271493431603059
0.7799914880619236
0.7512271855634948
0.7971646006883311
0.9853142881745504
0.513398397322884
0.6033285395490289
0.7483335285597801
0.7350949114983392
0.7652032108052723
0.5932899948770856
0.7031164035888011
0.8329758705913064
0.5402965536539127
0.5458732120540597
0.7684373619643483
0.6188617979006411
0.833705484719428
0.8667537310083021
0.9538914905262894
0.5701694086799826
0.8988874856798474
0.935655655141274
0.597421484022451
0.8322019600657005
0.802884506969459
0.882498330963656
0.7728856069523826
0.7786080502497716
0.6466446094967828
0.7228856040929084
0.8303924230984471
0.8145356257511598
0.5047391814716783
0.7059546897107376
0.6610688447108313
0.700063723852197
0.6488276227306499
0.6590980178531679
0.9206312866276971
0.606003148685877
0.6574078895073096
0.5686225638336351
0.7051619448715951
0.8724840666045905
0.6420629132931289
0.5903946967853448
0.7527323561263841
0.7728344586117912
0.9485100342824815
0.6758285343320684
0.6629406134912539
0.9363161650784317
0.8599964304190644
0.9394567877820857
0.6047283198853912
0.7160553834441108
0.9081995590819603
0.9347690160541244
0.6732188288078913
0.9246240739676155
0.8172243428936501
0.7981467323705005
0.7081915100505116
0.8901207145648571
0.8259755009571099
0.5715106506784102
0.6552405730081798
0.8324514118984752
0.6954653934442654
0.5228016978641319
0.8635530366211042
0.7776152636940925
0.9785218280140004
0.8963704987536966
0.8441560047723029
0.7244645750424343
0.8199210329959019
0.965839155138625
0.5490636139088465
0.7967569449429011
0.8895753611037668
0.7441811706609375
0.6634888281243823
0.549064425483285
0.5503873766333434
0.8830492933575835
0.5565580234246339
0.7733694559541673
0.5208219232217217
0.8283782698619963
0.6964816614262406
0.6576616403721354
0.9503840703333472
0.862072880213183
0.7493476119000659
0.5356923241064069
0.8185586342249234
0.6131640741409019
0.7095205992979053
0.9099437157971133
0.8350493880454817
0.7218955312936952
0.7990500620581645
0.7020456732178684
0.5234453758023905
0.9422265609276655
0.8445516983285646
0.8986133638700526
0.8135210110368003
0.8641991885811866
0.8473483095957117
0.5856561296373819
0.6819707024693835
0.8497775309558623
0.7342338626864391
0.8280604971814618
0.8277989744353101
0.6570278275546084
0.5660957047600996
0.8517258308413358
0.5627360557007095
0.6122057524578441
0.9451358367940299
0.8917188257915352
0.5673305409162033
0.6060960313817836
0.9990744387196847
0.729810294571734
0.9112530176603547
0.5061304692462096
0.6021986468558698
0.6752159941362228
0.682305145711634
0.8103000625904702
0.6449634820779232
0.980426628361168
0.6008983332866544
0.9577565228529312
0.912551967174696
0.7868134311611441
0.8044812054899098
0.8618843595271435
0.5629145496491117
0.6473843957047134
0.8819827291402422
0.8679307835432652
0.5420429818273494
0.9593540339655753
0.9983880712490163
0.873224514912686
0.9845553944836555
0.8613683647342403
0.9884270969639168
0.7801366449402689
0.6734513405501799
0.6499601694137556
0.6546864385119138
0.8832473230838935
0.8802282491858526
0.6437954070908314
0.6247270264375562
0.7317532134719149
0.7938224497025135
0.667471279658767
0.9499578163610458
0.6763975189391841
0.8593291845809408
0.657933458433515
0.9066859086343102
0.8029477003123493
0.5407066788255919
0.7669334053483785
0.8164989761064757
0.9995586653076747
0.740656930352144
0.745732801427228
0.5671164148975372
0.6001688877437783
0.8345771364733214
0.9981028877233502
0.631508991447736
0.6558562210705272
0.9827543994027
0.781998078900199
0.5336621431462105
0.8431567138235821
0.8094466307090422
0.9392913756245781
0.7522350102153432
0.7819945226021183
0.7343178451197714
0.6177465897596226
0.6564376997575003
0.5704645504548996
0.5797899571022922
0.6650731926333098
0.7862874181130294
0.8714945789496089
0.6139915291611677
0.8400278804619604
0.9717614070188959
0.7940501616625031
0.5347600071401714
0.5806103835241544
0.897645157803509
0.7477665569764949
0.5296833338027209
0.6658846987291986
0.6173585395789765
0.9713182304943447
0.5741168813202753
0.8858699147371698
0.6503644092571383
0.788927902924958
0.8967278150493233
0.6061092933547144
0.5331899576173668
0.5643506244041467
0.8038979120470453
0.9828002099032895
0.5171680343271772
0.9790870316679984
0.6154031985349315
0.9101740463244742
0.9243218705658194
0.9553144571705726
0.7583928931065049
0.9362422398962202
0.763781097600459
0.5418817434559792
0.7177940892144516
0.6372772166544515
0.7509373324163515
0.9665255296112107
0.5836835016782432
0.9187077457952246
0.7610129904961018
0.5086537942907374
0.6433829745784672
0.6980513568189168
0.7032723344624074
0.9599080431864658
0.5648806561174444
0.9304185971112717
0.799833264605367
0.6859178638211403
0.5313975502857926
0.5305940103877602
0.9896362733784143
0.7676418314626352
0.9001805263219116
0.5625047634750313
0.9828428867071428
0.962788023349001
0.5896032451255655
0.8716532913718776
0.9706866879802653
0.7512566919634858
0.732961651348186
0.5954913380471589
0.7186882855154364
0.9942287067020934
0.7508025812295399
0.554807665456029
0.7044165842017467
0.7983776853421438
0.6849819454673352
0.7899480559459858
0.5277691829707204
0.906060006070941
0.6653799073109075
0.5500469722980597
0.805701461802204
0.6609130783755706
0.6562384496884299
0.7450317670498687
0.9148216234431723
0.7173117505515181
0.6788438002308046
0.8205468127254661
0.713741052691544
0.8221324255409671
0.8277895443117309
0.7150803948391413
0.7642199507379965
0.8635135898697999
0.6723827136287108
0.512847709141722
0.8151228964265238
0.5891343166579082
0.5708064356776883
0.702189398902769
0.5210578332589567
0.9520797775081404
0.6759385712983915
0.9837916755118283
0.6236119577973515
0.6424953446923638
0.9586096738660426
0.8187771572505183
0.8045978515773278
0.7393742165210486
0.7354234787066822
0.8266379531038652
0.9637940644030503
0.7737081570479996
0.8228988486209529
0.6408361938040805
0.9099000815472478
0.5141675204173035
0.831374721872001
0.9327906372464234
0.7700910521674679
0.5525629158349367
0.7732499860311095
0.5736693999416438
0.6115123307055272
0.6535392571438828
0.6445337907383266
0.779216343522661
0.8253248304959229
0.5971392793770203
0.7824160287956545
