0.5458561817348571
0.607268752892812
0.6111116826129357
0.8662600870507049
0.6478414282380273
0.7124987573502104
0.8087186337564517
0.7237633227532244
0.7606524407626964
0.6210308328751051
0.6588508488062425
0.8990742928024176
0.6310370657090597
0.8374194619311104
0.9227634095381488
0.5337795467634243
0.6825923863791412
0.5320683749937798
0.8870174671238813
0.7657773251705604
0.6519517695273112
0.9191826656415938
0.8879173874390491
0.8151072357252931
0.6035068717824579
0.8483701332500522
0.8982647675034292
0.7827146836831401
0.7538757538465812
0.7192897095573736
0.9773719110838572
0.7247120640866234
0.8994532534180977
0.7608954131726969
0.8430304946359358
0.8313258690840752
0.9666826885967168
0.8865417917678312
0.5015554070778708
0.8054694649114489
0.9748130597812981
0.5017760006944431
0.5329392121667237
0.9283109772317324
0.5695744658421222
0.7364635681039247
0.7477459622146492
0.7991651861618878
0.5937929560135212
0.5259200409807843
0.5119151809174295
0.7500201872376467
0.9491994790829574
0.8039073787575404
0.9709242981361949
0.896685555358935
0.944956739814117
0.9388104139939827
0.693836128497939
0.8447803099501514
0.8181863394026969
0.8754486046923007
0.6640692525989733
0.8332597335975829
0.7539455191138675
0.8740261416190704
0.7157035456551271
0.7856860661414221
0.6066400053091501
0.6408600828074229
0.7457504090397092
0.5943783608965989
0.9586654593213473
0.695092487485111
0.7238811648874792
0.8667336830228227
0.9425237111676101
0.9169498029485016
0.9379313250669328
0.5008171558401475
0.8041609336812918
0.9938907805121865
0.9691044466928653
0.7676407188118857
0.7155144740602677
0.5979639325569058
0.9450763829717127
0.6910740630206411
0.6063579947871804
0.5784356315531578
0.6535614597160759
0.6313769825419842
0.7713627930533263
0.8872818132594755
0.5038000874195837
0.917747246705364
0.9092366978475568
0.995458887215535
0.7993182634223286
0.7433689845761215
0.5137377080620991
0.650844875303132
0.5342074129138019
0.8832163362521757
0.9230271714117889
0.9253843454565638
0.9375591823468938
0.9994921554542566
0.5380938400915941
0.9827538677896227
0.8178586170902664
0.952692513005791
0.971247302432323
0.5595101472538477
0.5931545739420929
0.7620889061815231
0.5869680633335745
0.7280249902888491
0.6180892679225399
0.916051092137413
0.8587029166635494
0.8638389257272416
0.6553485126661094
0.9742204227875508
0.8846302282954333
0.8962328268690983
0.5073663846889307
0.7788723819394814
0.7216086148969425
0.5838320835552436
0.5727692504337908
0.5191076729022057
0.5645729100243753
0.6063423460516348
0.8447384129596962
0.9704483139133244
0.689223116776214
0.9187118810481346
0.828445707275134
0.9015337677567927
0.7797213855117604
0.662920852395508
0.582607115161275
0.6883087775785304
0.7800492731895714
0.5375819837957314
0.9805603526604925
0.9170179454306838
0.7930599908976459
0.589631352180878
0.9962192021577392
0.6223738622693782
0.7518142199471156
0.8323932432823297
0.9528670067069245
0.5622936460194348
0.5914903418360824
0.64371401966614
0.7056275112844681
0.621509980655431
0.5290853372938498
0.5626586943110776
0.811083008032099
0.5472017581959265
0.9032473317494399
0.5253555626329784
0.6519535596553887
0.5728959400312015
0.9640199682742746
0.547851086934841
0.516383543353278
0.9735704953531183
0.6045088119205253
0.9059520948571929
0.543735483619467
0.9602721552573206
0.8841096551361773
0.5207075057936277
0.5299082318186548
0.7623924577767016
0.6885716263908035
0.64756803061255
0.9578085627386261
0.9339628726284392
0.8296997912648106
0.7304333230408353
0.9393009385764683
0.6195210614874954
0.7859384135819831
0.8091242476398484
0.6778707720840489
0.7601493793270948
0.9370675507413975
0.7343941878847746
0.9128020278671565
0.8007825937006672
0.9806504469203021
0.844182192582592
0.6554592952375076
0.5194882864206005
0.9951635450383547
0.9606643654863498
0.9369542245656527
0.6338046588216376
0.6830651532849803
0.9288123718887682
0.5966089859652524
0.6296014502527392
0.7848777098725619
0.7675943009137809
0.766474802489579
0.8923426645162192
0.5450699777813433
0.7801883943187591
0.7756220564381581
0.6153248296164471
0.826751886883484
0.6062145128539396
0.730693627356585
0.8894317115891579
0.896316100984061
0.7765453562463851
0.7494466628312748
0.5808948943382966
0.588582872162052
0.9437503772394981
0.8641200631911369
0.5581238372562562
0.5518008167827928
0.7412305199982345
0.5856608040319571
0.8202035761091266
0.7047790225098177
0.5578535665358627
0.7471027486013477
0.929765210188183
0.8438463998100563
0.8949131497348745
0.6161101820821046
0.7521655460489107
0.9339815596795173
0.7354433674007721
0.675982208568761
0.7293666658725452
0.9219910279576471
0.6929472857528622
0.9689036496342049
0.5042073332086915
0.6460380428290267
0.6704894572320634
0.862617543548529
0.5586936572757786
0.7791819266424336
0.5982593412787922
0.9514056722848796
0.8517767075603182
0.5992962457694397
0.7286612189128518
0.8600992773510023
0.592641004546596
0.9695124535732204
0.613019093033224
0.5556408988653903
0.5302787216225036
0.639124416064772
0.7029185668834115
0.8824862365110279
0.8827250644907579
0.6069476007047083
0.8117526955075873
0.6808231277142844
0.8171797264433897
0.844194208281154
0.6134915098291321
0.9679128570572673
0.9139026107455503
0.6246173021460542
0.6011565764111781
0.8147214161710997
0.7390291171108905
0.7183873726657042
0.7243266041743228
0.7135564440831053
0.5866416105268855
0.697499367240246
0.6634780747451795
0.9927059799349418
0.9782250003971242
0.8790920369470323
0.7195205291281199
0.6320572819170364
0.6637432137549039
0.6736104853287432
0.6408491794715403
0.6070198743290759
0.6871007179467703
0.9500490125701169
0.6121292067144765
0.7604950178498738
0.8985006374980927
0.6658897985715677
0.7034261215878255
0.6142997603358017
0.7834517283071456
0.9564283422577892
0.7797242752788944
0.5401686792137037
0.9402169260661726
0.8631110897750067
0.8645236179276254
0.5854314949975297
0.7662457639423778
0.5210237277064491
0.6073159162860622
0.7994547882189272
0.6107387266148947
0.8141662214586316
0.8704476038382145
0.6023886833890775
0.5303573948388625
0.8249163661416572
0.5574515880734975
0.883604162134743
0.8404291269002309
0.8053054321692537
0.8152857059996313
0.6310304480258309
0.527313384863084
0.509734099566645
0.8354914099726651
0.5617912877581379
0.9737787338869321
0.8156242875972137
0.9055456477754128
0.8200066407626255
0.92304008347376
0.8274104083745665
0.546243678234144
0.9259848219648434
0.7584420814914533
0.7254032406776537
0.8098052099626549
0.7551764177590992
0.5763714228432326
0.9365934937047969
0.7962615226000485
0.7163935215346147
0.5337812855488214
0.5642605513575502
0.5462879569598569
0.5265681070540305
0.6938061982438226
0.9090851459040596
0.6158766831523675
0.9557141424860218
0.9258773912203389
0.7365120799313591
0.9314485727364579
0.6001796383303752
0.7143885594222976
0.7240976591173336
0.7181761186814319
0.5021035290283543
0.8797635903042391
0.9539478593628485
0.7671519239237794
0.9906845451572939
0.695668281659547
0.9254384985672435
0.7687973310127287
0.7608502211165149
0.8027875058138996
0.574992114579066
0.9191253398197858
0.8494268699899783
0.9580140327197499
0.75123288336653
0.7863681870570184
0.6548164023524256
0.7301639944546685
0.8981198405528459
0.5486333342781573
0.697256806455358
0.7194504451287707
0.9388093374808759
0.5743428299196078
0.8551044786690896
0.8974603772452918
0.8016225447237197
0.8654702738800049
0.637937922026355
0.653063496410762
0.5849529374568321
0.6855057359573473
0.7269250385154432
0.5425512926353411
0.6955356354180434
0.6632968263891507
0.871495222023555
0.6432793307562292
0.6892754027937782
0.5158921886166885
0.7711882608213034
0.9295495153180712
0.839780856366712
0.588697075933224
0.983347698004083
0.8210718356522138
0.8456809376846675
0.6601683767697195
0.563541963559936
0.9539896284367508
0.6862430590645734
0.5697358861985224
0.8858636159433979
0.9486667981845393
0.6649370456282634
0.8629248095017132
0.7225247596539057
0.6313904508843877
0.9864001354693043
0.6814436532483672
0.9274473991202982
0.8906044406121678
0.945759844871959
0.6998309786934109
0.6638632137201601
0.7802034007636611
0.9990412100904953
0.5798060131987282
0.8221293501816569
0.8917259381714615
0.7518679483888777
0.5955764268001915
0.6914539097310859
0.8619069450788587
0.6183016852608444
0.7982223781224997
0.9461603357736189
0.7034423926462923
0.7018735349097038
0.9112024020500649
0.7730417938719336
0.8375337193044974
0.858450770060551
0.7454447476421272
0.9543440991200973
0.6365893373987321
0.846491039494372
0.9539839286290384
0.7333146267118669
0.9787728745148029
0.9799998212327881
0.8263187869169708
0.5423508983861203
0.9400600235544339
0.8100885798495563
0.8299017657826129
0.753654133400721
0.5033910388294844
0.5124686682889996
0.9122414799789487
0.7146981675027217
0.9556211982571821
0.8430536398593115
0.8909317960079572
0.8638132483869423
0.709675914664725
0.5628878247220485
0.8830242534384616
0.7040381188924631
0.5319546648235197
0.9763520945501853
0.6247642990792981
0.5441799267841521
0.8895187171235392
0.8561215758510252
0.5880185578021928
0.974170413381136
0.6247555228170776
0.8886792059775159
0.7288255250022906
0.7936771286196195
0.8010603216451277
0.7671259567582851
0.9549325621291997
0.946582459716625
0.934306530579369
0.9092189738819383
0.9063776212763951
0.5546900773031713
0.5247295355645598
0.6872844440066195
0.6514342859807853
0.9226118387580012
0.6402225841500562
0.6755079364505481
0.7862756219439715
0.8475267722162394
0.7728833599967772
0.7768927049906789
0.5972042152764216
0.9602946606597962
0.8039861663940692
0.9181562884338462
0.9674377595062043
0.8202811214403501
0.6534795493212615
0.5516550962202921
0.5358055015637649
0.8142140877532322
0.8918541365570538
0.8233984985322567
0.9791598553228565
0.7539661316036368
0.941435181185418
0.8511524609914338
0.6988568554385262
0.9262809890627934
0.6404623082948808
0.6444171628698239
0.686955549338492
0.7950625076248498
0.7645040647877335
0.8740265762983472
0.8531460980758144
0.8998548888943231
0.6057337287591686
0.7633657105391604
0.6923779377596062
0.7306059106027554
0.8212665531747487
0.5412151450151061
0.9294579690492715
0.6968623918844685
0.93341433810075
0.6920002962092859
0.6594802995057818
0.5462697511520972
0.82447289355706
0.6924349430759129
0.7085599392644415
0.6013976347925327
0.806224666860199
0.559585129956367
0.9173549398490497
0.8463228306474397
0.8092079370488023
0.7056220554285444
0.6825751367963517
0.5197340408835198
0.8775663448144604
0.720592967767818
0.7842061680337574
0.8317013954482806
0.9718523200213013
0.88337918402367
0.7872614125292582
0.7705331896087675
0.6658625523945837
0.8303990643183077
0.7068792240718689
0.5259444625010283
0.6063697129094274
0.9981950768006345
0.899589345339314
0.7134724078409459
0.8122609004361832
0.9231851570230676
0.584050707179546
0.9331160296586678
0.7500475721082764
0.9393208869436331
0.8399725333560297
0.5602795362583509
0.8441307107336771
0.574063424990725
0.8869189516101378
0.6969161207756205
0.8914917537240086
0.9127985536397374
0.6182564792632264
0.9434555789439842
0.9027880287778789
0.702838552149494
0.8806044900887213
0.6559072678971916
0.7346413920682595
0.995621892289074
0.5507896519238131
0.6375889112683335
0.9647970070765189
0.6518938705425457
0.5828196936227235
0.6790444933656226
0.8999272887581005
0.9104551326840689
0.6696561145956517
0.8729189244104185
0.6042204146860874
0.9664835594075634
0.778019690132159
0.5736192728604895
0.8069928498501031
0.8824417291906934
0.5972503504115626
0.8218617814074085
0.8617097205916322
0.7788611143805222
0.870762975349081
0.9228825088741199
0.5122953277976943
0.8331592097311712
0.8594493580179029
0.905793679999416
0.6757735489032615
0.9118084489755375
0.7801721737631069
0.5478367672238229
0.5180963177795044
0.5648077819447178
0.9587112933168163
0.6381861849207077
0.7735469117914726
0.9065945181355595
0.6502099209122356
0.5346633420395701
0.6407913535941591
0.6343397854711357
0.6057644878852124
0.7148179561659114
0.8133127988272508
0.6554415299180139
0.9871131888941667
0.5757475436860877
0.9069008009907702
0.7828378736299768
0.7556755027091886
0.8375549217116375
0.8654427841865555
0.7090105746782452
0.7983224895266074
0.5004322733299829
0.9100489023082482
0.9877494247786466
0.7248843899286892
0.8456192370089297
0.7709579920224081
0.5027199016440886
0.7380109725232518
0.830359554114191
0.9556388633803781
0.8779464355618487
0.9922908809578306
0.6402750145151945
0.6942327598261233
0.5630957148291792
0.8793572897543873
0.5891287953569405
0.8964635462482236
0.557741461597377
0.7029939614834415
0.7380861280191711
0.7343321563731158
0.7973246697891552
0.9022724195902043
0.537570396802001
0.7660111749058842
0.6429221929491198
0.9106925055547241
0.6089460783865291
0.7497719338593084
0.8593791426074706
0.7241466586365937
0.8036867309565736
0.9818193545320515
0.5216073170127933
0.7052170049238566
0.5352600713413209
0.9813846282230376
0.7419417222758831
0.8505109970423435
0.5375131714532242
0.8014748255226809
0.6378421533117793
0.7650804018266713
0.694688435596466
0.8988813626504495
0.9936208652628018
0.8944448116038268
0.7793690934688979
0.9609110353889889
0.9730671664641031
0.5315646565724499
0.7858588710260228
0.5614306456400533
0.7150014380795293
0.9832953206484099
0.615716932748353
0.7233874780033348
0.9004224668714294
0.6031352511369938
0.8213572496848884
0.64828690809355
0.5928885120542124
0.5098979447212575
0.9303611172630075
0.6925352211021598
0.9794343020771774
0.5322892799518062
0.6955905207821034
0.9225559411039862
0.5064620120146672
0.8542671951618391
0.5593106224253263
0.5731170079138442
0.5949680413575946
0.6351340660087255
0.5577062797505483
0.6409797284012035
0.621508927522137
0.8571019579314033
0.9777319860692784
0.9441851872364826
0.867514271589342
0.6578048913756477
0.8174283436610265
0.7882518238064373
0.8538693943464815
0.50227678991305
0.8942784429999497
0.7511563293443428
0.8268959505307166
0.9266392717002301
0.9549044239298605
0.5271282218518154
0.7264565963369465
0.6998420694234604
0.5697503583243093
0.8363796510175361
0.9145700924111331
0.9120655430883688
0.6074219508431857
0.6540722357243979
0.9065143553908661
0.8713714751240964
0.887394707169875
0.8884325078531434
0.6459575220481358
0.6855524926760406
0.6260749202116083
0.8366554851274932
0.5810995183001952
0.977535771887998
0.8674096538678261
0.8954027826113564
0.798767204426639
0.8607365160246142
0.7780320201339086
0.5005555503969717
0.9048917787118522
0.9282558045210865
0.5019508938293272
0.841007592035927
0.913398774683178
0.7099525254869233
0.6088823782971758
0.8116667765229658
0.7218494368460825
0.6659824741369298
0.953727021393546
0.7104816640520251
0.7542824277209519
0.5511554550941578
0.8611727743911848
0.7163314496461592
0.8711209580457256
0.6346550140465943
0.7201358442376311
0.7121009213445142
0.8740051518804703
0.5648988262388879
0.5315396973944277
0.7534297559174911
0.6983480521870145
0.8143547592527163
0.8193930759462611
0.7425190118819966
0.6937646286204312
0.8576112072315256
0.8565205580534127
0.7979616834667851
0.7815137526253553
0.7624319761043625
0.6377540281920764
0.9138450276851606
0.8989960183780139
0.567333657704606
0.6259299833587555
0.8213364118263542
0.9972660268686732
0.5977226530729551
0.6771146429241989
0.8975050825498216
0.5557464942736965
0.9581755939099392
0.5561464366275152
0.7086543206604929
0.9999705646201333
0.6683647630404528
0.8304317992778394
0.88930839214974
0.5251910058688448
0.8467148919042768
0.8886624762117432
0.6846186941862833
0.7062471125326941
0.6381683088969028
0.8366421241169024
0.9555002824225535
0.6434647654546599
0.5136107786450073
0.6543558980109397
0.5196020516498745
0.9608506358126878
0.6469997862519883
0.791710546510523
0.7411299543535628
0.9229930575970366
