0.5732411045197418
0.8798382190607423
0.821199955904292
0.5418692107692068
0.5349334199532508
0.9181789378467916
0.5768944568287775
0.6222740148851267
0.8811650937615113
0.5652212254406741
0.5551927911974808
0.9485118529610965
0.9980135316155487
0.6904962233944865
0.7185717716434833
0.5901595386505281
0.9950405906951331
0.6314151321115089
0.8199873436871765
0.9860688990963025
0.5285095620859267
0.6471086612643044
0.6768250413345607
0.5090498010670046
0.6844634562692469
0.5462144604148593
0.8171108587932666
0.6048488920853272
0.8993113883224262
0.5583034727077265
0.6259780247107282
0.5240128042658139
0.5650309914072258
0.605471089904134
