0.9876237285736922
0.7902207996343984
0.6018405225005434
0.8677438023486681
0.9848415386393958
0.7874519386625678
0.659480760790772
0.9982377538260692
0.5229287593539325
0.91109034791963
0.8044114132730451
0.7597965971154482
0.9050571568495198
0.5313535184847835
0.789550143695161
0.7729198408110008
0.5370935640749701
0.7399162778845951
0.7679570925609203
0.7859401581825367
0.815943285076808
0.7532947604644422
0.9006045284810968
0.6667400693814713
0.865430209556994
0.5699350385383974
0.7174940619334562
0.9892030537959206
0.9173421531596071
0.7718739376239576
0.5372715984260886
0.7528904945926902
0.5701843191205491
0.6603320858366053
0.5368006899116632
0.5227521506318239
0.5231644877263852
0.8548693305425623
0.598663660563765
0.7825281577602459
0.8669324315721394
0.6678271114334484
0.5372927011792255
0.615780097786794
0.7785166000981895
0.5570420989811231
0.5720146899924284
0.5680493561204099
0.9595316946158616
0.6602880776367583
0.8342964920950129
0.5841647506663527
0.7059104560745759
0.8630627751929099
0.5534060932156746
0.9262699445704283
0.6786057738412854
0.7595734123896736
0.7025945809811799
0.924578666605163
0.5963247108061747
0.553419127990237
