0.5572385785805298
0.7010654955619646
0.5399931451128919
0.54882566740396
0.9371544100650195
0.77824664924666
0.7493206359967126
0.5698971497645531
0.833782287935213
0.8574730937672495
0.8658671094812196
0.9814062424758359
0.5348746612849573
0.7061990805034821
0.6326699151358448
0.7711780335256332
0.7268977383563429
0.7571114951231424
0.9411629426394044
0.6862435753321916
0.5219471322740246
0.7083913427341082
0.7114268540895647
0.78411426248274
0.9041076968630948
0.8229035688225941
0.9215463486242128
0.573163105480045
0.8386404708459474
0.5957190243244033
0.8014469449319119
0.504761515089676
0.6413568064422
0.6690656120217673
0.5588119219796324
0.9056077621549018
0.738212114375114
0.8234966550446581
0.8038505581278113
0.9508323418063495
0.8034647254268723
0.5241356239216619
0.6848022754448841
0.6798571206112582
0.7821699831098244
0.807277599163414
0.8621682145907155
0.9923972834642312
0.8886972945162228
0.638676510311637
0.745001499876701
0.7676438801134933
0.7994363018358601
0.9700290361831185
0.8822062413582665
0.783103404409448
0.5544204713885499
0.5890977797945975
0.9484545136187332
0.9961466527077596
0.8703782303870418
0.5333607401385696
0.9580176917499488
0.5632464873644787
0.7890940977201981
0.741617622567696
0.7575506540083501
0.6422223042294468
0.787297063078725
0.9856974479974256
0.6719236811297499
0.7725218213602418
0.7112670508278216
0.5861809676995605
0.6151762411918471
0.7755672269012572
0.5180391298626283
0.5818272664662711
0.8230153742003457
0.9673654753061834
0.6257169906330675
0.7345086708485581
0.7585997678686944
0.9415478810966429
0.8825302771986143
0.7949204266043983
0.5457165549226453
0.5121659067891915
0.5766655238232854
0.8347040432037016
0.744742036218627
0.8819680816946454
0.6050443036831213
0.827230644867811
0.6229159581281241
0.767181913831686
0.6524577512685075
0.8787202391334213
0.8929773391349286
0.6596053165489904
0.8095744852105593
0.9352219822187197
0.7775645674813261
0.5274594746662226
0.6023696907429846
0.7426104614077829
0.8624059804921311
0.8998762553081037
0.5435159943259482
0.9242214730204648
0.569616732220162
0.7206150396749539
0.5013141273791086
0.8145574211655067
0.6896048693996766
0.84758662959737
0.7030383102794422
0.8815692240108004
0.8793323329603322
0.801751153286963
0.9628622503185401
0.529174113594048
0.7806594578262989
0.9302836738875022
0.6271786165037945
0.620811256497896
0.7483165823033143
0.6227231872215673
0.835575008576525
0.6899327144223889
0.6254013511317857
0.6891634767416667
0.9359174066747558
0.56658476924025
0.5509124093856246
0.6869173308889244
0.6631105570012277
0.5759838341917307
0.5217700346834095
0.7553782528586293
0.6434114727327879
0.6799552513689444
0.5343197087441494
0.6971168085106936
0.5685975189168784
0.877705546798097
0.8587213903678932
0.7795569109156536
0.9968207885183304
0.7972003597542898
0.8110928092529649
0.5091204700749961
0.5149671917620358
0.9562592932239885
0.5980713080627973
0.8620178884309542
0.550711269323564
0.5304039889901573
0.6636222166950241
0.5506918428660628
0.6614717286952396
0.7867017232020979
0.785219017582965
0.7324943155817547
0.94568968730283
0.7256415276876068
0.631553954530922
0.8159024936417265
0.8867624244759844
0.5741084498446276
0.8309452303011552
0.9548836121084177
0.5562624561707274
0.7062154386007766
0.5282195165558621
0.934565904012749
0.695750804551283
0.6589431413906239
0.544199955215781
0.8925992694091607
0.5084816099440604
0.8266633037764841
0.8535274590750004
0.8165002269403286
0.9737881563338207
0.9292064325792351
0.6732915573150262
0.8931061945299124
0.9234261734577005
0.7011532577789865
0.6434461832341426
0.693491314730198
0.663772591288915
0.6832144092781389
0.5864227657895648
0.6477095237051116
0.8166885989732884
0.9127005200339153
0.9427117281299324
0.5865111092138406
0.9941152084485012
0.9684022238285173
0.7371481237725069
0.9102540928102096
0.6425254372659159
0.9582722841201006
0.6903119854845851
0.5010338920907271
0.855874526020741
0.5828673283214623
0.7103017950873021
0.6840869753542094
0.6823749164993904
0.7723160907619749
0.9657598302341482
0.5058833525826829
0.5797378639020327
0.672317221114272
0.6015606797772005
0.8021545850681293
0.9419652395603569
0.7906092585985165
0.8164822568440162
0.52883594504998
0.5755533535555089
0.705257367449445
0.6497158375767845
0.9003979542002642
0.6577590691044382
0.6975866690651875
0.5248616024699881
0.5693734477378791
0.5274211862728363
0.9499989026484063
0.8041297307206376
0.52592480410882
0.6175629994805683
0.5238164364376448
0.763309203636261
0.7658528417720682
0.6024179226418669
0.7921872555462988
0.9151889935596611
0.6517053905269425
0.8835915987956733
0.748100667194487
0.6579465344530542
0.7359313877101596
0.6643454239814648
0.8898151490194055
0.5768037434667215
0.9063120625709757
0.8595132466282769
0.857152168626981
0.9433832600090347
0.5452174643333783
0.6766591915251041
0.844520396297765
0.9424321305940075
0.7957556753789712
0.930888982459697
0.9086095137724983
0.9991441112143209
0.863708121084206
0.7243273731762232
0.7387165980731792
0.6476987715919107
0.9623028147937169
0.5860562611386295
0.9535857755338359
0.5275798675093122
0.9794788591998471
0.5161404665934869
0.5243045141008831
0.9904309096596045
0.8448143648063915
0.8589812413533571
0.7440937536898653
0.6398575032944792
0.8563297109404584
0.7617917533015799
0.8961203398817016
0.8086145573706757
0.9761679258001954
0.9746515223234165
0.7068859047945298
0.8018600575032279
0.7810266269239785
0.9207124144364074
0.9902321864842352
0.9845642751321843
0.6157295479965962
0.8357947828813037
0.7275502089910469
0.873859166623568
0.9424694984472017
0.9647174683274603
0.6529246471478545
0.8286352248888069
0.7638492730244045
0.9181903702484089
0.7471560281031309
0.6428771032393341
0.6835077782862278
0.6542194047162917
0.8884976270637386
0.5818193689384134
0.5672196189183389
0.5179074786699565
0.5373860587033125
0.5726180561832191
0.8948796969997268
0.6170564981550377
0.6365479475272005
0.9262266241408501
0.6986910757760914
0.697189409737262
0.9844109187054721
0.7415559931772492
0.7319518079901297
0.9046492742635701
0.6912304855077425
0.9282699971413557
0.6031656492100612
0.8108370374242417
0.5802223228789616
0.8213630329404323
0.6931110852846543
0.6474545348998574
0.9076912475912953
0.6091015184610273
0.775606082443979
0.5207778754086985
0.7881459819620028
0.6927534296343132
0.7565144332476156
0.8356887887199723
0.7096205493669459
0.6089274557203346
0.6887308744110898
0.7466787659919485
0.8187603676527797
0.5623878607448454
0.5730242960658529
0.7813139502098121
0.7947555514982563
0.5976544464777519
0.8908735994477643
0.9359144327198243
0.7946865654190542
0.5512852395722805
0.6602416253984209
0.6131284419102401
0.911201707550279
0.5117319882102906
0.8172298746535698
0.5034575788715681
0.9096360453685761
0.9282728250673091
0.8122289601855435
0.7228872592600377
0.812382958013247
0.8493705169696346
0.8639111804450141
0.6979577801888812
0.9782006046349856
0.6612584767422275
0.8979164831593751
0.6349717380128734
0.7912110828338904
0.9282966881400824
0.536797080025297
0.9861048192096976
0.6608289665076885
0.8086219821796075
0.9819258616340836
0.9858944650273702
0.6429319064712609
0.6320388799748287
0.7043747805606191
0.5392811374809974
0.644529342528685
0.6436749323230322
0.9809698474631852
0.6945864034715136
0.9985120599930015
0.9396680226471317
0.834620705011629
0.6170153664444544
0.7597610519723285
0.8811193842748437
0.5191173363788668
0.6143769460324211
0.9688687567705525
0.9297056256842663
0.6651233462484417
0.9322560973075308
0.8551550944482398
0.8153049485684452
0.5008987902130148
0.5301556691369187
0.8405067239799149
0.657409925465523
0.6901490001345203
0.8913603694163623
0.9921746371115331
0.7540319907565791
0.6403344354547957
0.8285126443584698
0.8579800950237063
0.6985275883318119
0.5503606764338006
0.8426015203444048
0.8808175217172498
0.8389588478380394
0.9862629411155321
0.5903795923976223
0.8599779236877416
0.6580970516146168
0.5660619567287509
0.997032914786047
0.994018264391797
0.7665440874414601
0.56458190153757
0.5699009266011775
0.6806573184970521
0.9465292445139224
0.8245282830984708
0.6899950147286336
0.9496383157277125
0.5562349124287378
0.683378600979955
0.8159150483593204
0.586076100611695
0.9653147447986465
0.9667894283695664
0.9211505257639749
0.7291515943237901
0.8245880931405785
0.9959024189357504
0.9813848397495666
0.6582284968297224
0.522163694030364
0.5935777977379046
0.7398412504619161
0.9597552194234246
0.7844938790729302
0.7205282490578007
0.8331149987537252
0.5697430467587629
0.858210748908681
0.5059371112267368
0.75255302776956
0.9532669899531208
0.7886724977823392
0.9970942978057347
0.7434333355804703
0.8160212951785355
0.8925895214680359
0.5436228760662856
0.8917471229668983
0.8143307133791796
0.8423304834457741
0.6809853334404944
0.6588331270456245
0.9898311801603297
0.5983108462171505
0.6871433108680958
0.6732119602959898
0.5114117857003889
0.5130681570065886
0.7787653543157549
0.613086258762304
0.9311571211899483
0.8231961376207699
0.5767584098204224
0.8769086883428625
0.8423056603797474
0.5637125236328064
0.7069961760794665
0.8315690774739986
0.9814747677193799
0.924098934560529
0.8490184009148858
0.9311988835058987
0.6731547751832083
0.6867560634503795
0.8673932783467555
0.8764977631889462
0.5074949661521466
0.5527166680891644
0.9029434116620574
0.8302242795289327
0.7391087169452533
0.9742667591688784
0.9596781235155643
0.8019234620898154
0.7703107028374168
0.6508603072623387
0.8999284707580508
0.5031656144855259
0.7258658128155819
0.7059609056022149
0.5702099169969841
0.711196978072694
0.7766497081806952
0.6071501166272031
0.54899866572851
0.7860638428028278
0.7789636203601826
0.9518728657118178
0.5198153268885316
0.6301889879885343
0.8475951053498397
0.8523940837700457
0.8211489184091334
0.5677379508314142
0.5558398243421242
0.7198149606367161
0.8322771933133646
0.5110244831944201
0.9415217651427996
0.690225390892935
0.7321781299285246
0.8020475270626609
0.8078225129737648
0.9372375971396435
0.8183934413073812
0.5405638244897936
0.8726715583184159
0.5234792028710049
0.9636735820206845
0.6567571118099462
0.7182035720756017
0.6322859036437178
0.8623221673347969
0.5798572114111157
0.8176103482037511
0.9070956157691228
0.7790277160918295
0.7799141818197852
0.8682491046134362
0.6016898634702202
0.8090474677066859
0.6838335762516378
0.9405216261251348
0.8686682719072982
0.9419956018300049
0.6842645793978187
0.7747332678015149
0.8474879703785472
0.5873269674168293
0.9814372324549934
0.5844145124386668
0.8902583380881863
0.6384198494655905
0.565011988599814
0.8939267245436637
0.8141287637198283
0.8637473864688039
0.600013609176012
0.7366654295447201
0.6475734450064166
0.8324216473382855
0.6451245527009157
0.6605863441246388
0.7519649970866646
0.5267767678074216
0.7655706876223838
0.6510161741192871
0.7432083595948143
0.8639857841231435
0.8692033241510566
0.8578077413086995
0.6659348190473507
0.8721273033367463
0.6327373666826441
0.9311953479178767
0.5127703675889907
0.7293676784105059
0.9960716912068931
0.956001772801742
0.6783702681690704
0.647330886064374
0.9128555926761333
0.9724896435440935
0.5901676209757938
0.671344285634458
0.6168550191117184
0.7076239161833897
0.7262401965995846
0.988406753418356
0.5088017245567018
0.5814678820761625
0.6378784620179525
0.649965839681754
0.8697661156727634
0.7071427133541481
0.7871599153622475
0.9597311324494672
0.6333039595781929
0.9941435530671796
0.7399498779766682
0.9736355328122032
0.9024539830536256
0.5421626920466022
0.9156628593222054
0.6240833141064384
0.8902045454074652
0.7165260249244125
0.5525513240081155
0.9663701935940774
0.9598354397592325
0.9064255362284483
0.5290048829189207
0.67980013943805
0.7409885440746871
0.8782799666663983
0.8968272185156998
0.8636155374674519
0.7794327245803717
0.9073316271551423
0.6363101750100119
0.6761972245691004
0.7780220655450583
0.9271478600824052
0.9592424006340137
0.7231840859852046
0.6988393097357966
0.9538481885514858
0.682254897456851
0.8937844801671846
0.5239743941695285
0.8469548786845771
0.8284931019411739
0.8678921019861549
0.8636422036984504
0.9845245710111191
0.5297885096863089
0.6257525547889325
0.6964965094296117
0.7091936944350962
0.8944907780457868
0.6553292582147772
0.5873770043915844
0.971963251736186
0.9437712681980048
0.6512998569750355
0.5494916218572614
0.7091455797942051
0.695079854067725
0.7354458011026123
0.5515139059250691
0.6450814375509301
0.5118286976031505
0.8171656060350079
0.9847126932395034
0.8810028755121927
0.7146813282792425
0.7794245302888475
0.6632491665891505
0.8845684064344498
0.6273783569580781
0.9870143625900476
0.6518588012618292
0.9093321755885613
0.8214278003228295
0.6477155463214124
0.7368072815343565
0.6838883240517089
0.6001775848370707
0.5527837833242439
0.9031802371304748
0.685662988588484
0.6370789904490571
0.9457598788098125
0.8527970428493898
0.5683737350236062
0.6018148701735322
0.593178000508798
0.844677118264771
0.6194835440299524
0.5494740348407274
0.7622313749344487
0.8764929220485884
0.6246911979254761
0.997536957228798
0.8794047912401072
0.7611516345602563
0.8974992942499455
0.7560937086493505
0.9124955444201038
0.5996723490587923
0.5857620385125458
0.6725905744759947
0.7824920345922199
0.6816305284290676
0.9583797260714386
0.9310555347705035
0.7838561661433681
0.8210752433467006
0.9339630381098516
0.8943724526330271
0.6046313479029878
0.5386255035848226
0.9525706074431439
0.5294078992869241
0.7301941790862696
0.5302111248543686
0.6179603804707079
0.5751612171698451
0.595480407736279
0.5955713595715613
0.9566209678625055
0.6011868028950438
0.6123972870672529
0.7054581499732916
0.855140242451468
0.5719370272512487
0.9427364942853778
0.9152658445122563
0.5239523908608648
0.5518907255813819
0.6986063629794621
0.9355900592818271
0.5844666266329179
0.6746489900442854
0.7738487644515621
0.6337426992875368
0.5716718196918574
0.9069544167815475
0.7336189169385244
0.8112917501811963
0.7104043220227663
0.6278248467954215
0.9786431159953375
0.9179623236547705
0.5347548436840011
0.7155500782024997
0.8790777143609252
0.833835088954282
0.5255736257190955
0.5258584219402394
0.6538413305225139
0.8826486351713763
0.6845110923385134
0.685150710283496
0.6191379487602352
0.9319992721044495
0.501202741048566
0.9523434439999052
0.5952936223721961
0.9765156158532895
0.5890301636511251
0.6022402236035929
0.8159719790757778
0.736513135475247
0.9634311274106115
0.7245528720795672
0.8683855328920935
0.8680214105024442
0.9241867113138318
0.6800100167775491
0.8754804112423566
0.9370773473518201
0.879448086880194
0.5861856719473637
0.8212847415855535
0.5707695903538521
0.7622228899983245
0.720740038928655
0.513404842468574
0.5069145381020526
0.546074628270564
0.6196212943743067
0.9390555969821655
0.9279153147739481
0.9876610360192108
0.5082532271418714
0.5766426283951444
0.9800836774702627
0.7733933132666968
0.6934885208103563
0.8492275775667563
0.5057185759370906
0.8941126696085571
0.6087790536274635
0.6380186534365861
0.7672661892660482
0.7006294027190296
0.7228099133962551
0.9880474048264694
0.8582061447513867
0.5028883465171841
0.9668493735799023
0.8785930155183028
0.632466799167321
0.8636189400391816
0.5020081241317151
0.9247980770262054
0.6441372102638614
0.6385554010507737
0.7136874912706331
0.915902803133472
0.5575340821699203
0.99171331509789
0.5594035422294921
0.5631781511091984
0.5114848591865667
0.9107537248559799
0.6240855717283353
0.5416259468706347
0.7824580935271828
0.6000729618457016
0.6584979695833422
0.7027394024998839
0.6330159592530722
0.7657761196761246
0.728576248601981
0.8633346654002181
0.9412615381842824
0.7804811367500393
0.9679025025587196
0.6501914163618632
0.5644669508250721
0.8297105677513186
0.5886318040244831
0.670668706215886
0.9650371144481511
0.7198778937059236
0.9165076286868593
0.9468527779907174
0.5410362362064796
0.7341393527949015
0.5210012654645579
0.9485007289884375
0.6457132078922365
0.615446207279702
0.8539799231488925
0.7236417309755077
0.968987816425916
0.5455921261691786
0.9053609656856788
0.7837250649806633
0.9724445696669896
0.5536533763183826
0.6534349870313465
0.61970392740206
0.6003373291087765
0.5632591314735876
0.9679533751297701
0.9051575055987175
0.5271979860684055
0.5990585203906456
0.6256339461162346
0.9485872413002839
0.7011125120942834
0.7300043400762647
0.9117374532092324
0.7264164607943719
0.5494750556493975
0.9870544174871564
0.9313162670246817
0.5495279480175235
0.6902569560691156
0.628324656612351
0.6437262506470232
0.5786338731730704
0.9988365433409414
0.8060377135150039
0.6955747769733007
0.6399191196083731
0.5506648318670924
0.6483800035522049
0.9514415117476469
0.7638437913069059
0.8414108414383061
0.5672785533963999
0.9648599270356746
0.632462099728505
0.6279334187532082
0.597628628365994
0.5197521997622565
0.5565178999055949
0.9779080734294721
0.8777842751881775
0.6552790446313526
0.691032055868914
0.9539673658327184
0.9541722087348619
0.7203665635154307
0.8356643516085906
0.6943743920388681
0.7471230928907899
0.5655200648144089
0.6100363554045303
0.586030207192867
0.6266428719153811
0.8305641244541342
0.7505413460431414
0.5972463458015523
0.7048280928631664
0.7409449134954466
0.9466167298096311
0.8380988166475507
0.8747296852785212
0.9430936456556032
0.84271916876861
0.5660039061379327
0.7709905519540998
0.6751897392139772
0.7840216546846737
0.6560278100765409
0.8197276955404857
0.5872371703670685
0.5401287589010169
0.964495537812595
0.878539631120524
0.8010238467849036
0.6085747751261317
0.6600728571893375
0.9174620470116723
0.6544303189457552
0.98228295916936
0.9324828304381557
0.7202222489067507
0.9835978824798788
0.5362391564513163
0.8145347264249266
0.5512336983283751
0.6520807537514649
0.7467402979384349
0.7122604888535565
0.7217544184466358
0.5765908358688873
0.7504471133381072
0.675059778709012
0.5108934964511855
0.7473749127251975
0.5966751978096236
0.9839479208624415
0.7826155043678785
0.9586507371225153
0.6544267485182724
0.6857775662923868
0.6610368148337866
0.8495260061017367
0.7828535412919418
0.5949807175152203
0.8679767788014299
0.9501133664957826
0.8103155045465741
0.7355658242137093
0.8703094201335235
0.6869698091530467
0.9432660910654858
0.5094224623715014
0.9402672166661206
0.6858560887468685
0.6469308973285641
0.5806715338358688
0.6217908393595715
0.8941836796619536
0.9133874890248904
0.7950626237684713
0.8160372153514568
0.5660289100651652
0.7872749232230013
0.8598391269571268
0.7536074226179118
0.7779512130813064
0.9991805222449325
0.6146697212249429
0.5239342984132132
0.7670143527030172
0.6054982705903514
0.5939482580777988
0.91601277885851
0.5985846725275354
0.989067495154147
0.9753726413764694
0.5129082390923787
0.7198042661617368
0.9910261792884723
0.9689540206616942
0.7849450369851123
0.912572763605295
0.7433987382402135
0.8813602526276363
0.8219257763637153
0.8100611527398451
0.6378664204706841
0.7394853415301452
0.9580256426016506
0.5702519527373149
0.9320173283245438
0.9257304077695158
0.6554005098607916
0.7052103381756343
0.7330322488456456
0.9137697702850054
0.7495017756198299
0.9869105997115974
0.6934298780429656
0.7628829431634867
0.7417580332327838
0.5621720210381684
0.8652508867580535
0.9685258513460113
0.8427054713133856
0.8706966297081438
0.5687888309754642
0.66614611496896
0.6560265217175514
0.6995414030143889
0.6258592491260697
0.8700539740340995
0.8521927446202517
0.9759679440295501
0.5447694593153076
0.7428335030881082
0.5723036837711926
0.821962976679334
0.547382822421707
0.5291795231473333
0.9584735538225498
0.524927692013706
0.8716693187109921
0.8964165301201032
0.6416720061802934
0.8559287750546061
0.779368012693012
0.7832571854820455
0.5070812695262272
0.6002736820108633
0.5844786568235539
0.8629797669254914
0.9748614620516453
0.5121299868338194
0.7065173994357291
0.798322478147329
0.9630669664530586
0.7267477345410167
0.8806673499433755
0.8967889616980778
0.7143011232739538
0.7275662817859596
0.8234100620074535
0.9901401673794558
0.6913834345689494
0.6682950378012981
0.9530061636189158
0.6362711434794517
0.5631856458446728
0.9792644659489891
0.7420319998435241
0.9962783061439888
0.765053692127339
0.7988694535475311
0.6794214352180596
0.6509590417511251
0.9187623630958955
0.684830698928346
0.5358732209482642
0.5615216181150051
0.5905776328789224
0.5525562289583041
0.9020705973359903
0.5767349106714481
0.64147821731198
0.896109903329315
0.727523039096875
0.788326687749314
0.7122808417757849
0.7844215167763045
0.9335969378729829
0.7855496820912033
0.525034288166184
0.7836152996569539
0.6173377349352025
0.8896492673381504
0.6088512652923799
0.6544887171812315
0.6810182140315664
0.9520778601305416
0.8539368692449774
0.8649246278231131
0.699756102912124
0.7641442599549555
0.7097636342255929
0.6296818999956386
0.7809941112422829
0.7003947595356725
0.5017420525682706
0.7810388447197925
0.9441799036624414
0.6497840290860873
0.7821940206671656
0.8817384910822454
0.6241546629480303
0.9914775764034727
0.9600344119458917
0.7694263801151644
0.7617256668500488
0.9519730936077606
0.9071885176598744
0.8105152568227048
0.9443666321422112
0.9959005207589777
0.590218705346918
0.5477944660007033
0.591847552905997
0.8803802589104219
0.7119221903774284
0.6402574839862324
0.9385464996339133
0.8904938843626404
0.9882458759904095
0.5155178393358231
0.7179063659100007
0.754334321055607
0.5258366945337862
0.596309407089223
0.9666093626968366
0.9281201377331527
0.617942809733725
0.921024382521688
0.5806468494447307
0.5997115570891801
0.8008293647736904
0.8634185408251507
0.7549013370529722
0.7357705102782186
0.954340155457106
0.5606829500859912
0.6537788665999733
0.726247904283723
0.8560827939201059
0.5378255131364438
0.958148353059793
0.9278134837078991
0.9722869268176393
0.9215123634185063
0.9611226056907236
0.72164801611038
0.7625771496719302
0.6246376050050974
0.8527071545939398
0.9922288982005267
0.8724952674994642
0.9922279054525269
0.9971853670882573
0.9091274136646686
0.6538933104486988
0.6179640329233118
0.5717854884787715
0.8606123224394686
0.6490550659679917
0.8284516960251171
0.7269049566023721
0.6882011598107696
0.6593647122979589
0.5052798547108965
0.8394582911217745
0.5371518435377051
0.9630565541208822
0.5988041124329699
0.6533066577816109
0.7915417511965971
0.9743336132359391
0.7560975017644265
0.5511575464388161
0.9541242781959681
0.7017789978628168
0.5320745220365803
0.9314295877644176
0.9180900722613001
0.8532443280069033
0.5453260605501848
0.9307248486217521
0.9516662945680752
0.9755776812668681
0.585168634937423
0.5318465283739443
0.6871111752883594
0.909178214297525
0.9122922512330975
0.912590662714323
0.8683831079707107
0.9502858687439946
0.7115806986027207
0.5072818388905345
0.5517244784924215
0.7204086499400042
0.697273479180863
0.6904235396095959
0.8775633808963257
0.8594767462111166
0.6322954734954627
0.7789385530541704
0.5908959731503387
0.7726896606843184
0.8249098187810533
0.5119702624255065
0.5005139950265649
0.517417714105717
0.764551152747833
0.5517164742934089
0.8760645406130968
0.5250127651426191
0.8022748287202843
0.7908164361891334
0.8571030865550907
0.5679636558344441
0.7438969648519349
0.6772092499963323
0.6471026361109282
0.6661756899209856
0.6589029427431424
0.933128472554186
0.5265678487321751
0.9858636613709275
0.7638843220099039
0.6815829356079073
0.7617149423593081
0.8909229070764642
0.6174267822911579
0.6571870210397595
0.8995669372927109
0.994220329552895
0.6160569405283587
0.86625256930648
0.9488145509785937
0.852589933026801
0.8918246241764323
0.7950075007224562
0.5760342481318664
0.9122374246656351
0.7890015941257633
0.9859890799982545
0.6041701085428272
0.9677568013991393
0.9475748524035623
0.5967156112509513
0.5840115423612318
0.7805392739917748
0.6195327181349712
0.610311882738538
0.8548265488099719
0.9462941706036312
0.9584804325957801
0.8096062773253618
0.8413924951241214
0.5445663745300462
0.7132251638396456
0.9463643092756163
0.6009170283757026
0.8969577021889884
0.9104335536940187
0.9080835075805604
0.610691538310749
0.8289540195950946
0.7491104700570856
0.9577666648415346
0.8143450413638738
0.6123850148040563
0.8681113641038356
0.9874022170493152
0.5977952814915634
0.872480537680163
0.9318165782593928
0.9244251405100772
0.8386296847293186
0.9772686646135995
0.7718971767973608
0.7505471754435926
0.8808532858571532
0.5527062256546853
0.8597795641867745
0.6448253198543239
0.866974040232485
0.5808366803166763
0.7375750434533261
0.6171382628101887
0.9399096087725038
0.9981670872573366
0.8123369899075322
0.6456205496301191
0.5267487448895729
0.8828355444111247
0.9745523483158467
0.583053360858063
0.8347758720619022
0.8405005382338542
0.9402785913973708
0.6517520189820083
0.8692030619068417
0.5598169974310485
0.7044816188073785
0.9037849310414454
0.9917660428421288
0.526495489455064
0.7959643072597288
0.7935251659285814
0.5139021293771511
0.5148266990315435
0.9261780525754217
0.563780129759575
0.7891789835207081
0.8792828075748581
0.7311491891434276
0.8805809340757229
0.5283858550260361
0.581202648627533
0.8551000315032904
0.5439462526554222
0.5223859629154284
0.5047575431890048
0.9557076330603977
0.5540320136160999
0.8106240248661829
0.5143753302870662
0.8702923624613126
0.5748388700703755
0.9745285203215178
0.6477476308675281
0.7521727760899439
0.7326240177294839
0.9376027778023825
0.5240635419607408
0.640526390652149
0.7232176517252062
0.5714052240253082
0.5886444343892181
0.7916366004374764
0.7164875104194406
0.7361922635919005
0.546280943573175
0.6255700225464225
0.5193117711958436
0.7297608164990999
0.9776935895184915
0.8175351518231455
0.8176631416616317
0.9062351392252159
0.6810300182486699
0.9413349854786772
0.5991086880182201
0.5305646813043587
0.755468157706543
0.8308982955961337
0.6154735319223974
0.5076570611869861
0.7232867482721199
0.9795538400415695
0.6485653555420552
0.8254611873773381
0.8225361710389341
0.9971716101662618
0.5118346936416386
0.738927483919172
0.9501059466991384
0.8767696536086773
0.5112502452749459
0.6007472398275888
0.7279461686205606
0.9427028016032502
0.972869701916316
0.50400293497568
0.7328420030214626
0.6369232034832278
0.5367533012263094
0.9663249625587829
0.8573437716452477
0.6464495045579567
0.9603560740960204
0.8665332302042269
0.9533612464818279
0.6580027790888622
0.7220181631873543
0.8695611814264685
0.6751842455963961
0.8271100237284584
0.627442304991737
0.936985743887661
0.9647045942007866
0.7834579315613777
0.515018833592628
0.7788576341840127
0.6180640766674528
0.8971970349637837
0.641881911403186
0.986501129570436
0.7334504780920121
0.7523184228951818
0.6733230982087466
0.6884012544336795
0.8591776556134231
0.6839002961960083
0.7208957080563838
0.5818346209415874
0.7675443434607144
0.6384564702448134
0.6121482297901273
0.7923977277036243
0.8014923157837661
0.7498836035840534
0.5543253953363039
0.7271887312947137
0.5380593302953272
0.6557192656670721
0.9629528150516953
0.7722007099349428
0.9289484029463466
0.5621407886005109
0.9568691795297157
0.5277771056996794
0.7370696455797201
0.7507208489079068
0.8361732320080438
0.8031300609951233
0.7089350138384032
0.8689239376453946
0.9791235415417656
0.9510567550339339
0.5025192076633314
0.5297564685491296
0.9435121544482591
0.9437834239903335
0.9079502492904048
0.8878646312237835
0.7287678708173126
0.6979293286825691
0.9020003148177718
0.7552306205113257
0.8750027296378142
0.5967982731109975
0.6042007537177823
0.8898021889690058
0.893567079493923
0.8646544497817517
0.8730034005305134
0.6925104659979646
0.9173731332330215
0.9740283541414285
0.9243084629626979
0.8405855890909245
0.6610862509043371
0.9819422568395668
0.9737358982815952
0.6105601755358342
0.8744697939164625
0.966227979123079
0.5671434229885931
0.9402755493737416
0.7091453224423774
0.8582150877599011
0.9275843306035587
0.8201608520709169
0.8092857470569541
0.8675461551318595
0.7306799179003022
0.7555058717238472
0.8022923875241443
0.776385896158128
0.877913292467901
0.6237555666808177
0.6336464895788073
0.6818708592195861
0.7970891346316924
0.6798006296442995
0.5661684437850372
0.8033462120232493
0.6787975420791472
0.6446695639948108
0.8675822468018557
0.8255678188470746
0.8993414403316089
0.8176840255816528
0.646915549419949
0.7084385521283829
0.5178517248522181
0.7606882628330475
0.6795736853696495
0.9459291919462038
0.5842167250796766
0.9832933584753131
0.5452240683156422
0.7771569008025101
0.848830087732312
0.645890924188513
0.7687090713101872
0.5854624498823489
0.7373331091783417
0.9750330036411774
0.6928471094971913
0.6430029747885886
0.6286332404157946
0.559169885638036
0.9077627299045705
0.5669609598306247
0.9257932635797057
0.778046721548747
0.7252320762810331
0.6397918728191967
0.8872943486301301
0.5944551393455473
0.8673238035709142
0.8291866328139881
0.9747981204649513
0.6538786747152094
0.6933813514052415
0.957201379045376
0.68826965008362
0.5029572433443872
0.7956060577086892
0.9765221438437119
0.7256834830805756
0.5831816790174944
0.8055715946139953
0.5770259906841766
0.7931405963567473
0.8164420287783394
0.9799990195129265
0.7612396535863268
0.8592700884678113
0.5960711915845953
0.8138148825577884
0.5156871729620318
0.8730555019918931
0.8357795044713888
0.5313355498706978
0.5658398100194486
0.9401977214233461
0.8080004467854457
0.6242337979519403
0.7507786494615609
0.6854927024761462
0.8357082472697259
0.5551594786345375
0.9697332422015574
0.9643098831177398
0.8265467857756017
0.9509589930197342
0.5747583548931061
0.6728245091931366
0.6776476189502503
0.7333220274160666
0.6415465073500375
0.914730004260802
0.8458483326669636
0.7733658576685086
0.5629581671607722
0.5744443821457987
0.8796900192763653
0.6288402485218405
0.9753135441296428
0.6301860570516233
0.8990675409843101
0.5374424799715485
0.5855208585287828
0.5638132563010977
0.5760971757651806
0.6822659464268717
0.8606826509596366
0.6886022303276269
0.7368764925918113
0.5412730195012063
0.7269433415601045
0.5283021497155114
0.6980137506993993
0.8294627044633176
0.7117968436629816
0.6530515008939094
0.5641535208796058
0.5897708738859361
0.5946866390434645
0.9415617674403152
0.5064937192753167
0.8695244141264071
0.9758967647884575
0.7523070011897173
0.9013661597505682
0.571920968638846
0.930980564187399
0.9251179783966825
0.8755472374694058
0.7668363661171586
0.5868994051518848
0.5798831221961618
0.8366076915151872
0.9139223874439154
0.7075366415247708
0.6033816717800018
0.9392345859805247
0.8924233345939845
0.7097501197910787
0.9979051753789998
0.5019927111698107
0.7910450995734252
0.9425117195920634
0.8074831000404852
0.7892063638073015
0.7805091792007626
0.5083368087154979
0.6000880888493942
0.5355349706104084
0.6642271209341488
0.5976996211990732
0.5540480110923139
0.6602972093149296
0.5267621817619081
0.9220871256181349
0.5408274453368096
0.9610207579894205
0.8937919195330712
0.7466483039638767
0.657349222323365
0.9637414003032474
0.5408140581841121
0.6737757230320773
0.8874375063965312
0.7476788693879958
0.5903746770390331
0.8556676189824359
0.9916556618940919
0.6816036698036727
0.8451480118576605
0.5574918482579561
0.9065871079122902
0.5110007633390015
0.5439679250383525
0.7313443553491354
0.7602304629716929
0.5751388564665335
0.5716747505121137
0.7392608115000132
0.9585996581506802
0.5116761459274635
0.824384961321506
0.9998267641648352
0.6108737705079418
0.5229658542346185
0.8226701808896986
0.5115189676904777
0.8321813473717112
0.9778920701169342
0.7296013352679831
0.9833276079997947
0.6143297790785208
0.8900637300342991
0.7473706509229368
0.8128149202963775
0.7582113497720527
0.6548740411696294
0.6259643564214318
0.665219878352284
0.670213842468355
0.6850850555994104
0.6004081769382934
0.9578775794616085
0.6280348078017848
0.5147937484729116
0.8753553508679554
0.7038272032749553
0.6193259957399606
0.9677993048597172
0.5945735020820886
0.9631725081071939
0.8739182901825623
0.8397325387050686
0.9860816057368382
0.8788843315372954
0.9646745575186494
0.9894816118592438
0.673754157982935
0.8226671709829811
0.9706449875294554
0.877338369053315
0.8275863672436264
0.7932220425470966
0.8417363743753838
0.5937375367313382
0.566241632563854
0.9651839226650366
0.5982275663462537
0.5406107442859194
0.7090857734422419
0.6112550344893332
0.7385380321981236
0.9036664937205969
0.677671313094969
0.9411252901769428
0.8114426406830899
0.858769035025235
0.9185439948773169
0.6054304088974795
0.635975857392979
0.6830793156681135
0.8956613140907567
0.7010850156234847
0.9630261140050458
0.5038558705735999
0.5773504013478716
0.5956296426504284
0.8111684913846658
0.7739159131862567
0.599815827475266
0.616379170725001
0.9072909989067395
0.6972469015842713
0.8891274417900964
0.9754932326076078
0.9735817650311916
0.8417127720178418
0.9906164007537357
0.5249249299158718
0.9490814708430775
0.8852291785509723
0.6268937522434632
0.6187038867020933
0.8655060111213153
0.6081810412843961
0.7124482260873238
0.56698282156297
0.5886523807057981
0.6297265985346451
0.5422144556699064
0.9580080376892446
0.604345279929356
0.6537000454861973
0.7399078318849088
0.5554627046579947
0.7254987792836731
0.5736218791249961
0.6041534613976502
0.8098003916833063
0.9694709426765296
0.6312462131213157
0.7165458140421621
0.59642361395926
0.6618877700392651
0.9318250593578732
0.8723804618591043
0.9351863643295941
0.5644385869570714
0.735934130965666
0.5909539308714084
0.651323947327318
0.5175069616221089
0.786318185893425
0.9112927113066405
0.8795544825740167
0.5192300211623091
0.5615173276666954
0.7934811153031764
0.7782721760935436
0.8234151255755782
0.9356752174216034
0.505976911631055
0.8895475754215298
0.964522207975651
0.8202092972029607
0.7532616610202407
0.5355665534153067
0.6959634085225022
0.996430756505272
0.754788076196331
0.8762946385670012
0.6842891762207272
0.5859907258303502
0.7439783535745248
0.6201234954029047
0.9137958282596947
0.5388269529589966
0.5324807073399009
0.6046755924038494
0.8908458838456313
0.7395565016293665
0.6394259502682923
0.9477486045565002
0.879101078191308
0.8964198202570735
0.6852171451797116
0.9480045153880117
0.5633485424602054
0.6447803551014335
0.7001690329460712
0.8667426723599427
0.6495640317674783
0.8727422730809531
0.6421372457482423
0.5245804564482056
0.517188738719034
0.805313375519563
0.664422019872764
0.9064339659789349
0.5383626121021736
0.9381795275060614
0.8194401382279644
0.5719436040503194
0.9034396517092214
0.7128107165295744
0.9092300212032112
0.8235616047676272
0.9414981413606364
0.9591644072235922
0.9793603899197378
0.5117873952251615
0.6186169771954679
0.5899494215426306
0.9957719720580473
0.5905094217170274
0.8636066792860477
0.6653891053776337
0.9611193255890111
0.8670888246342612
0.5151305163628133
0.6401012426146859
0.8337858918803331
0.6976887461034492
0.8031238633476778
0.8143461962835916
0.971792305683974
0.6859069174090742
0.6477684865660593
0.8508388595455313
0.5556717203858141
0.7209407271065436
0.809179443382051
0.6628450270943693
0.59717251811338
0.5808428877528022
0.9045733042876081
0.7951383287548451
0.6426920852151017
0.5546104017870339
0.5644619127357796
0.7448279433252891
0.7012630563612343
0.8429031524596868
0.883431337729323
0.5199946532820782
0.9716456994938929
0.5681211707447411
0.9688813379853043
0.850951697678183
0.6200665286019396
0.9696385652845578
0.6644121170985265
0.9580276670822087
0.8219992056232417
0.903111248110768
0.7720234248856309
0.8543547674712885
0.5575132170731089
0.5097577753164524
0.7949852902326515
0.8016801110214605
0.7099124256516228
0.7424696513598854
0.5423795772035859
0.6011253146285259
0.7217547602762211
0.8447738165833341
0.6264766845779663
0.6166714111342644
0.7204783756004325
0.9267686951465449
0.5167818172711016
0.5770035641157907
0.5247396681577888
0.9110342537738911
0.8212042747620761
0.7365093010393204
0.8610291937065702
0.5268915510144634
0.9628318973141308
0.5027806613632
0.9560741459848906
0.9425076601427186
0.9408405854870111
0.9594886021031297
0.5074330762902797
0.602536415339997
0.9743964203801558
0.9728439460792917
0.7975735002242823
0.8086801103745734
0.977105786405954
0.5250094052493046
0.6155514882137942
0.8844514298162819
0.5828801251317048
0.5674720402608395
0.6994968659622904
0.941361137706488
0.9766022643948316
0.9357819964169201
0.7603808969880788
0.8930936005047866
0.5006746500364597
0.512454212527772
0.7718897453021443
0.8755274408782847
0.9566935782447019
0.5817790571348394
0.7963800235888214
0.8723746769278814
0.8187163430244783
0.5182478168834752
0.9875776385171717
0.5483394521585964
0.942365566260525
0.6486471924518815
0.638077051533261
0.94224821505423
0.6252759548349582
0.929809930425634
0.8437167656458638
0.8735083010144701
0.743803881622185
0.5527208967975823
0.9717722587340223
0.6898583792616193
0.8038906078182255
0.533504927177191
0.9927707368183633
0.7237487592717429
0.7567948239616974
0.5231762907329482
0.670826277793339
0.6655298435143158
0.5515367711250436
0.9701467120571752
0.9692879566817632
0.6886274078954004
0.8990734515956945
0.7735383332941727
0.7242539364399639
0.6450749947660708
0.5694727746957431
0.5074054538663899
0.8650671734074931
0.6439717202664381
0.751092092409619
0.5052389529045981
0.9996939946368288
0.5477259413661573
0.5105988766641449
0.8823978994710745
0.9012312622335069
0.9704412641253922
0.8142184109721151
0.9286212451951241
0.740912882952096
0.9159975657708258
0.7222272100641822
0.7764740438106279
0.7809824476435917
0.6561165990915974
0.864586724440197
0.5980880185618029
0.8832586463208943
0.9264540868217572
0.5067033571337319
0.8443968428939186
0.9058232360156303
0.7482799253440928
0.7575380752251896
0.5904835326537972
0.8632752215781629
0.5389994504697023
0.9798566195851959
0.8896097700399408
0.7145914066345866
0.9927326006194155
0.745063336304753
0.9333560050624417
0.5073614903748569
0.5308209740993324
0.8849838093950415
0.9790318426977607
0.8054355269469209
0.6286831330952054
0.9901612091428104
0.6112411573386024
0.5325678113454861
0.9138097423856187
0.9417228927047555
0.8256426345658211
0.5845525511405111
0.5984842010794093
0.6339986257032382
0.9668623442450495
0.5328642155078651
0.6445317118887
0.6460414542326361
0.9291952131148582
0.9676714873367678
0.9724551523327476
0.7339425993247963
0.9639814912199256
0.6640817738569067
0.6137214010968569
0.635769092344814
0.6774447158369726
0.8578807765820212
0.6440130753861522
0.8580197130650657
0.8012492018842726
0.5713877281957287
0.9150103869536643
0.9629482802828464
0.7434786374621996
0.9313564465426564
0.7039015665112299
0.5007343338633652
0.9302779604439841
0.9071093613183073
0.7406493692785188
0.7822977050824917
0.7166462421585402
0.6384769782072441
0.7598249510917379
0.7461418303775118
0.9362830570818641
0.8209990621355154
0.6261222360573796
0.5600966448846375
0.832006391169519
0.904601094495567
0.5715454554417347
0.7807473219583883
0.661034075766275
0.6060531796096129
0.8356147873577965
0.8497849915019143
0.8308235879681147
0.8933095651008822
0.8189327008313209
0.692895717058658
0.7441540637335918
0.5802518986042602
0.5551357801674912
0.8125635700161989
0.8233191565551997
0.8636793706792552
0.7401750941688977
0.7764806805907207
0.7344568162508789
0.6052959342305618
0.9499456909636579
0.5565935872650573
0.9002929444679253
0.5130444034972402
0.6492122514397827
0.850360659165629
0.7561567930074967
0.7893612517955493
0.9301669099992653
0.8062534419916861
0.9415528075288054
0.5896323115073558
0.9224746520482816
0.6763569284119362
0.6350865356673641
0.9241141643862121
0.5847168551932285
0.6507391932707753
0.5971666455707307
0.5865408501277154
0.7949588234402686
0.8919255683248881
0.5699951195942685
0.6643583882969839
0.5583743873348599
0.714508574192537
0.6196150935105692
0.9989584375661535
0.6405735560143705
0.5196156598255552
0.8233075015432154
0.9284638417392241
0.6405354064536355
0.9249761549281629
0.7668307698349299
0.819311183717135
0.5753644679977143
0.5042943010510158
0.7431267730735805
0.8639672626726479
0.7089547591835588
0.6624679142633788
0.867207035777571
0.7558460170634337
0.5032188496339582
0.7190119403831257
0.8614646609216561
0.8545585771186456
0.5770589230499459
0.5141382606979628
0.518734076823502
0.8050946864291699
0.5022015341461918
0.5553061761119624
0.5673554134752883
0.9505286567724278
0.6781310481468343
0.6274692621070801
0.724703936110872
0.5215034651019328
0.6913096232556313
0.7223121499862346
0.8998021567798651
0.7320521490220346
0.8478628450197441
0.6803760342314945
0.9320972197149846
0.7577257299829738
0.8446573281139136
0.7354802072481343
0.5131888844186283
0.9039667855126647
0.9681931189172603
0.7123064998281786
0.9712663944686453
0.854861967199904
0.8078964414901637
0.7749177304537145
0.6966908602348505
0.8766934772240351
0.6342650005987789
0.7634949035080139
0.67302911596926
0.8053187249765945
0.6492501454407054
0.7484469416600248
0.5953923382100308
0.9367781363013096
0.6798184831476929
0.7727886048467032
0.5102378355398691
0.6957667508733578
0.5337525102770462
0.7387778430260277
0.9365537148361798
0.7050592570379086
0.7183095364849863
0.8534897789193081
0.8561735532275109
0.6199880926137311
0.7626522834848322
0.7542758356945551
0.7793001522352161
0.6610764716519938
0.595243927282835
0.8474475347684859
0.8966563275352737
0.5170483330317506
0.690820272019959
0.7453256736115155
0.6394201632265872
0.5684007654942039
0.7089912927108725
0.7423956178741976
0.9947859862422097
0.6205778231826029
0.8643690201628735
0.9999768250781549
0.5115548075062621
0.5807523497869318
0.8360649121918303
0.8362356546619854
0.61399367494431
0.6530197885029279
0.9661553885837983
0.8951838829605494
0.5385537795181157
0.7758653684219392
0.7881797622108768
0.9707492373763216
0.6437920776575703
0.8557489264543618
0.6669509513650431
0.8653571866509195
0.9618511914277683
0.9485579273054626
0.8080851552560873
0.9707802220361621
0.7870394781941552
0.5458275001039646
0.6540122849818194
0.7655016535021542
0.7874702735666008
0.574689501337366
0.7313484945118759
0.563382765841492
0.9048478843684415
0.688999456986574
0.9442546168497039
0.8431103680956338
0.8374177248891266
0.5856128162733759
0.9237674467690392
0.7376165320968842
0.9976150683996567
0.8820088568131377
0.51505449381353
0.867364957451874
0.8345768783727874
0.9101465167411108
0.5090220545820839
0.5031464271804236
0.5262573553031235
0.6491294521149261
0.5879304503221698
0.7762889021119372
0.840877048808844
0.6008232739230188
0.9675028796922556
0.8425581699702684
0.9477354968382546
0.7939594816054707
0.9952360646150862
0.7332266048721541
0.71236535725535
0.9780696419079873
0.7863584018473306
0.5913477370784428
0.6139004063961386
0.8120282738083064
0.614874183249194
0.7632820689803677
0.8093442290782491
0.5307593272128671
0.8181158771029285
0.826882467812325
0.811033382299557
0.7767645083238004
0.6406951051977874
0.5720333133875122
0.6415139068678408
0.9234078504700445
0.953584083616065
0.8344332745345302
0.8505879947772803
0.9886057155106778
0.5910812884105521
0.7093014064400855
0.8931451115162349
0.9689994765626233
0.9896024348085543
0.8948849406849577
0.7897553143021525
0.50933260203361
0.9019335255263785
0.8771575830295033
0.8368930798278243
0.5930604249623563
0.6152691777511317
0.8623463519456543
0.9489102067096084
0.9897684947247836
0.5113272321034118
0.8160927581145274
0.6349573620900031
0.927382209927601
0.7119299391677094
0.7862125109623417
0.8471407572630629
0.5171692959240263
0.8785706497882881
0.9117211574248261
0.6020078264739994
0.9479737804004376
0.6556383055465351
0.7841730985495231
0.5305086272422186
0.8347835344864178
0.6830733260760067
0.7987282291438995
0.666480694710794
0.8610404067927462
0.8582293366297419
0.5296978162894206
0.9630593335830206
0.7308744386323553
0.8157586994179811
0.5869086644099692
0.672518972508669
0.8702945555830228
0.6246713388035412
0.5532293263068236
0.9560533285489419
0.6627585395844
0.9492807538021883
0.9920861567677837
0.5662861877491812
0.6278427735179246
0.6767160069757931
0.6920200267569482
0.7734449778493429
0.9094146169197166
0.6756463598654927
0.5801917066299049
0.6049546566536079
0.605075514727774
0.9559582932608032
0.6720469943087106
0.900904343904412
0.764722379456821
0.6167904353040466
0.7734206253008404
0.8516996110320807
0.6628855813692965
0.508432389281672
0.8093858132759211
0.6867468165299069
0.7330890094194997
0.5137312508613271
0.805712876000154
0.9861881406652419
0.7410756050168945
0.9112876982358794
0.7494529672118222
0.9905731540964904
0.6658179439058332
0.7713340659055031
0.8041101798699073
0.601944967558246
0.9953701879218939
0.9931296948088861
0.9874335001146408
0.5678744147406123
0.9339518947584908
0.5278523736810098
0.8316605506846522
0.8371425870851873
0.7555794950433229
0.7644615495274996
0.9349459953475787
0.50296867296822
0.851906902486812
0.7425522554120543
0.8038100052419425
0.5861286102804212
0.6980659336213025
0.8148332399383699
0.8897666535244009
0.5262776663405075
0.592786364487822
0.8857378468041621
0.5644843174525453
0.7128110045511101
0.6654988199654281
0.5189633823723938
0.6885666324343278
0.9438503876650074
0.663237912025654
0.5689886379204494
0.974668632130606
0.6994292336800609
0.8925396977509501
0.5853597183316017
0.8253989020487202
0.5662363957381178
0.9013666015349404
0.5677419710585216
0.8719947768034781
0.8729765690051241
0.8489510881164597
0.7260054369223489
0.6229229824285586
0.5137650550310336
0.618200170970727
0.8599185705263257
0.7821515549320245
0.5370390604788313
0.7223265361267602
0.5411371564424855
0.7112539172750717
0.9227062317424296
0.5090823699070361
0.9946292919104398
0.8786229809891296
0.5122924176939084
0.9678457485394482
0.5465839346324076
0.8635264471380133
0.6241727696804451
0.6409001147974607
0.5406461663444592
0.6673950706059822
0.8357751139770841
0.6181222805792628
0.695425905809212
0.7818485662365195
0.8154980909000962
0.8199915885972374
0.8957953754325911
0.6721567923068612
0.9836770156286783
0.6277130968427596
0.7804633342447755
0.809847038276658
0.9569746659871773
0.7675887907751064
0.9080871346747778
0.7834743194458387
0.8486219439280893
0.8760248926444664
0.7394876075128356
0.5394547488265292
0.6196103680949516
0.6299867354162648
0.5519278013363907
0.8629075280421385
0.9527725626033487
0.9719470912259853
0.8176693512395662
0.542232471393884
0.8700495467814431
0.910188701935198
0.7154522528354303
0.8901750861292039
0.9941102645030182
0.7973165771535584
0.7928020737535729
0.6229428443298408
0.9936538296540576
0.740686681673079
0.7418729167769045
0.8651243509646848
0.7215207390971963
0.7578871035993634
0.7938378930447958
0.5525331717844133
0.8181787611066254
0.9210108655247311
0.9735891256294913
0.7713654462945336
0.6738478437196165
0.9371511044855683
0.5339437061431026
0.8567014186379298
0.7620146998791102
0.9141127497333148
0.6804895530270546
0.8065989198417207
0.743651454834362
0.6028422981806677
0.7627270981823742
0.6998040626915687
0.930529751931807
0.9285972523244387
0.9688803830580068
0.6626601022811618
0.8778649190421549
0.7214657568257193
0.7444461093882602
0.5812599375804446
0.5067943802633488
0.5908527199565492
0.6971969894790339
0.5785830275263707
0.6064401800630317
0.7911031188939401
0.9644044116430468
0.8859466705585842
0.5263009266951082
0.8415982717258642
0.9168374245300808
0.6346727557478169
0.7456031190170203
0.9786713381327659
0.6351432765506877
0.7595572221559135
0.9417722186852352
0.8986843654103851
0.727021980933853
0.9745120619428631
0.724510951038341
0.7619669467973302
0.6335146939436695
0.5026013909945966
0.6943701598175851
0.6854804465370867
0.6470900019238994
0.868572692436341
0.5149705197592971
0.8853227360250377
0.9394515721191696
0.5393576600593448
0.8346818709861756
0.5448742807233642
0.7361066468568274
0.5873385661731348
0.6665192330591027
0.7045904246850203
0.8578231416815716
0.6170238914461019
0.7672398587584173
0.7987689212826287
0.8779743700959121
0.6841965637734996
0.956800083642293
0.8972786849043245
0.8529601493178496
0.6415676090678446
0.8048470956502787
0.8440251785359586
0.7319319826749554
0.9309065047930953
0.8986045287891271
0.9378660648245153
0.6868249891143345
0.5733929559815525
0.805480375383459
0.6753644990706262
0.5437357327466221
0.6872294492576212
0.5264445504576756
0.8995655275521199
0.9997365903892775
0.9023605954957572
0.5857054477694741
0.6284354068877329
0.9773264755217697
0.6559382553609296
0.5820349052088454
0.5054413349974642
0.6357505788757016
0.7358847876277398
0.5140542830168058
0.5657468949416173
0.9927584563464737
0.6010246074642905
0.6410886303356209
0.7586523885886658
0.6314293171848591
0.9149202207755647
0.8885527329870588
0.5473122999028521
0.8501408863053543
0.5878628000933885
0.9362451208845352
0.7022828278509003
0.679710372120478
0.9890635136353902
0.8884425842637305
0.8235289426655708
0.6424879279749698
0.6034673307925118
0.5337234750191213
0.5971259655470003
0.7062163497923244
0.8048464165370658
0.7268383400428102
0.937716334336885
0.9863234135372769
0.7588927806306736
0.614701048479253
0.544917728172492
0.5597851187770388
0.8465557656962864
0.873186325157882
0.8196918894578464
0.824965595727504
0.7341785232903655
0.7976685531277681
0.9663718044771066
0.7863572269296086
0.5061888625451192
0.6839650935996893
0.5064420240900476
0.711019701013775
0.6209910527630579
0.8426815291396885
0.7810898955505576
0.5449045826091197
0.9810446884173175
0.5109557256406314
0.6614645630579671
0.9624382545123449
0.671551644537422
0.7073145726431256
0.5097254894183154
0.9182141367610472
0.5926585892383291
0.9283762958152273
0.6743598855623489
0.6056964033835464
0.7729984902014568
0.8867049351275921
0.5704166037681371
0.8939187048694743
0.9916716514663075
0.8111255705663198
0.7382521566467874
0.9989111496707148
0.6255960216035783
0.7304597640389792
0.9072056862953786
0.7943650388453429
0.9542390504130843
0.6080518103074274
0.6827720030851232
0.6501056162307964
0.5652745438348636
0.678188534857576
0.8613561386138158
0.6611546123421072
0.6090913670842935
0.6638395017491687
0.7499456449624655
0.9721176949913242
0.5008618476074557
0.6180277513776203
0.5728003832550559
0.5048017901767609
0.7611800393815618
0.9656430439353858
0.8423032722863543
0.7565552754222489
0.5595946673766825
0.9983368187516549
0.7839707828345452
0.8323743847777088
0.8735184658886006
0.7316881260020571
0.8001838820147023
0.6811248971968847
0.8194491737716278
0.6291857805188966
0.5699971645798463
0.9954656053719352
0.6944247111423547
0.9977145677848254
0.7963227796663906
0.5700090806771816
0.9274684230645535
0.5154570902018505
0.5700479767164925
0.924893377907624
0.8216422017473939
0.7411833141056984
0.8459617747168291
0.9244408433850883
0.934724118944952
0.8638792123796329
0.8428268067883558
0.9867853481031086
0.92825436020382
0.6265200233934667
0.9941521657032432
0.7409580372144077
0.7005963564251754
0.730937674672028
0.8401838980428971
0.8423122530200823
0.8714159877487901
0.7978487848827382
0.6129344924599366
0.962116987686354
0.8443811703204045
0.7376454250527433
0.9083724862876714
0.9743454458812046
0.8676088694371906
0.7955729723336336
0.7892378164545577
0.5030066275334281
0.6934818246888428
0.8129445908157784
0.9633714277068754
0.7566942755359436
0.6953193984839454
0.8431491089416214
0.7028844509001495
0.6386142680006308
0.807417666182354
0.664840152273167
0.8669541212934431
0.8806669577720155
0.9650502445196087
0.92410279998338
0.9265654691045224
0.7743873773906
0.5611502801803203
0.9260662853642423
0.8368396029758342
0.8637525601868956
0.7482137746526153
0.9125147994115257
0.8001580557906139
0.8643227175737968
0.7326227625834933
0.5618225652421276
0.5406476844447627
0.6156159113571664
0.6014948722821233
0.7275665341871557
0.9048791982934321
0.8952100290604014
0.7344946415605454
0.9914737814886221
0.6898528455497219
0.6829819921847752
0.6046854513738615
0.5387287560555644
0.6227361040233437
0.962732192522411
0.7226445571442888
0.6031720012116346
0.8690379834086628
0.5154289142786048
0.8546764864718076
0.9719639716880188
0.6710991927592342
0.799872338431147
0.5067514527277337
0.7686946162625113
0.6110071059260009
0.5774036040851838
0.6840359731290415
0.9026883315020371
0.7309365313846763
0.6007540858001267
0.8979922013217083
0.7043829069525436
0.7038312185408149
0.6138605595172144
0.5231388059183697
0.8078625695984842
0.779038803894831
0.6926088509548027
0.577733397238669
0.8192461967596594
0.7087084533528023
0.7500427135520116
0.9064942492357322
0.9298534815343564
0.8732548649623709
0.9606613062570932
0.6679662434574901
0.7624349685755771
0.6819541307396735
0.7004033543246115
0.8914827015652665
0.5646055648258241
0.6619048347581931
0.8730999485775361
0.5012222390115986
0.9438784323368195
0.6880459046974527
0.9946146721830061
0.7231080644538299
0.9150421689708015
0.9255165154442213
0.8902501078714549
0.8304919875246266
0.9962554283306191
0.9205865398120646
0.8475681252501444
0.9222683836238039
0.6342265098804312
0.6555020685730525
0.6931408085839099
0.8428021840985034
0.9907932585753183
0.8985186696977439
0.9203227108418781
0.6671406810034738
0.6580624495402504
0.8946447222286673
0.7594491096298494
0.5521793878429463
0.8729337360805922
0.7186039646444327
0.7999849554718541
0.8715812705160999
0.8103418494384391
0.9469191679105317
0.6182569371072062
0.6028513088041784
0.7045126483597836
0.9346336170864356
0.6186693841833412
0.993992233508731
0.636333180337949
0.5102240412999199
0.5484409376594623
0.5785853288608511
0.8379794448435314
0.6763506244885277
0.7122094183790236
0.6898032929617468
0.7528831201649008
0.7419162103160541
0.5297401575967345
0.8785077786678417
0.8951619426273038
0.6477719465306002
0.5973607560407728
0.6345883494532971
0.5600262744212512
0.7656401463524718
0.7464469098110096
0.7278711475221851
0.7724808166676082
0.5457974401394967
0.9301164187259868
0.9379836419261285
0.9370593697865134
0.8742218616922584
0.904469899376349
0.9575152301878047
0.5700950890527172
0.9537672770593286
0.9724370465666952
0.6534142913046965
0.8866664135357629
0.5497230815051515
0.5658153949391709
0.8875296667753463
0.5298173724160031
0.7217953282856515
0.9505872159600179
0.5674825008811581
0.9784632209625257
0.8335310683311854
0.6477869574858288
0.5700986767064429
0.6498900127242944
0.8198596402518159
0.6788840202967097
0.7472796702709222
0.6344024011201927
0.5787261142284774
0.6560376071795457
0.7656668237870037
0.7841265058120119
0.7280997106040243
0.8904457049648782
0.6755017113774207
0.767782217296695
0.6328971452636583
0.7955012637605068
0.8767722107784399
0.6166748287905806
0.6646973128227617
0.990190869448178
0.7644392751366811
0.5774510852264048
0.6761910101527617
0.654986244733901
0.5052747259670689
0.5778837307982909
0.7647767103187398
0.8096892483445521
0.7087062103332717
0.6221616723406866
0.6558174768312388
0.5653897578889772
0.6270631853439577
0.6642571506128511
0.565269091695621
0.6829372732819188
0.8047051107325407
0.7176741677621912
0.598983349028134
0.6165278095705795
0.91172115078546
0.5889712282261239
0.5744375930859784
0.7365265086186571
0.5672887194244058
0.8817398895562554
0.5362039865461498
0.5554653099580433
0.5980641053542428
0.7236806555417155
0.716800327226216
0.9328495241214511
0.803859138868555
0.5812729337385049
0.9454736827870192
0.9776200984053909
0.8792086721550078
0.8872395976698729
0.8759374399400149
0.6506753962266053
0.9594289556150505
0.7946089177403384
0.8394542086139734
0.7525385846472883
0.7480215084691673
0.8763245060104778
0.943663576846739
0.6787876997606996
0.5654166171491555
0.9428536988759457
0.7959234374056465
0.8575091267445207
0.7251719495416706
0.5404695242330984
0.5434711918457941
0.9995264334372395
0.9066514584404496
0.5304662810982275
0.577868969410706
0.608039587433274
0.500632838098555
0.7443497863403779
0.5235184037892332
0.5336390197802858
0.5516743628358599
0.6144340206119906
0.642127338546356
0.6637614162254326
0.7179799892580858
0.8977107577069999
0.9095719082944462
0.5078282949169679
0.9718645494396532
0.8475324303265339
0.5444533280792752
0.8272526857019422
0.9181294332868327
0.5657473049753056
0.7025437454896961
0.7759814097297764
0.6635003005705362
0.8367553411609078
0.9288565828504862
0.920803158345395
0.8983196506078464
0.6449387955247505
0.9186420428615174
0.7636294101893074
0.9317139240769567
0.7437417416962064
0.8545826674343389
0.9155270017424337
0.6034013009661561
0.50005199828764
0.6993941804455978
0.7487429439456292
0.7016504681291995
0.7049761790507771
0.652587124960271
0.7367090359344619
0.6144090490617389
0.9299308340752082
0.6345694698747246
0.7123902726642899
0.6838243483966886
0.8686512690656334
0.6042165497586645
0.7141385096996155
0.9903855515888209
0.7190901893569835
0.9541465263135557
0.9855388340024749
0.8364426980222872
0.8906757841516935
0.9096483000468574
0.6343575855255077
0.5990483045356249
0.9551734393568295
0.7972406510651621
0.626588710482151
0.8668147943881421
0.8944457266463814
0.9730413202400177
0.8566264848558489
0.746317016139189
0.8574757864834481
0.9307138444177727
0.8798781596788743
0.944332637870187
0.8432522874063895
0.7523437893920153
0.8368739278614054
0.9055506523486003
0.6702121241222323
0.6848424164481908
0.8426324176614322
0.7065786896767641
0.6601411878805923
0.7701639318278984
0.8476130966046576
0.5395727263063894
0.5387525154537426
0.584504307146759
0.630405428817462
0.8553469521193768
0.6557211696380268
0.740718452317624
0.9590759935079032
0.9969601271108206
0.5349645509727031
0.7577260780160888
0.5653290474211126
0.9820317197218955
0.6497174066678346
0.7063886651291067
0.5955810264062278
0.6337095942393391
0.9567072795119675
0.8771014352715447
0.9420403210109749
0.7202099096869057
0.8278663912696932
0.6650247141988677
0.7034380539957663
0.5001284500449283
0.6857278164364236
0.9665440009007453
0.5817153615524829
0.6554412347546363
0.6565822746362464
0.993212937505757
0.8363449310069853
0.8691185851919114
0.9197825002440054
0.718221008557342
0.6338038695325239
0.9046448399204969
0.8330280077720731
0.7082723998880067
0.8479480902411864
0.7913939193895696
0.6586821369763842
0.7128849978899436
0.9267515167027871
0.5521571928167515
0.6330557878013245
0.8600838633179831
0.8543545564639492
0.9790845653907319
0.9348186714304667
0.8265592719043628
0.6883184925503691
0.8578540556178692
0.9926199908997648
0.5176780859965169
0.9578642298007054
0.8639271196671264
0.8127577839504183
0.6298607286160491
0.6846673889839068
0.9468543910848344
0.8381770550774537
0.8749400411641501
0.9694222977951801
0.7964583247136559
0.9900873339908192
0.7178828343610244
0.8555811076746105
0.5798713253305061
0.7176546486460467
0.9270486804573266
0.9411872456027901
0.7589490845823524
0.7884534599858459
0.6356924706868375
0.7690300305712259
0.9852180473891947
0.9989596387685319
0.7116012574285919
0.6702211752844442
0.9474544376839255
0.9597648215654364
0.7120941066686449
0.6251571772454163
0.6990283947207812
0.5915864775845849
0.6494573082142783
0.7629966960537413
0.928840065580139
0.9870791910395271
0.741301465654655
0.8147209488213766
0.5873745417397587
0.9681553944065954
0.8770513431157665
0.854411710842405
0.8877420015011831
0.9874246261683273
0.723474637288858
0.6491059340927563
0.6138008343402468
0.8903419430115336
0.7085670654301852
0.9067126158313693
0.6713837264201644
0.6526467499971865
0.6288821270419536
0.7592917904661142
0.8455537981580719
0.5941308542344615
0.7102229534337716
0.8144860405701081
0.7646593227404486
0.988756372909388
0.8541971184633024
0.8933980324924073
0.7963153725302782
0.5404889499641499
0.6287118362027888
0.7873155467796762
0.6660161693764934
0.9777446878700576
0.7601788271488464
0.9916727037715322
0.5833296217802427
0.8190893796002465
0.8730072012521798
0.7299775925119067
0.633217719393814
0.6257955587866022
0.942278157440574
0.528574838612946
0.5965528310370827
0.8457946959389846
0.6989037777918452
0.9108157608416678
0.6146898723156291
0.5165896853895049
0.5465571860564216
0.6517467992295101
0.6216668186328859
0.6654572991625893
0.742076612890117
0.6337377332367061
0.7118313132541452
0.6866598090196263
0.7653785070618448
0.5988812388918106
0.9830319881632811
0.5471863621413371
0.5881447352224263
0.5764636984614573
0.5645660969548909
0.5460932893071282
0.9908557167146371
0.6587209267410954
0.6188251839465505
0.6516788575607981
0.5813702434758722
0.9418907062151832
0.5721906213384602
0.7190594444237344
0.5196762577988697
0.6237267591826228
0.5403422947648475
0.7757682978465625
0.691283979211065
0.842489004826893
0.748155501439091
0.6965863845734173
0.6521594867876405
0.5100723070349595
0.9443939295283262
0.8052286189096913
0.6081998679722034
0.806300119679319
0.5041297435652424
0.7552959939179511
0.9621913132362916
0.8828611367527252
0.5013342525741272
0.515425264495049
0.7568706806920275
0.9126506393754
0.5015043235261241
0.5503746838453443
0.6455127465978521
0.9350172697826995
0.856167988601511
0.7232840020659896
0.6039538847495728
0.9604147529184306
0.6855864766851685
0.571009025248097
0.7004036774649975
0.7740259313664888
0.7104894998897571
0.5843942237090416
0.9531395056086931
0.559735186233485
0.704386594381968
0.511246291721752
0.5602378934981131
0.8597033178455298
0.7821411970003906
0.9511371039248318
0.6163924992446441
0.7174582890323598
0.5714330078133676
0.5368253961391949
0.7449434858033444
0.575356432996444
0.532000534840775
0.7038665017036329
0.8563216747270637
0.7998177477858066
0.9799786792806883
0.7186277776520325
0.7629520466317661
0.743380129468306
0.6070486360092112
0.8263695919810209
0.8668306001986978
0.8517254104656583
0.6647189588219216
0.7658887109243291
0.9932090576580039
0.8708505333352157
0.5272056385544817
0.6701921431908617
0.9167074071430081
0.7644029581541123
0.5353987015266157
0.5581014077703867
0.6824568807646463
0.9871546820110588
0.8430677721624411
0.8713661785327954
0.6286134741419195
0.6999285476219845
0.7808406507624011
0.7830586195414784
0.5747090833429773
0.581975389127918
0.9018148472480787
0.9825064376431876
0.7423796919746835
0.7635639421096592
0.72126193872452
0.7379268004826349
0.6330554400233269
0.934346521172181
0.6824117668839356
0.9811751745645994
0.7652239342495284
0.9724733404241701
0.8231216508778498
0.5535716437636339
0.88002039318046
0.571435971193673
0.8861545678705322
0.8589857440232245
0.6239158927844874
0.5997163029275533
0.6002308384370029
0.9092574993788366
0.7778624456809917
0.8373582273618755
0.5219193522765335
0.8764806268596417
0.6433171649885783
0.8017405397592658
0.7252904470172891
0.8260660447168862
0.8862444986809215
0.5158783558075655
0.6510324743010223
0.794976958170508
0.9840041672335963
0.6123222812389086
0.6686329289894448
0.5991850381949535
0.8739589962589652
0.8339058110090651
0.8465355815733128
0.7952789377933485
0.5243630809143931
0.5203732034457498
0.7358203290140504
0.7766839339734002
0.8533206089971233
0.9002109085650924
0.6564075000065257
0.9441782306992041
0.7810620654334892
0.5160359187651224
0.7511015808680572
0.8834705662363374
0.8466100168733794
0.8425055617735194
0.7892909436493498
0.7078637552825844
0.8212935943932358
0.6193524963597643
0.8497390574024388
0.7073028208434085
0.9345574930909484
0.6001120802930009
0.5024813084936706
0.8083869715701151
0.8900823790137522
0.509286856319306
0.6654072752851445
0.6734634488300625
0.5334953820089074
0.8478983745626221
0.5756075670453531
0.8883102696117688
0.8159766626523766
0.5871129606109965
0.7159880972098169
0.9543955524659619
0.5866102238296056
0.7880739507766547
0.6853623013752529
0.7190273337665538
0.8556444798450535
0.8958864908442348
0.9226929123377656
0.5901944255842524
0.585596578484106
0.874504069425376
0.5703202155913125
0.7604041100545188
0.8220808092528145
0.5173636352292086
0.5300134764780373
0.7190059722138997
0.6597639040537144
0.9350938953000586
0.5679773287126595
0.6402259719621277
0.9512932269381063
0.9018281185161354
0.5660062028058592
0.8571168255459514
0.9564134949346237
0.5601272863757915
0.7787685116321896
0.5026385205963502
0.8155019256401161
0.7058896514779212
0.5566942814514424
0.8652377062889995
0.5434747992675564
0.8542079979101973
0.590798154073443
0.6894808770061496
0.6196044348023405
0.8626770125464558
0.7904787086602232
0.9104439817266345
0.6486508528128034
0.8409455579381218
0.536720022493168
0.8840138238369091
0.6625340039878382
0.5512656649488767
0.6058124377183465
0.5646821860721334
0.9339530769938816
0.9404490818252433
0.5012369697545278
0.6232339822331837
0.8449067612435919
0.8737760739729792
0.9410842676941944
0.642847779182603
0.5672942780991554
0.6255291534350027
0.5745750681839629
0.9640514851626218
0.872810947184625
0.6674877137453249
0.5154576914806801
0.6050331575331025
0.8339419418919494
0.5996467379020263
0.9463875211639701
0.5972806995886913
0.7254099749811767
0.8433101954762059
0.7013277701639049
0.681357870514427
0.643358693193497
0.6397713911537539
0.6413266017141266
0.8684968170943095
0.7323639558683503
0.5129363463684566
0.5182094926369575
0.8167089232124934
0.8215709103692423
0.8076375948350892
0.6111482939637621
0.6409495246636228
0.9957749167279026
0.5018170783329245
0.9833044671952915
0.5856952872523622
0.800991059055154
0.5710074301082928
0.7407986933244017
0.8848165465732876
0.9725882545933173
0.749177580727088
0.8990543839196659
0.7154055062514205
0.530363854701641
0.5322518010400492
0.743433218065974
0.9626938039447952
0.5460649777877373
0.6370144195512766
0.6758769154795804
0.633720073107654
0.9069673996826189
0.8244630577206955
0.5953252484478768
0.8067564143470207
0.5734761239925601
0.895762704658704
0.531941635222421
0.6823111133844969
0.6446474895226376
0.7165884520348444
0.85632719684739
0.584718716847351
0.9463129423175174
0.655305728945667
0.6620526444227326
0.8848781231820833
0.7018395931748876
0.6599555121302197
0.854862605091
0.9952373410273333
0.8799843016743563
0.50850562910331
0.6114805511873815
0.8134607282477065
0.8073600562586509
0.6979588048265839
0.7902821793979334
0.518885182559065
0.8567993527335098
0.5210816551987438
0.9539972970248158
0.881682674698804
0.7273919285492074
0.7906319077229409
0.7936518967522244
0.5302087871658454
0.714186122284967
0.5817059437552967
0.9045635802245932
0.8159953312746457
0.9871678350134794
0.836574734074302
0.6040093802921127
0.7808440264849612
0.7174544545055419
0.8727606999690891
0.5098104797952037
0.5781642879733038
0.7849090473019484
0.9439419776003481
0.5364162758785873
0.63622705559279
0.7183414577504399
0.7758970447246656
0.842244505308624
0.6267628097540499
0.6328104197698046
0.8606651182310163
0.6971348872102463
0.9978539764680414
0.8322944434080775
0.9411172599606235
0.9887939545365827
0.6274594812410077
0.5612214257162479
0.7730979574352688
0.5596122061263804
0.6560959780012185
0.8662861207281388
0.8321816400884563
0.7367481945183867
0.8376015050895261
0.8826512771065422
0.9140005679759116
0.7928238151717701
0.9460288007679489
0.7268075636137021
0.9426600642572202
0.5505383943533837
0.7504771156499075
0.5783276143757314
0.6247554833802659
0.7172083622430687
0.5497447680006773
0.7332700658035911
0.7001682581937986
0.7358622256620635
0.9622546738956115
0.924192042582209
0.7952122144783418
0.9695414315908021
0.6218345037552959
0.6559042248558684
0.8015498552693927
0.6018462182474736
0.5973532695783851
0.7608316550874026
0.5243787210109851
0.7604042231616525
0.6497887169708153
0.5590415931967836
0.645890400735939
0.7821619439822192
0.666927528238455
0.8346836524217004
0.5650163377948134
0.8275002628228634
0.9465677807745687
0.6160465021741415
0.7531064494428859
0.9329214575113678
0.8493045404002041
0.9013742373840714
0.8094165977946552
0.8244670583329237
0.905295525335786
0.5230741927034139
0.6022465267161048
0.8952276678469409
0.9094914598455073
0.6653752962459509
0.6427259469825335
0.9775587008543014
0.9616293712151951
0.8418486439822233
0.8065925473921087
0.8807301373082083
0.7449223620137557
0.6404496759554027
0.8124923182923315
0.6144411803956018
0.876484749871771
0.8943506928465668
0.5871086716371063
0.9863206745961766
0.9518748544326867
0.6401365966002481
0.6756856341452366
0.6802582666732415
0.5800268057543525
0.6238000559272504
0.5214467559431114
0.7243719919891425
0.5127890505471768
0.927465349579524
0.7799323482961786
0.537201466486372
0.910029830996595
0.8463536369151803
0.909106564745829
0.9856645653917622
0.5453825465298641
0.8045824853708595
0.9845377624305922
0.6885442784296288
0.60450332668945
0.9820402663823362
0.5673765328636828
0.8887646251045516
0.8772955262048383
0.9563562712188397
0.8163025366311037
0.830588131775486
0.7391323402933934
0.5511031754166018
0.7420069449254062
0.7517671520870324
0.9289107672555279
0.7504244407166261
0.8692030976960037
0.5751245830756688
0.7543891792170554
0.9638478263104705
0.971359618313526
0.8656004611718517
0.649946445758267
0.8956740860025654
0.5728753642226281
0.7703845904811268
0.6830971731307742
0.8905203301309164
0.9381391394557526
0.7201354764938808
0.6189297833431349
0.6161491161185204
0.6817357301457152
0.6797093893321585
0.624635879572693
0.7543694259505722
0.8899724457258577
0.9839775545586682
0.6316548090268852
0.5112426506593633
0.513220463331259
0.7499942251255566
0.72630044056643
0.7207629056477614
0.9475662707071616
0.824623503762719
0.8171559263857824
0.7664223943922646
0.8832411501494396
0.9266474226303028
0.5491208627045665
0.6456552801699309
0.6621729971218575
0.5476735819644836
0.9482544698323839
0.9513940824502478
0.7939612625087922
0.8711720961848585
0.6240809290916064
0.7079367285359157
0.966819668053293
0.9273226600346527
0.7373957672721798
0.575591208263297
0.9317290998211123
0.5359495892060658
0.5156288751134337
0.5205923624322095
0.7843133813527525
0.8842032882082371
0.856035358137331
0.5305513466527241
0.6625304867415648
0.5842885636258902
0.9114347222099151
0.7841651119318542
0.8420431272643065
0.8940876005999456
0.7009678043501375
0.8064826294665299
0.6426341393986628
0.9322297396806063
0.5132527342851354
0.8673290149730125
0.8117937520884217
0.9472181687551147
0.8120517069718072
0.9000173584127696
0.7556148413623982
0.7554648948501137
0.8467983062961256
0.9005041864319712
0.6847803717988685
0.9605202181942027
0.6519092778460994
0.6451746114362572
0.8594965227692961
0.6912458492917625
0.7505818302385008
0.8223486818176781
0.7172477046964698
0.8575175686802947
0.7745621977850007
0.9781816036456725
0.974024459059479
0.561345110204023
0.8704664625099616
0.5428720700604887
0.7616695118647643
0.7189444104902174
0.5248151974909333
0.535540699482321
0.7487237147573127
0.8309249434836822
0.5852256171489482
0.7981936583355451
0.828496532904442
0.5196029258739667
0.7019748239878241
0.5364233448163316
0.9770229881528323
0.8644974944078148
0.602794143146858
0.5497848691157305
0.5424463519410362
0.7782647655022452
0.9736782400709583
0.6640125660383119
0.9120858053483412
0.5202657956869601
0.9708281300957624
0.5879064833727311
0.7713688789839008
0.9062492672423483
0.8018805962577338
0.6134637577647585
0.7443412491489649
0.8953417171818381
0.5499543239591145
0.6138613721236803
0.6031678773647497
0.9770744553784975
0.5837360076432841
0.5648153653369143
0.8284142324886657
0.9782979424247333
0.680919370504594
0.550588336975341
0.756159927098234
0.9006771015090533
0.7975730901617402
0.7332733813893774
0.8249722658164238
0.978531905338557
0.7691127001875451
0.9763116330223192
0.8564764185080334
0.8906695173605524
0.5314038649983966
0.5520453200941429
0.7434406390003396
0.5697704404757162
0.7771881776059097
0.9972711685730333
0.9172872452476397
0.91146330588433
0.6599133719224257
0.8414792122407841
0.6295978305100136
0.5696729880478439
0.5963854147353762
0.6514254291120469
0.8960028385097244
0.6323929635089595
0.6782965924912636
0.8119701064866347
0.7527014446466452
0.5315827736743941
0.6118713353571928
0.8450675332454243
0.5660408639535075
0.5478073119401357
0.9268458770894884
0.944466157707265
0.6559914091108507
0.9120308207075063
0.585647696984839
0.7262449628378375
0.6092946678015543
0.6911042873806005
0.5989439373016421
0.7691795106998224
0.9629185811598334
0.9267003264868001
0.8057269728169043
0.8134083470363138
0.6346728412915461
0.6054907112068153
0.6895190925891077
0.757082225969518
0.6581253570643901
0.9861634356750832
0.7653307021089493
0.5317177179623136
0.8588406858650501
0.7437174914813314
0.7349272645375925
0.9373201363217193
0.6255208804889354
0.6036753062969166
0.6798692385869912
0.8446650775372211
0.5878280822505747
0.7493457742318512
0.6354698927456496
0.9214146788694706
0.5657983012503265
0.5595353524957909
0.9873677609357876
0.8531024101374439
0.8375467383967979
0.8407852664463233
0.6105837748734222
0.7941831566394639
0.8071585976575195
0.8765997239254031
0.8538725604721096
0.634310334461673
0.7288814948766333
0.6830677592249151
0.7163008478113517
0.5714498202867937
0.7385628585241626
0.513651784587953
0.667348645662794
0.6380291266881912
0.8349748715962856
0.9606183861995108
0.5292698416886193
0.6986356068801515
0.5157260563715601
0.8338318760339911
0.943848018593129
0.8007932770177176
0.7964175288510577
0.8873825752025695
0.9850698692541968
0.588826374550691
0.5574889571337235
0.7440287850355295
0.7294625006529982
0.5186293360881544
0.9717896796651533
0.8356894285549299
0.9308474106179818
0.5575345198081219
0.6278464946752493
0.9315939656465669
0.6750701372722069
0.8113287233927637
0.9687182289899148
0.9440233405859522
0.9762137004714753
0.5605547574818689
0.9455387835597702
0.6853971983122114
0.9423516717222368
0.63716573596422
0.9994893071431146
0.608639223298707
0.6298481896594669
0.5184011267475267
0.6274017457198631
0.7622437288005093
0.52344575666571
0.9745714009906756
0.7787548992418858
0.572401714509368
0.5473153969103268
0.7938304565681886
0.7274134256517484
0.9115750271165114
0.806154782159443
0.908441623068527
0.7272218350656576
0.5263901595288074
0.8017674607295147
0.7316983214795588
0.706160255849433
0.5383603516572675
0.5689656221868623
0.7776771698423142
0.9151616183274367
0.7718699109368351
0.6361577301729532
0.5212633173192913
0.9910306042423078
0.5333845144158266
0.6645004050365415
0.5621752314252013
0.6522332094370873
0.5595494163072363
0.9961738589367735
0.9158061459617026
0.9769615089130713
0.7051905103096967
0.8016395194377768
0.8475297188290329
0.741873534426631
0.5907193827728279
0.9134347894884003
0.9710368027047769
0.929701331719232
0.7914141277155617
0.6745856893038273
0.5810904529080011
0.6550538630842099
0.5179324106512204
0.9558930570296981
0.7755790459529054
0.7267125177136824
0.602999105173629
0.6848317027016083
0.6919084487228393
0.637290455066964
0.7611676165338181
0.5935783005000713
0.6330160071379953
0.8038050280999476
0.5822539130205077
0.8190590681815814
0.9370889408199756
0.6746837986011471
0.6465153951787597
0.8968974459889347
0.7978956844718542
0.8140980662500701
0.7831494530051004
0.9743388828811939
0.9771131293760137
0.8286626352829359
0.6531896949791663
0.9707698408019214
0.8793605941482833
0.7001046326328084
0.7449121796052306
0.7850345507070258
0.5868474258477594
0.6400315370447021
0.5171820450644852
0.9291865936098904
0.6670929235241503
0.968169808420192
0.7920533710859681
0.7083328709546592
0.5274070280748171
0.6630595041857607
0.6522053760620079
0.9396588107828916
0.9306958919023587
0.8774139435405455
0.5402833340461854
0.9718680917541752
0.8560882265321537
0.7312941359483047
0.7777068181549235
0.9505440132512895
0.7790972681352056
0.8850876416688193
0.8960724667520694
0.8849774617296273
0.9678426827604887
0.632439394032644
0.7256954544334246
0.5160362156824241
0.8871581960819344
0.5483072429582174
0.7121300123648683
0.5916494948076855
0.6282730406611603
0.6277253580583262
0.7780347211504302
0.6894384904105877
0.5479917163253871
0.7038518769118194
0.6922724814892307
0.5870571835443408
0.7764507444348068
0.5306787075613406
0.8055897257447014
0.6627958125189286
0.9458214540537908
0.8732618617949324
0.7300263248947152
0.6649809203165159
0.7704661825146266
0.9724147607699165
0.6573327301703085
0.8791301361261831
0.8309650715935102
0.9284704839548988
0.5058653356269358
0.8108682659382134
0.8597136137773866
0.5129747461021024
0.8798368609548977
0.7237260138802963
0.7691737106894754
0.9131408530208223
0.8401892262466857
0.8311516050689103
0.94371742490132
0.6130314519394673
0.5517643230461128
0.7659670232897509
0.5779555183141012
0.5164290432333383
0.5353178937755584
0.6290395531194567
0.5063643489268264
0.5864996462618491
0.9100468554903345
0.6285093554206647
0.7953865469008565
0.9004916482709755
0.6819187877920316
0.8332736524860533
0.9105995014092435
0.8895451621714696
0.5900279621805473
0.9109736839596647
0.5718249845475718
0.7665081169455402
0.6596966020458128
0.6452405261374965
0.824881650104617
0.8225441156318991
0.9068377873192118
0.980634396093909
0.791078222781225
0.7073917472336505
0.5912294948580277
0.8773739685426729
0.7431997924332379
0.9533668716276715
0.5377126417768885
0.8696802356421074
0.857264122180023
0.9384394712574191
0.9682578724030804
0.8142392029768972
0.53417647921898
0.9837082669981201
0.9327207874716705
0.9325265616651837
0.9917226790333877
0.7344527846141803
0.7256344627722786
0.547105873895045
0.6554887117161707
0.9167318213434893
0.7590214985125279
0.5642522821258267
0.9830577082756782
0.8153415348220727
0.6762997078135875
0.9456980606313758
0.7391288551182444
0.8839847624491795
0.5817128613493469
0.9942082605179922
0.9912937548987535
0.5108118364040639
0.8758490409607225
0.7287525765156083
0.8113328944410652
0.6612373632941015
0.8542295834462315
0.8299464127142979
0.8728088372916281
0.9531621747878665
0.9195735822669866
0.7899174205148495
0.9253168945245103
0.9035494004670852
0.9973339054715136
0.6707723253513684
0.7689395256320846
0.7330266365623095
0.9383312499353048
0.6314761868336252
0.9764806010752078
0.5927265321848478
0.9502377003930076
0.6364086046148449
0.6118189135267538
0.6728795339944571
0.9123368422760907
0.5917456613159335
0.8635711016217431
0.870228437689402
0.6810049614037419
0.9560450589210701
0.9286661007019765
0.6538250259236493
0.527736990875285
0.8097327709027009
0.6010387930040857
0.8270649589768335
0.8453185578501696
0.5030171402718288
0.5950072752413238
0.8351007566659621
0.6526821339932609
0.7262431099751804
0.75494732528693
0.6127227180233368
0.9128231077333757
0.5310073502931416
0.8238379417780737
0.5502102853596335
0.6501504901130906
0.7125665570165853
0.9616914380505586
0.9822774564193542
0.859719072848887
0.9622831973418647
0.8619262998672637
0.8542236534674932
0.8760125183967338
0.5474565364953318
0.9872784748377528
0.9090031035500574
0.9524569896013795
0.9992653671127643
0.8629831023136344
0.7548885126067456
0.7133360841333901
0.6957927727328753
0.9540651810963432
0.7627903717415023
0.6476005897559589
0.7015651579757078
0.8714427919427898
0.73306224934541
0.5226830759958678
0.5250189938834873
0.5662802627953563
0.7463575756782503
0.6814017872218889
0.8561670448261012
0.6553559987214505
0.5526510883462296
0.7063267933077836
0.9278913282114458
0.5213889901580209
0.7059009139499296
0.8201295437372499
0.5786342773607707
0.6878317526193398
0.7697094492983046
0.9743306781671754
0.8738420695763451
0.7316791021343674
0.918758348055974
0.5499315981064811
0.5602283128712467
0.6475087076488368
0.681982774194382
0.5403946958212439
0.8837201178509455
0.7855981770127041
0.5615981094517439
0.8428896907001326
0.6057123336855534
0.8309380716622856
0.8892299735295309
0.9130760779811562
0.6870682435812737
0.519283754094672
0.7094026806245327
0.7525211542708858
0.8715955878081958
0.7696288995646874
0.8952567583430397
0.6955541958052128
0.8616253838240798
0.6937114423069044
0.8056562887943106
0.8451156682295851
0.818307284144537
0.951940904082506
0.6665098122340942
0.8696483129211283
0.5674537206383642
0.9674095128388613
0.6085808568337312
0.7733959834226793
0.5303091191234358
0.7864838374124166
0.6024636319214751
0.516298922809719
0.9142560358539633
0.695210044491521
0.9752459737645813
0.8671550790963305
0.5893132660521014
0.7847660362896948
0.5452693965342092
0.9163258531468175
0.80987220069648
0.9402170289700308
0.9836752651950799
0.7210600096051167
0.8396225490788644
0.640841266225731
0.7106892549143035
0.6903528738064323
0.7388480293091031
0.6234309602870359
0.8483008854907335
0.6430984684533148
0.9977059533228684
0.504390050001959
0.9202967551726683
0.5886147600299041
0.7826671353480057
0.5652031107207556
0.5275828211013069
0.6571323894691843
0.5250985303533
0.8563407244897827
0.5566115396943375
0.6983820639061615
0.6401395031820951
0.948197963311042
0.7596617239289505
0.9703798452877059
0.9197298377832266
0.5557136861941114
0.6739635359466283
0.5075240035962166
0.8200464456175109
0.9918940405878156
0.5492211147570892
0.9685319135403547
0.5949732299051466
0.8709808501428176
0.5237271378654076
0.8891805100731959
0.9846303878190448
0.7042693111960608
0.7817490177770501
0.6997578381053635
0.663820315713908
0.7698185932125423
0.7423179184162801
0.8851463277959462
0.9943190273876992
0.9837285141777053
0.6966849499073635
0.7578374515009976
0.9738524721269948
0.8087801399383989
0.5795948301041136
0.6970359613866841
0.8752198623735352
0.6900463528790703
0.9137555059222152
0.926735944287606
0.5138080923967785
0.9916355702354793
0.9593723108842442
0.8313094918230755
0.8755918469705279
0.7203812013052684
0.6488125188684652
0.8362180380956328
0.5253429713359785
0.9653229441868241
0.8598347894870062
0.7579413746873489
0.6223110043807274
0.5059472861629664
0.7517468323373911
0.9324457561077626
0.6293781766799367
0.7075527805315547
0.5930916306335864
0.9615951615275572
0.5756316469368445
0.8827477435848179
0.8060004888850357
0.8598069784770692
0.5731262043796777
0.6969703289080319
0.5271944385063694
0.8829553643949986
0.923399823369373
0.8733737118112712
0.5695958716270834
0.7501086302845298
0.9505715324064761
0.6095695141948916
0.720364857693218
0.7821937745426407
0.7059735500220956
0.8903474556293682
0.7140162109098048
0.9101414078315503
0.6075883610537088
0.7586515305038091
0.9902538306838162
0.948394309635293
0.679105105866415
0.5002530521059874
0.7299068600964558
0.5533189475632886
0.684644572537351
0.7257686100596089
0.5923368712666437
0.6977506111010192
0.7559645108144588
0.7057570245540801
0.9409197089900825
0.7559180719732093
0.7673142793443662
0.8419786664580262
0.6960000745317358
0.8431078329823414
0.9538030396853335
0.607853866714561
0.8034791989322136
0.579050712728056
0.8852321782056642
0.8557546177530522
0.7178561982955479
0.5168844552281121
0.5657004397069474
0.9963548811721218
0.6465133505788887
0.5010825210988541
0.9831690744924255
0.7432637085442111
0.8904629081859858
0.7050544919162698
0.5044284142517902
0.9982674852299016
0.9215398792140013
0.6177968980143156
0.7715133078323777
0.5398644801657191
0.7705155882965449
0.7056320391070381
0.5779305753656558
0.619478758708641
0.9693264186433945
0.8273777028433409
0.8352482853372702
0.8101182180335178
0.9935318994682172
0.5253629727050266
0.8534278316624034
0.8805768916350514
0.7338255397366698
0.5691217143465486
0.8941167816739443
0.5263931066796368
0.6325063536798796
0.9440909456774246
0.8185025091270365
0.8921708473522059
0.7266153295924866
0.9155108213760643
0.7526471348079449
0.6466902358180944
0.6459902544458649
0.9673433085259893
0.6363113354936106
0.8172697735144803
0.7688331536237956
0.596439201226741
0.7821000358164641
0.984166484436249
0.7631732785605783
0.6566886636082319
0.6057120028472367
0.772590529326948
0.949673773412977
0.6632714234830414
0.6469704654843531
0.964095086915165
0.5228186590704382
0.6231515891052426
0.7143649136241111
0.7206471049586174
0.6316707733164206
0.5903865291354473
0.9646002608159856
0.6184204368603268
0.812124718472425
0.572844647954911
0.7715822895544795
0.7688153160965738
0.7094790442641288
0.9215827212949245
0.553271067933316
0.8467461742862865
0.9109525032896826
0.5005473628678356
0.7290167542050736
0.688645960811813
0.563771624808157
0.886344979186258
0.9734986737161482
0.8809857796681368
0.7153564591673582
0.8913818544129379
0.8436146613794666
0.974655317086065
0.8334341644807963
0.849760846071953
0.9184933305422714
0.8103922500390804
0.9706766556895634
0.7560256490614959
0.5903297506634513
0.7254255599284021
0.8931469152251389
0.7925054381483385
0.8878355369725937
0.9108139980733934
0.7727221066936714
0.8002579721659446
0.5950990786014219
0.9022053682105502
0.8108170585475152
0.5648968466280488
0.561509803951827
0.6906107491573734
0.9819769915261847
0.755682442100613
0.8546600864860713
0.7206389144994152
0.7360525653896048
0.624633902252382
0.5665247346782241
0.6396369441198362
0.6452891336006916
0.8633070642381673
0.5800837900830027
0.5066313611014991
0.5292125412951544
0.8537945605874966
0.730144793785594
0.6374318196149027
0.969619760050989
0.685255984387494
0.9609946940571632
0.9329600544611217
0.5265107775737428
0.7172208261555101
0.5122370346962266
0.7732121499834599
0.9240412556806661
0.7185760791511713
0.5543150468373874
0.9369164486734393
0.8229925922746106
0.7176609069203486
0.6431236371092843
0.9625942416284796
0.520002374323808
0.7824664973043916
0.9023287692002938
0.7128726206622977
0.6954956287874294
0.7745013664075655
0.9795479963677738
0.9881908736618201
0.520004412223792
0.9141716345676472
0.5469215344734724
0.830197089529511
0.5364000787308365
0.9750441790433123
0.849855634287612
0.6498898225787624
0.7711525241135871
0.775871105543942
0.8725476745244645
0.6972806510614782
0.8190168555186269
0.5877430298089037
0.5318068324961556
0.6871250589231326
0.5922290676416762
0.5586649466611153
0.9216287223696917
0.89198449535009
0.9322643731955271
0.5604784415586863
0.7311850056085323
0.7001351767756518
0.5176187189689635
0.5083334969145835
0.9793686749091086
0.5126167487503777
0.710537170313274
0.6999957408294213
0.8982038862631564
0.6162334609895963
0.5241877422672033
0.5903017351905353
0.5052982499872922
0.9500778522080577
0.9030305174679946
0.6211488254084468
0.6816805720829454
0.6060059910546518
0.842725286322306
0.6901728839851848
0.6713011352326994
0.6489398760900298
0.5503930947509632
0.8470305351175453
0.6322773885793138
0.7464491804667583
0.5031145704951088
0.770087097879333
0.5896258596503785
0.5767258393703593
0.7339187916676677
0.7111376626826289
0.7893408692944959
0.6217223495095743
0.8093383533161527
0.5276834001864426
0.8331040487015362
0.7459544072608589
0.8122689016414154
0.9720800530881751
0.8107241620526933
0.898924526593883
0.7162847119884022
0.712510138822143
0.9812784359389732
0.5404642722520648
0.8869045068208836
0.6986341784048208
0.766567211890766
0.7827791488217404
0.6490315279406278
0.7917202915583077
0.9834957229775484
0.936889019212915
0.8258597896878183
0.6469611196501942
0.95906156522007
0.7054923542060033
0.5989906371899205
0.7012575661965226
0.9619197155672803
0.663695070546181
0.65962159446263
0.9991104119842851
0.5586901276078013
0.604498408986879
0.5234880854438309
0.8986733287302489
0.579582765920676
0.8548419265219189
0.5832151071910248
0.7908809992501089
0.9174968628259401
0.828595502662848
0.9804097094386562
0.9753644477230475
0.9264022875459865
0.6113859581790806
0.6574185930253312
0.840166915585653
0.9777806400368445
0.9061989119097065
0.6736487992331464
0.7327854859197183
0.6142459471824209
0.5658286957263733
0.9177450670583305
0.5332561782057723
0.5329354487080381
0.7567635785341731
0.607293520079786
0.5537693214316437
0.7071606663977706
0.9074415849204431
0.7816102942327645
0.9737621986860024
0.5150453732147386
0.9580052348287535
0.9199623078692135
0.9751797299631069
0.5083094706802365
0.7094268362360976
0.8219257999890367
0.720129054370888
0.6339976127876656
0.6135218859025828
0.7621455251191636
0.5387245552453543
0.9438613978338363
0.6207053972770511
0.9688727107442971
0.6352472138184748
0.5571798550671054
0.715990945302877
0.7158136236846158
0.5304428631891175
0.5175118170537503
0.6298840729691959
0.5424041748832402
0.7059150838687158
0.6399701018801729
0.8394905012866535
0.9634642916917318
0.8992333987899128
0.5334800593918188
0.8190148724343225
0.8807291286771411
0.9340195670107372
0.513832276960128
0.7076288634085908
0.6764554726459335
0.5279575890636377
0.7218204255422648
0.9868930450001687
0.9798022047458246
0.6316721085541144
0.5177964670513217
0.7480326672417117
0.7033325907830079
0.7524885810428146
0.930290634959738
0.706924555161174
0.8249401759576072
0.7938763261622763
0.6887342997432571
0.5972119753546233
0.6436576747990943
0.9604529869434454
0.8433622076093998
0.8106579126657361
0.8051379879807888
0.5252834079361337
0.7516500657523708
0.7191932654413523
0.6899608618877516
0.5872094513372303
0.9180074518276995
0.8470025067974674
0.5878129206706764
0.8695985782502169
0.6172401183158766
0.7857526375075844
0.90129072607123
0.6730459889727669
0.7573732651895453
0.925108612502148
0.5044053368532859
0.7685297985689457
0.7179706140121309
0.6785275092793009
0.7458655042216757
0.877873373077271
0.9949945565158517
0.895007045278103
0.5673578601940454
0.6666767906806885
0.9495969732006512
0.9081997459866102
0.977285765293093
0.8817861666854117
0.8335943019246387
0.5808887788608179
0.7672168190202822
0.6888231597562227
0.8801285382075197
0.6536717290931918
0.9911232081396056
0.7136669671737115
0.952180667826388
0.6420153267631665
0.606071080213118
0.9775652236195145
0.5654114525355638
0.7725132712098901
0.9924103333457153
0.8450123794958088
0.6239510273213784
0.8477773256305416
0.9187190477930961
0.9688889023702603
0.6876494752205549
0.6355831490454784
0.7829238161916854
0.5831486113669817
0.6135199208479158
0.7416025853720574
0.740826007982329
0.6751597977379923
0.5370951713909263
0.8776219122102942
0.6519903438900878
0.8821982573698685
0.9370681006370356
0.5687906495071304
0.7862626353334996
0.5937593876523835
0.5060155149466636
0.8070036198689633
0.9683546222239323
0.9350588747462409
0.7152532382357615
0.8258296812719732
0.9039028253205893
0.8127978621671805
0.7411029399074327
0.814520750920862
0.8666214342022979
0.9592286689667453
0.8161688375332321
0.9901599544104944
0.5629860211152371
0.566241449790662
0.6852230130276866
0.943125778403375
0.7748519301185254
0.7920847429418187
0.782434539683734
0.7113448746264579
0.9454010407114468
0.5620266343003785
0.6404837398641845
0.9320744711760232
0.729473781651869
0.6800945824180451
0.6290386649196138
0.9212893989864506
0.6764475729065708
0.9150653920630563
0.7525174165931041
0.7202618603291636
0.9264340503958246
0.7641005150388832
0.6854855112007203
0.8234532221028643
0.708886717807385
0.8354407738031029
0.6237808855176634
0.9803390442789173
0.645093850150062
0.5508441463517224
0.884194076446506
0.7076088090790925
0.9292144061412766
0.6102812006214333
0.6951104757002919
0.6468921810106698
0.5906125771659316
0.843238530779677
0.6482944020013737
0.8948772831608811
0.6876451087579496
0.9708772682771282
0.572250861889404
0.8066464740649402
0.5654378412851297
0.8787729175253648
0.8983665521229393
0.8447732727293403
0.6725361259986344
0.9213216101720898
0.6222825550079292
0.8163645599249242
0.6785544337597809
0.8518356570103893
0.513170204828176
0.7536739658151831
0.7020192832588485
0.9265494878575036
0.785014706091478
0.6017500221701906
0.5019468004147921
0.911502493272816
0.9439320120388304
0.8431025689222352
0.8172813743953713
0.6848711332918346
0.7695915920609562
0.8179783628399558
0.9882693002774054
0.5824605863028429
0.5287851396151115
0.7193511699854003
0.7573638486473706
0.8062443548816685
0.9149826457975851
0.5610598782234923
0.9116553907380122
0.7195621279710018
0.7911510562696419
0.6138277036315233
0.848809126307996
0.9395875004915739
0.5134655344455934
0.9104716758127538
0.868469085911272
0.5390654327553885
0.9325828831660069
0.9823563942805402
0.5249120971721657
0.5607436928233627
0.5190471382193496
0.6676738608716253
0.9699568019962219
0.80041293058981
0.7850651202703784
0.5520819009302111
0.6264121867585349
0.7226381556396246
0.7079609192499873
0.6986274633513188
0.8059930587241875
0.6103663448391154
0.6551192683104232
0.5645258471554127
0.644659465451195
0.8706918696112387
0.8646022664023705
0.6926758072991861
0.8530715092995185
0.6843257692408913
0.7570567444881963
0.6859078455005614
0.580707012060746
0.9959521668354208
0.7298538431205062
0.6613735209365444
0.5332550637699964
0.8445179616791352
0.9231566435632079
0.7323500569308099
0.942586548825731
0.628291605231108
0.7103717139734246
0.6033118815364165
0.6550916128050075
0.9503532824421039
0.8371466613751579
0.726162253570797
0.592781459161553
0.6474977658573531
0.926793879150179
0.5873507343760362
0.7111729419355923
0.8151026692805448
0.8994290657508045
0.8336537103013976
0.876848183016117
0.5898219497732482
0.9023657324860614
0.5170963668112774
0.8536991592524334
0.6664277243222672
0.6904121024735168
0.6987011349291693
0.8097426759104843
0.7686529898621584
0.6193990539686144
0.8531540302401385
0.6222653667878828
0.5184777617905889
0.9439615753108339
0.5441755827069878
0.5793987596251278
0.9764590336148065
0.6602301232619288
0.6334337382388356
0.7483339188395692
0.645301827369879
0.8888419411083814
0.5179549333868007
0.7305352928966675
0.9366653859774274
0.5429902068262431
0.5219770474121886
0.7926081811646615
0.5890518430538783
0.7685467322795643
0.7502262065191303
0.698831630511684
0.9176067530526342
0.5281129502151758
0.9810530189776504
0.7755041674109941
0.6512724610438219
0.7786745155429076
0.5661225262884482
0.8733483926107461
0.52009635517503
0.7893691271914317
0.9208935654177114
0.9176300575870844
0.7863214032790886
0.580137032885625
0.7812425432391186
0.9426944580372317
0.5545111099848168
0.9846941311125157
0.679412801913311
0.6786936750097677
0.5879948191708974
0.8046145801027338
0.665908830434073
0.6909773159678685
0.9782024883780025
0.9630058645296049
0.609926259530852
0.663954825990126
0.6900521586511585
0.9809720531115641
0.6294287768894704
0.5495087444623311
0.8084187422484401
0.617635696830944
0.9802788807156161
0.8366571026571428
0.652672633227107
0.7302212129871624
0.7248358974608704
0.7514670171061733
0.587897964638379
0.5610351506623343
0.7932222353764864
0.6337724793408133
0.8870917968770216
0.5120381484207042
0.8980788340239134
0.8128795350568344
0.6777053492032437
0.6249617487639224
0.8048977831547219
0.7338779377995642
0.5395332905173618
0.5353647611628176
0.5456946785001585
0.787916569931886
0.8322352840178419
0.8947879578061405
0.9062573436895246
0.7942623041974652
0.727268638750885
0.5099933574252262
0.7445554806985597
0.5102740989005341
0.7802402263687964
0.5329547113443565
0.5398777056914599
0.5713792928567476
