0.640398066031449
0.5850669288336339
0.8846595949500895
0.9862396064262444
0.5046765149097932
0.7543288762630384
0.6511044513866538
0.545996705560111
0.6171567997005868
0.549869530720638
0.9627282908038617
0.6004870987451876
0.710637798458984
0.7079195403347052
0.6573315969485796
0.901687533764825
0.5937195338084471
0.5686713236017629
0.883731915443464
0.8199848914063417
0.564336222800659
0.800664399930584
0.6197493804820862
0.7907955965238582
0.9922873019514745
0.8201106242676648
0.7326840662222021
0.6416622748209346
0.6511285640939334
0.5583283935571295
0.8768706398060804
0.520006063358937
0.7944688652077481
0.6151367081184792
0.6861616962506527
0.6445690169672561
0.7954181223812693
0.5280299959785862
0.6174465603570842
0.7295922465825171
0.9243031862656719
0.8201712924864835
0.8697039600167522
0.8377672057829999
0.9615226325746591
0.9365175452447801
0.9009328779985868
0.9733480110826922
0.5708348411276457
0.997745115051965
0.9623526488862539
0.7374390156183477
0.7889839180984848
0.8497910176251622
0.9305585582875397
0.6884313079012851
0.6492273834686562
0.7839389448126419
0.9054334963024946
0.7762206381861431
0.8200711223817014
0.8551514257948707
0.594096145300868
0.9389687340884194
0.5357168161396002
0.7828924189347366
0.7151696661824872
0.5389929591679993
0.7256203293501677
0.8283329256165927
0.7037827706596838
0.7406376825033482
0.8708475367891658
0.6670745017081467
0.9973120366713081
0.5688364097592555
0.7229113419099288
0.7513043388990395
0.7993600780622305
0.578352660854736
0.6947572118693952
0.8643290863715348
0.828343871603757
0.5047085972914697
0.5701468368802998
0.5019699516718754
0.9096439549807418
0.8955448338342933
0.9873496961318985
0.6803371856443907
0.7898277970723933
0.668368844199982
0.5060981808549708
0.7049320062615301
0.5922836493822696
0.7028549503293875
0.9401164747454445
0.7661192570514411
0.74971795318633
0.9305421551271045
0.6427548979666902
0.6490933633103395
0.8893344719461117
0.8406253752525531
0.8572437115179767
0.5049811891252841
0.5056189221217398
0.7030475700327535
0.8790268511901906
0.9050706576167589
0.9609456443562064
0.5280474207483195
0.6439756478670722
0.9682528757399713
0.9157232911963811
0.8780851767791347
0.5970554581455536
0.8947262898813748
0.5808058951310013
0.5584878292100499
0.9706089048510307
0.6909547242341503
0.5266345036470473
0.7149367647453744
0.5140751336847936
0.9869443373117983
0.7988855338269361
0.8492010454378216
0.6614953824582049
0.5532301682841717
0.6056688457390044
0.6416182875733287
0.7902470349504369
0.8679776798817679
0.9915245529621349
0.8512523768628515
0.9917454360521348
0.592055236045544
0.6864396036700293
0.7663775253348464
0.9767882671537067
0.5936520914351092
0.6360009995262732
0.5998201882040113
0.7640591288595474
0.5800155083842804
0.9010273190722135
0.6989684104554771
0.619195259817639
0.7807364445272609
0.7354076867870732
0.5580924526818032
0.5787124635955276
0.8732036525779063
0.8617414755936397
0.5346028694638715
0.9810467364201845
0.7459229994917389
0.9286276604903914
0.7037097606570687
0.7817544859925826
0.5546510089524019
0.8786657498978199
0.6623332939677711
0.6842431996253673
0.8861305949685985
0.9599661988425021
0.912237182561706
0.9979612449188239
0.7425603624037673
0.5940663878582337
0.8932965476483075
0.5880896925046522
0.6198698440138559
0.7364070821430118
0.9355041322843072
0.5770449739001069
0.7998670815262234
0.8546212677256496
0.5008239445191931
0.6260883087298766
0.6026732281177587
0.970176449142192
0.7798531110981074
0.7615824703967623
0.8476594826712142
0.7520433880200772
0.5731921412580645
0.6115728837431359
0.6280256390959595
0.568620916612954
0.7117298653890263
0.5723940381994559
0.7666307841886348
0.602427374340307
0.5419772923494448
0.5491670565910705
0.6444499896890923
0.662409563323632
0.7588109609758558
0.9297274754465932
0.8977019328434319
0.6980764318555497
0.7291244886013958
0.887773349698091
0.9475241181102689
0.9693356155881017
0.515993786199421
0.9079429599535636
0.5010516396571848
0.5758028757575798
0.6449931823861623
0.9216821776754147
0.506221383532963
0.7236739021378598
0.8505841562800003
0.725938413879744
0.6702101599524002
0.7083363391738151
0.74976255965561
0.9491323082345655
0.5670909551521718
0.5953025380648187
0.523934237883483
0.7668035695224171
0.9084073634151081
0.6615833766986166
0.8801433204999545
0.9710713292419453
0.6540233716263399
0.7254557139044472
0.895628733985238
0.7712873462873355
0.8576318580856779
0.552148703329312
0.8247606915662214
0.614439609802865
0.6846645588818738
0.7787850078049547
0.6969558690186674
0.7603018260632293
0.5771973421041056
0.9640769289859089
0.5567929971850677
0.5181101497352971
0.9040141226671659
0.7467725629525482
0.6187082203391046
0.6918071865546215
0.8311058070843284
0.987489327247318
0.8918005819645332
0.5869197204748526
0.8400621017719603
0.9334505245742941
0.9543552804454347
0.842655498249521
0.8808606337147843
0.802376589093039
0.5661513375093563
0.6803898167418728
0.8573561382377672
0.9139996876181196
0.914104897148772
0.7002539918029426
0.8557983912893645
0.5598958303679155
0.6778691505158432
0.9861534900310049
0.8402648909502324
0.7445116327984871
0.869019762860161
0.9724269168790616
0.8588875906724158
0.6585498477751781
0.7542350464249833
0.6246304440168844
0.8958446576903293
0.9149389465602797
0.5664481896966251
0.6958063184149105
0.7388161322434953
0.5662915275184168
0.5374586213293584
0.978340415642853
0.9942920223488142
0.6603619195301682
0.8677657455369612
0.7212147264103106
0.5448496017806839
0.8368496586035228
0.8765302648961844
0.7838810314609856
0.5955688128169783
0.7034401191659252
0.7976367636577985
0.8755285596135993
0.6235334026323143
0.8163226455504031
0.9274744832169399
0.6385773262294534
0.8105540721406446
0.566665518529343
0.9505972722238628
0.9416769528762664
0.547568251430808
0.8117186391992612
0.8229696757990065
0.7925934083871152
0.5831921804495903
0.7402788916325136
0.8448619557450834
0.6103916861183084
0.7988215171708729
0.7658319763518129
0.641157369066806
0.5444822481410212
0.7918507898441789
0.9176602853544105
0.7593920613627174
0.9606952198170187
0.780165434090855
0.7316919773645023
0.9828439768245605
0.6022750366958266
0.6227636434065666
0.5481053022607241
0.8899666470272937
0.783159145869551
0.5891136951676161
0.9869191689935619
0.54688907247186
0.5238599021248092
0.7518464675519032
0.7190728718257
0.9366730144459061
0.634497631853038
0.8131547893808211
0.9379548329439057
0.5532849705436834
0.8170584319273695
0.567997440533194
0.8706679732232987
0.6544712721433679
0.8739138469132064
0.5059088401502787
0.8403240190567435
0.8740746589609469
0.8274425863021657
0.6446971482113522
0.9540112618240215
0.8399145491238614
0.8363975326854947
0.9098841862956878
0.5860526485140023
0.6610828961048472
0.5024546685207972
0.6120028998057969
0.6179819619432476
0.866497030987507
0.9486844507474206
0.8461235182486112
0.9423866176535991
0.6856625102729232
0.5671148177809193
0.8060929438338684
0.8790981965285636
0.5970360215978507
0.7482645871985089
0.6861846138136571
0.982636757961314
0.7224215201953719
0.6938095729673148
0.9180100420339992
0.5449743744263609
0.6980133994497981
0.8847588202321592
0.5848866433864808
0.8935631550587804
0.6845170678364225
0.9942686735993247
0.6047557870047857
0.8126554684476744
0.9952571473064562
0.8048255412696859
0.8002460724604645
0.72051156096389
0.6228083252650374
0.8858134341470358
0.7574748461887477
0.6581372509980622
0.6094757243693573
0.952731779711341
0.954183164179486
0.568381365349566
0.7119757244498516
0.7711884407764269
0.539297055243579
0.9640891698489037
0.8629139632061088
0.8840465161135618
0.6448854833382074
0.7983405722439902
0.5598650331986734
0.5711881400469918
0.5537639203913609
0.7024693125639103
0.9547935720724465
0.682001728569079
0.7824444209197341
0.6264548999690879
0.8367525675861449
0.6334639347709883
0.5434245599468133
0.9170144382468164
0.5140441568107412
0.7264939591777866
0.6029620479676612
0.616487809737691
0.5958167346359262
0.7847873057426593
0.5645447582805108
0.8643704487819257
0.6631326508295383
0.7948647456543165
0.7313520479749405
0.9758994292554042
0.5505454239527274
0.612369328624546
0.7778889088894878
0.7107360367405341
0.9791898902515942
0.8887991147431566
0.7256186168823056
0.9463340532058304
0.979198184864341
0.7144713247369759
0.9380493948259128
0.7628896073467663
0.706267631137504
0.5649136598747271
0.5704834779583372
0.6915929740741233
0.9726810771587278
0.5762729318610293
0.7416175305450189
0.7541122167766742
0.9910151151176142
0.8756736432784182
0.8250774457900677
0.7953892614779312
0.9895736515721084
0.8898605751584896
0.6155021182221392
0.5870583741765499
0.645547051382904
0.5855233072127146
0.6512708391783156
0.6086657178797213
0.5999238949404293
0.8382783941798806
0.7250968792684694
0.5027642290261072
0.5494158004053523
0.9640780944628574
0.7353077594566968
0.9959212587382078
0.5499729064568212
0.6322897225708088
0.9877891526220688
0.9717098829548062
0.9126501908231439
0.5117458598798309
0.7355696783644685
0.9759510391974666
0.9388794104478972
0.5412403257336611
0.8677206509584343
0.652963351888021
0.5141806161391204
0.6138212844239339
0.5874154744576606
0.8553687719100609
0.7378448229818553
0.9106761365548234
0.9834491253190203
0.5904565153462304
0.7196737043307537
0.7325033384747557
0.6836866577764631
0.5651499506903126
0.8318946646873477
0.9915783670503456
0.8605325851500996
0.7494604632058368
0.6501284771688605
0.7371389179521395
0.8131042965906691
0.9896424998364188
0.9261544534644051
0.749944431335206
0.5983208283952419
0.7742713837656903
0.7489698562634142
0.7819437628654162
0.7335483351044244
0.6868836856768459
0.6023583470735725
0.5362023136496653
0.9446038258102842
0.8283102612997806
0.6141377974276617
0.6577014486072241
0.5464958496524362
0.9348825016883913
0.6148045286567078
0.8496239786939241
0.7908195214083769
0.9214243460051641
0.9166768621092936
0.8799706906560811
0.9851863358671911
0.9760541651080146
0.6343703968469259
0.8447802995961791
0.7886200300358179
0.7411806607832182
0.7819480071980511
0.5911626215807441
0.9917139537051172
0.7658241609459848
0.855749859080444
0.7274427983625691
0.6469223092864286
0.9885820200252322
0.5318358301816608
0.956460173976321
0.6909188186163007
0.8190296782235927
0.5661389669340271
0.6681648548270405
0.6612129606756993
0.8001539793262833
0.8552901529343206
0.5653487625225713
0.7012027135852361
0.773195420944677
0.5410208441724036
0.838855977886688
0.7566696157736126
0.6457130525044452
0.5975475184472109
0.7826503961557193
0.6529549903830716
0.921351739112595
0.974384385033724
0.7517278870893387
0.7775470576872655
0.5210854871282172
0.7665237299778533
0.6521143579204414
0.8048557531409475
0.5003395311624064
0.5556757741212588
0.9209786793115647
0.6051964533347065
0.8501905147414874
0.6185170642800826
0.7204154014869888
0.7235706923080477
0.5439818829815504
0.8941956211735391
0.647576625850256
0.9038367592446004
0.590523601991853
0.7923820863409312
0.5410059907342886
0.7928286705682404
0.7793107282691083
0.6349828880414025
0.7607953348297343
0.9840404615167896
0.6122850906243709
0.6683888022077403
0.7316791108289535
0.6636047259892237
0.8243578208721887
0.8022405672992857
0.5388763546714135
0.6447736861036103
0.859756612040476
0.8405423463247932
0.5851380528902598
0.6326933493822113
0.8087221289334985
0.607476611031691
0.9414498733418388
0.8425180663007386
0.6846574280776727
0.7841479331312369
0.5498429517786481
0.832532524169447
0.6389714573206884
0.773028045167615
0.9794096197117906
0.841058432733337
0.7284280111300372
0.7544184676114828
0.6824125950152176
0.9060585204196085
0.950649459631431
0.7463118054480278
0.9421728530016555
0.9624947921015515
0.9214993639897449
0.585837663420623
0.5820173323849502
0.541751283493292
0.543540165849999
0.997708418473355
0.9439112499750635
0.5363202446302714
0.9600306409600656
0.7809828419789319
0.8482183648893697
0.6522251732876337
0.7418320761688646
0.6503236628379185
0.7146906012852265
0.9355543902708632
0.9210389703191684
0.9664811655828703
0.7710656436100356
0.7068705454489095
0.5722469539807638
0.9448766061309105
0.910438955521046
0.727764683510636
0.6879197317372723
0.5315262681762098
0.830065925920247
0.9604381308055518
0.9829114392475193
0.5017181489207969
0.9551543883540996
0.9228230347762378
0.5357054348683118
0.7240681548002585
0.9621849873783335
0.5480169267598671
0.6663085835663203
0.6093795575863981
0.7587717282937665
0.8799654511888302
0.5932815164364795
0.7197018878861421
0.9992114614240641
0.504393662189898
0.9081385120111951
0.6320732853142809
0.8776881649241428
0.7656124310061337
0.6742574627123423
0.9297112380243974
0.9915735554034295
0.7529509335257638
0.5875056902298701
0.5851547155646659
0.8863549888402518
0.9462665102250155
0.5639138317394367
0.7501661013936685
0.9650916115850985
0.545761452787216
0.919000519485672
0.5783729859130352
0.8612931950555116
0.7432075624904633
0.9149147550463249
0.6106705346213475
0.9184549772470969
0.7687621246509491
0.9741146168119517
0.5640174318855696
0.72841707729227
0.7678508690798738
0.7786494115745948
0.5076271285946838
0.7324193549500602
0.5218275339998342
0.7659591947251626
0.6774912156992751
0.9219203146718997
0.6754838970689474
0.6054243797523493
0.6439977562858714
0.6394477178118407
0.6806918057313187
0.7681815291982509
0.5576420356248961
0.7345274581470146
0.5504731627246189
0.9746794778605377
0.5953349676384629
0.6088926443537184
0.9534241221333496
0.56915795819314
0.5444818693072417
0.6855639885794046
0.8182525923259303
0.6300765818085137
0.7872816433816235
0.547999341117936
0.8176551926069859
0.8292096684537471
0.6585042131669028
0.9923512041930115
0.7799625718822358
0.7927885165145889
0.9493509389084471
0.7155090625595091
0.8064935672716408
0.5922449544549577
0.6041927664259468
0.9754375647988834
0.6130331154585874
0.7867791831337028
0.760417866903575
0.7337871190747073
0.6972515752511217
0.9108194675357121
0.7807624664214831
0.5193400157352017
0.938799241107035
0.7701873535469927
0.691956253386051
0.8381594360519453
0.8432039730856558
0.6619749021592203
0.8703391968324614
0.502721450149058
0.6830808970739806
0.6541629233414268
0.7403291095984739
0.5411911971791953
0.955949584099366
0.8075064824799856
0.5472669441265844
0.7084109936666861
0.873900671123834
0.8471363091653774
0.5403520872724255
0.7596349916598759
0.7949119554622361
0.9423155997804004
0.9553827374847381
0.6125274788338075
0.5733658985707366
0.9726071129839389
0.6412446360826385
0.6923739310855327
0.5348722847104241
0.8821336994848982
0.5476875177579272
0.6266290088358721
0.8004142321413306
0.7169327640225094
0.557469345626473
0.686341548812419
0.7889658629160097
0.5021093292187362
0.5228385167290073
0.6375665870389025
0.9596145462577051
0.5705885968935438
0.8969773300251989
0.5906288768041343
0.8033335444276095
0.8776076502483074
0.6434480199401283
0.6789831399430741
0.5018730229780183
0.6169915377460771
0.7829831042767299
0.5134624097812786
0.6932849612280958
0.8172327473230232
0.7835769675903379
0.650764526407638
0.6354533572582286
0.7492997638732162
0.7328093584351807
0.9325647287823553
0.8144504270959394
0.6275732341451334
0.915784728988299
0.6764921126406809
0.734642042564681
0.6791927029746712
0.715779622396536
0.5535852918412987
0.7397782247378639
0.5031452260143536
0.5148437821880514
0.9833058779845583
0.8995814880063313
0.5138741341277254
0.8617418959108574
0.901744509381089
0.5527197457582851
0.643526764996872
0.8974171783298458
0.6778839918475621
0.6850116154556698
0.7013367566168882
0.5323843457041257
0.8646854132711405
0.5911824113587523
0.8971979471724243
0.5610059527440495
0.50381607399442
0.7157286876730389
0.6650533376460523
0.7716608841139805
0.5435048188761205
0.571597696231777
0.863989983383163
0.6330420487625488
0.7834787156154082
