0.7618546182649767
0.8414161931707276
0.8272528020485284
0.5011684535077182
0.5559970771060844
0.5558700616358989
0.7974328142901445
0.606763428768111
0.6847037760592634
0.7606452303345256
0.9765092895941062
0.5845410038740277
0.7982282853358154
0.9791439991905431
0.8312591243879799
0.8395157338179494
0.9307617758657367
0.8883125474090408
0.5700630066163923
0.9462733214099719
0.6816967326164062
0.9214397110257537
0.6928409306989122
0.9742512994933024
0.5067388979285578
0.5396230622898854
0.9354376975730491
0.7620183470695094
0.7954166955609048
0.8809808373005399
0.5126609590203179
0.8621054164176876
0.6754389027529649
0.5466226972586086
0.8408300544097707
0.5296126679078854
0.867942368175168
0.5868804472480652
0.6493805168280048
0.8532951545441255
0.7784370674557894
0.8406902098390414
0.607227073919315
0.8924734867932582
0.7777648633537306
0.6180468426463865
0.6738527440229183
0.7415581842448743
0.8441346086776799
0.8257917716032366
0.5126194555039044
0.7207463617151685
0.5079286771734951
0.9389695281819963
0.6093974270223844
0.7904957107719337
0.731912281055163
0.5623096872045728
0.8852312050275772
0.8643074490657814
0.638577849435793
0.8911782319827894
0.7833642287830487
0.9532140930059556
0.5232771063261712
0.5409382718287631
0.5895422463182965
0.9366806732634432
0.7678876453213171
0.6966700371388835
0.9001644034416612
0.9611864790797097
0.7640492085782454
0.6836051405533621
0.748443172842669
0.6173239017410705
0.9878617999761021
0.8410938477492039
0.5544338390760262
0.6580219709339612
0.7304985694244994
0.6053174806261521
0.9575928116542767
0.8848477868566638
0.7792649544675694
0.8696636219137222
0.6442365979236433
0.8039802584891285
0.68262330952496
0.7821004326341134
0.6209102482849846
0.9815759582415802
0.6185835614704736
0.5946406617445656
0.9043747473115915
0.5232580008927956
0.9446627971023702
0.5377532622270176
0.955872051497298
0.5879383321454044
0.9623137869418186
0.7176966026982148
0.9591832111684887
0.6057943052061208
0.5347089158766252
0.9740896945817683
0.8680669395196422
0.666892435859294
0.6390178491627341
0.5839132152816655
0.979251411997085
0.7944484771695266
0.6638029571274771
0.9697584175632874
0.9318990469946161
0.6604301487260753
0.6384432851826549
0.9482347275277349
0.7143635942376088
0.7636573235261678
0.6462493565319364
0.7233448796788142
0.850537247684021
0.5954351378194701
0.5746750079061237
0.8108500912309304
0.5543358020789131
0.8299723907456562
0.934535509856594
0.9736788892265822
0.596739484851556
0.9232886701025121
0.6817350763791623
0.5952482521004787
0.5021964223254556
0.5594932016109972
0.6681995800541991
0.8100364284845298
0.6922192059628816
0.7388918308894639
0.7487057492135064
0.8888241222057436
0.897783746814709
0.697987201809556
0.961399642635427
0.6851991511033155
0.6652311915795746
0.9794511260313075
0.6318620270952017
0.7483843988599087
0.8114498911929335
0.5520245460344403
0.9779821831864937
0.9149082226172429
0.7282063540529271
0.9267360304328746
0.8383009081289263
0.8429465828609848
0.6641908449003584
0.618964327671421
0.7575102596614551
0.8121481469137235
0.7333488236712333
0.7578493777318229
0.8452411682768899
0.8038865651028815
0.6216452194532796
0.8814357736593397
0.9191603657489582
0.5430967173741938
0.6070805376040971
0.7327220544943034
0.5655504984095927
0.970350930794293
0.9737442602571855
0.9255569217136291
0.5272368898177568
0.5810330421362226
0.7150665847598217
0.73379595752904
0.8422524654140746
0.880364391450798
0.6014074096761552
0.9823840619553278
0.5542176925003257
0.9434209206327877
0.9375361662501667
0.6663579192724967
0.541967698409716
0.6651846256557439
0.8264755842554756
0.9629064253826063
0.8441051209645818
0.7388989147141907
0.7882182096414896
0.7963980849660827
0.7227517667968333
0.7159618963931148
0.8555606535818177
0.8184589356835059
0.619581913884655
0.5314979705890626
0.6184230546962355
0.8601264667183084
0.8777495666251598
0.7729089425882609
0.7609652926082198
0.6246866282901513
0.9473297228311768
0.5338207799988823
0.8654919311423979
0.5763424341368262
0.6350428974149204
0.9485880032195382
0.897135393061981
0.8225860541486236
0.8137347288228391
0.7773126179315544
0.6102548919848532
0.7876526135064048
0.7916928021138745
0.5442876486246391
0.6978915640125956
0.752710348992202
0.7997710218618888
0.699777063257302
0.8260001646528705
0.7208933770332264
0.7269828011823538
0.8234857816946808
0.9642806081486002
0.7843646216575946
0.613664963184908
0.8155141404640438
0.6141133411205559
0.8928733279519985
0.8103286238363888
0.541824508149189
0.6284948689827934
0.6127556166810797
0.6553466227909449
0.7571366256293515
0.7593148527463535
0.9789478992553721
0.5369427767833415
0.7336587691755921
0.5581277086442267
0.7481887742149123
0.521443776476262
0.564987826534395
0.88745813012029
0.8729309725412948
0.7355726061248932
0.5896653423479665
0.7963989295725937
0.5011992483291481
0.503334470580199
0.6894312630838425
0.7674399541288028
0.6304586359762847
0.5717062682749714
0.5454375150938233
0.6703409169661445
0.9245507158064308
0.7763132804448767
0.9313236985121847
0.9097411385439541
0.6759419596125409
0.7406510438734584
0.7344360936193255
0.8829962205826325
0.9050568738209375
0.9326692842692641
0.8287940775614442
0.9764963263087045
0.5359680225449468
0.7706431491285582
0.7061385761259354
0.9558922950469657
0.890491172382962
0.6189433083855209
0.7903700327520466
0.5038096699014847
0.7465202206354111
0.5965789393399363
0.9415746705898538
0.9220325675616834
0.9947142629907717
0.9013303845338432
0.8815089164927017
0.8057293818505118
0.7302989093571042
0.5918898610013512
0.5522023772464453
0.84330225125591
0.8711450212676055
0.5692760535937418
0.7371773163500812
0.7898418749070947
0.6222189599550288
0.9169336433301047
0.7488089765452053
0.7435692735912445
0.6029385790764332
0.59813638476614
0.5125985666234394
0.9330817373221205
0.987653825315141
0.9092133294997844
0.7249425051633724
0.5124931837336335
0.9330222736594613
0.6184129997538101
0.6111044225700641
0.7528766429863228
0.6436925311150732
0.5793200430653862
0.6442389945956051
0.6917214769557536
0.9014507115204478
0.6697498363114291
0.9091965800612325
0.8235077570009357
0.5704002061866802
0.6579478342623092
0.7378611471899412
0.5722506175141565
0.6594491012776031
0.9086082686434309
0.7608017831972622
0.5168837108255249
0.9355278676248238
