0.5797191816653746
0.7043614298196175
0.5096867802362057
0.9057411936049276
0.5738739398653061
0.8218615030251777
0.69360781118969
0.7708741274233323
0.6666074017076931
0.812617180571356
0.5070071032042843
0.57240817340236
0.8790526774482466
0.9061196224939221
0.6599913394368229
0.8910748968251021
0.892147895284189
0.7092656116086329
0.7584578110014666
0.8827341912437381
0.624906093103736
0.7775048328228553
0.652163282603828
0.6868588374286362
0.5006951513638619
0.9687408692323461
0.5374943758942039
0.9863521333620324
0.9545794499145177
0.8084909319912134
0.7664735541425531
0.7102929918609029
0.989671630901866
0.6455832885004518
0.8656258010635797
0.5154276208155505
0.5175334785748427
0.6287503638540055
0.6952757307303337
0.7180732208234569
0.8890665436850391
0.5334205051532512
0.9858751668644775
0.5607830920356167
0.620513914686218
0.8365920299613263
0.5087582542403195
0.9164588919441711
0.6892025009179541
0.6051393219748105
0.8252830954941103
0.9116851287420654
0.8564181716426875
0.9455920141497935
0.9073959228088806
0.7298114561425577
0.8847788866134787
0.9333788548927684
0.6656767632265472
0.9107415652311044
0.7673135982944179
0.8882947608146883
0.7548462170395838
0.8826848132228595
0.6718233925461576
0.5597417174736419
0.5781482152447297
0.5849740697829051
0.7955593972456864
0.7981031178034098
0.8363938938964195
0.8094628592280371
0.7541215424274341
0.8749103905444828
0.6881589041038074
0.7569008642525957
0.7621321302669288
0.893817980376872
0.6048850654654583
0.81715004657669
0.5898119169673244
0.5154378647886788
0.93471805157527
0.555384550849988
0.8578739663811978
0.7329992725980228
0.9691284549968424
0.6041401806683984
0.553549371985723
0.7362192197838564
0.5910950100460335
0.5286721028090636
0.7542332379124697
0.7417607433900141
0.6093455107292061
0.5878426989712238
0.9161092966587516
0.9301249435748201
0.6442442242212812
0.7934594842667045
0.6262097289631536
0.6291304535468325
0.5654277020042061
0.7582858249904627
0.5497319495022792
0.730981361197626
0.8600119512862352
0.5145597132886004
0.8996729947519935
0.52631300722584
0.9030398367408863
0.9136935502277208
0.8735328257085442
0.9346496546867983
0.8890437560278828
0.7606543403985557
0.6375090905651117
0.9048743501790477
0.9685973347419302
0.9570451143395329
0.7868862510279524
0.7905577461723958
0.9868748687003368
0.9898142240906839
0.683266600796514
0.8972051172097795
0.8915794356835107
0.5764391065710393
0.7764327157498676
0.8453970941865816
0.8314189034092506
0.8387519818347241
0.8302388059320458
0.716603751408071
0.5520837721162966
0.6821312268967676
0.9996894481586691
0.5000278272759657
0.8879837720561219
0.8490601994295925
0.5385172760795479
0.746545811985381
0.6139668823486575
0.7042641675315766
0.9257821239252435
0.9446988439012749
0.81887538857549
0.967692781018701
0.5762529744169282
0.9117702062880118
0.8995846739539284
0.7952622485247967
0.900710091179928
0.685922085760553
0.5826492129433822
0.7202155922710987
0.7545294266458805
0.923208960221046
0.6097740064182631
0.9806133110851118
0.5353632211280479
0.7036526581299876
0.7769169817722407
0.8151931648895444
0.8659535391600346
0.80884958641526
0.7097435254346791
0.8094858406445584
0.7946530332668629
0.7209759416771977
0.7381644245624046
0.6924784323943847
0.8860924403508994
0.7095376661532111
0.9105128416319266
0.5939780552534244
0.6806963447826857
0.6642544013156917
0.759572506296204
0.8609441233880258
0.9258620785049876
0.9755860285020136
0.8883785003183986
0.7642895255558682
0.8454959214552871
0.5385965394723183
0.9110863344518347
0.7889299046411439
0.8442326206209039
0.6395244810926095
0.7976634373785949
0.7227870275835777
0.7702993086766388
0.763027310945946
0.9262727841996097
0.8589381728349605
0.7986157179913038
0.777064674684656
0.600249823320314
0.7863984516610412
0.8952228140582548
0.6580136580641159
0.5348962196366354
0.5272666537052588
0.7940157795502476
0.5164994570227859
0.7724042203508422
0.8190724511650858
0.8724604964326141
0.6043284290126114
0.788405637465905
0.5583938619692412
0.6364426644024637
0.6706037825409579
0.8064164266541909
0.5343329929159588
0.9531162289682822
0.5859754530071246
0.9220701414207346
0.7661776936214818
0.9866519845495614
0.8150231566505413
0.9670579581874245
0.9336160708761131
0.7311693096165621
0.7329703164297546
0.722883211619334
0.5773231424265375
0.6522297749272226
0.834056379917015
0.9141051992425065
0.6064528396525113
0.8959338845033518
0.6121984055382694
0.8275597890391923
0.9295546908642962
0.7978622172161405
0.7905432718021945
0.971172792458395
0.5967483464361194
0.841664546262573
0.5390929230557217
0.9877458087204322
0.7826017225731843
0.534452799294662
0.9927110020108544
0.9469985047583401
0.7952365964593443
0.5022485085913226
0.5480127459195822
0.692429358308737
0.7346393948580486
0.794119809843862
0.8015930237647941
0.9971793666856981
0.5702133432590517
0.8959414626734094
0.5153214154954021
0.8143728482551615
0.56898313074412
0.527902061883203
0.7281014714425319
0.6258880657703583
0.8920597344047917
0.9462598608972232
0.9474550400333137
0.8913309386837992
0.5326881657953406
0.8614864233769519
0.8613353872836642
0.5767977687071408
0.506937184030855
0.7214588528597337
0.8629141739382411
0.6411884836204758
0.6222748287546236
0.6638828826802974
0.7653050287664319
0.5583093813501884
0.8073308820845717
0.620172418966777
0.642251413241693
0.5609766793994815
0.6052687949199957
0.9111929483980357
0.5401812923436091
0.7936917927948204
0.843713368624816
0.8376362833873563
0.9964928905524564
0.7571000639859473
0.6895085982284247
0.7038573901119038
0.8298924601883096
0.6622454792327938
0.8272777192855958
0.5038082601539228
0.6353164590549525
0.6702753858354157
0.772900493203617
0.6965307835646779
0.8795170168117472
0.5043723692277893
0.7093420344183001
0.8033181159170281
0.5167174608687535
0.60550955195772
0.5916518408890861
0.9675922370558114
0.7168247615016385
0.7926018663960295
0.9071671769980256
0.7462746438595037
0.6515398630473961
0.9391687465918275
0.5407559813402779
0.6122043099489013
0.7959056253464203
0.8984243433013281
0.9581835854340757
0.7478998352982367
0.7615853485562107
0.733959094075842
0.6804619858523892
0.8413759382789021
0.8910448850113084
0.7192064509636613
0.7280673835493436
0.8780177962286015
0.5591431753223656
0.7045305158346851
0.7556486594351401
0.7913194962484822
0.9920863625036284
0.5684889347361459
0.718111831062167
0.9712165917344868
0.9330755442421689
0.6316424140894196
0.5610809275238261
0.8308439389020281
0.9999956303387035
0.7159152198679025
0.9373751798079177
0.9526878122555947
0.6182723718354336
0.668883455098229
0.8798705945149383
0.7947639200819548
0.6389668246234712
0.8548820655438741
0.7099827135004392
0.7244037945352917
0.5484517482642877
0.6128297633853153
0.8891159461049966
0.8155160645255637
0.6831586695693315
0.7833136217327863
0.7661300823999855
0.6527109131890567
0.6508613373170264
0.7221060629269006
0.6951782837460262
0.7030535072359105
0.6138027632472236
0.9313240134272355
0.7941146741376284
0.642304242602209
0.5380971826788733
0.7744865457900147
0.8940121925258917
0.823265808887369
0.6253181362379525
0.6316060519087457
0.5150283482891237
0.8719666748878492
0.7678705171359519
0.504203723033399
0.8713358261938595
0.6680066601428065
0.8108622136919081
0.5766186492137078
0.7824429886408775
0.6569951863575372
0.6630918733244613
0.7314453282221816
0.9338449898278072
0.5895948212572261
0.9491370241561112
0.5655547614647416
0.5235872933986581
0.9365069197188147
0.6200357408111787
0.8534291069027778
0.8693371370927654
0.8873276912288741
0.5149196618819538
0.8396339697170513
0.6337619438346145
0.5781934921668894
0.8541850842662726
0.6592997412964697
0.7774229215438386
0.9689109805666809
0.7209450425201177
0.8748533054579462
0.5784691402152451
0.9064846626728743
0.590563273921175
0.6030433959538939
0.794528692749323
0.7650674525365084
0.8042499961754236
0.6688496529294855
0.7819377645798432
0.5996582887842257
0.9072386078810141
0.5911662954007186
0.7454530929410816
0.8847786596558207
0.7909427696759589
0.9896710141322
0.5705005068217586
0.5301166621254503
0.5675494981128059
0.7496457879785154
0.9982973596592443
0.757052045305477
0.8596175737293928
0.5506722788926693
0.8996559354639844
0.8544776234597542
0.6025515118138187
0.9059922316412856
0.7005219560567535
0.8491487731874185
0.9395589347998264
0.7504068127665222
0.5367629154125713
0.8083435111055118
0.9625071854203009
0.5382959286404141
0.5659528144041608
0.6708737988031903
0.617548597327541
0.8465041807560622
0.5455467816567787
0.7107977919794843
0.5335230087200875
0.8814083233190164
0.7489032317846125
0.7647483587803567
0.6179218836882294
0.6521127190605318
0.5702217452157476
0.7233461817255462
0.8037746598135267
0.5003464938162292
0.7460287135420081
0.8957822255960731
0.572325656470754
0.8969493644456197
0.5851962737233872
0.6833256670543882
0.7116785782604202
0.7791174898334301
0.826845178517365
0.8135345130073938
0.5967415397798633
0.7399748728774993
0.8806289494356735
0.7060637220708385
0.8745527267133948
0.9412309989097962
0.8486655769143803
0.8167785652316281
0.7654946354002923
0.8521664187174578
0.5070050649510929
0.7770005975461303
0.9119652989757001
0.7341406401866345
0.9558462752008792
0.7810913711847519
0.8511088853782021
0.6972803210484633
0.7879658298622441
0.841705783833981
0.7191661821410313
0.8714397786781225
0.8508807031241368
0.7419478158759651
0.7668546126158704
0.8961890694392668
0.7363055986274196
0.9797648436471709
0.8214334514019432
0.5787344453940884
0.9796523742235366
0.7412265601304611
0.8510113354249293
0.5124461502934854
0.9369079569156968
0.7481795951355805
0.9357464146950549
0.9185943924594139
0.6034007046461334
0.8079542170493941
0.8224553305497851
0.9374347155197318
0.5999009817441172
0.8005080666467155
0.7500801606904698
0.8165224099580687
0.6524734826846028
0.5790594513635715
0.7494563141168162
0.7514721680982999
0.707504358674038
0.581045673856377
0.6827436024914699
0.6309153477883971
0.606614960281977
0.6998252241906942
0.5863714137688383
0.6809441068919293
0.9034246249268657
0.5695062245232179
0.964379629448343
0.7690106322357806
0.626852250899414
0.9788528395244539
0.7371496857298205
0.9425870189895889
0.9260302207100315
0.7164649023547901
0.6776424409694768
0.5681664140337946
0.5334188069326613
0.829086284670172
0.6548796684259146
0.8114984635926603
0.5657904209075053
0.5844836727418262
0.8409074940875223
0.630480420506644
0.6292194924883429
0.7307366834920441
0.520782908940941
0.5523889850383527
0.6593008673428288
0.8872601323726078
0.5593298151726648
0.556830227139415
0.7856940133588313
0.6917689157957585
0.6848888010437633
0.5105683286167098
0.9409786813173571
0.8843180728811474
0.8516708061387701
0.7829378362496195
0.9593573511783471
0.6204648696371553
0.8191857944146361
0.9666371521938633
0.7439466920230924
0.6839951344543309
0.9703927862998448
0.8396365090356336
0.8121516660620991
0.7900218597569237
0.6559034429402635
0.8765280862081382
0.7908295077668026
0.8571797921083855
0.6145351480959242
0.7940767538194518
0.7028422526473476
0.5832259521860444
0.9522994483228717
0.5685486675276819
0.9450565936164437
0.9136427815839601
0.948790535852796
0.6203375521955996
0.8445186001044166
0.751105381585758
0.8797450834202434
0.7785878171282052
0.8958969269669063
0.8635071978677062
0.9916205241653521
0.8105940211841359
0.6708892337646819
0.5549999858274942
0.7841832885975766
0.5538278079546113
0.5584659863376795
0.6655595866420656
0.837783547810796
0.5646152311636384
0.6569745992606656
0.84812759439107
0.9202301269993045
0.5954212805779973
0.8954245098857339
0.9585832293907707
0.8595362993100538
0.9591197536592251
0.9148636159887553
0.8084599212336525
0.7918747742101778
0.9541988954752136
0.8498879757450802
0.7576069084726709
0.7187932668440006
0.5528297010302248
0.8035707760569841
0.5329928584473012
0.9276971934665476
0.8831167554379094
0.9455333402516575
0.8410736795377209
0.9541525589362008
0.9644670072581603
0.8760368443784627
0.974677655690279
0.7798346757231949
0.6198962514062223
0.6283706522907981
0.6899732867252428
0.6034030781719958
0.8293026782098782
0.6761149144199508
0.9877647263654071
0.5202580691710665
0.9633642504840834
0.6265884124129181
0.5408205778432131
0.8367493004960183
0.8165534444772016
0.8236955666815626
0.6820657533692377
0.8175384735870919
0.5161511449351759
0.9409307950000863
0.6838200759902828
0.844077307708906
0.8170147849767797
0.9301698094647952
0.9903432753969187
0.7987666078689909
0.5204773238002243
0.5182143885737815
0.5420001685845814
0.5665395009884898
0.6367537663877318
0.9160081689645819
0.507153341379694
0.9376254958983696
0.635403317047659
0.5518894032751726
0.6095094919135342
0.9242245415477242
0.6986246828628422
0.7984451714376953
0.9106682976466287
0.9844722802777232
0.8637286491863319
0.9695940331175217
0.6591984132856794
0.6206945229652852
0.678752621156723
0.6759330877962649
0.8768322394348385
0.8382580788490697
0.872369035200456
0.9347738590953516
0.7347335260172008
0.6782438967253038
0.9961514263557016
0.9814382560837238
0.8743295992864311
0.929829033653466
0.8782754705703002
0.7653311373814455
0.8610247647908525
0.6509252769951859
0.8778121312614675
0.672833534290314
0.7425087795379862
0.618572008199531
0.5138614188667816
0.958666260736619
0.6686312142885118
0.6106757355275105
0.6808650016258702
0.5018626383821002
0.6891908642460771
0.7456467771256146
0.9443250208173344
0.5287176042255601
0.7815894935936026
0.9429374158495121
0.8945929634204339
0.6804217885767556
0.7703677818444533
0.8444086113243991
0.9850202626872646
0.7797931957024475
0.5082519196583124
0.8591079965444288
0.743699194371043
0.9800944360895956
0.8744156182643041
0.7632565700617742
0.8669666538733887
0.6048969290573669
0.7872541191093643
0.8562836700085567
0.5351819140772525
0.7529529230294976
0.9154386731751286
0.582949330866336
0.9853704812795605
0.8250914853994993
0.9984959245637299
0.8947270499629818
0.8017324647044403
0.555660646392454
0.7740976600707397
0.9271228968565128
0.8859609763283101
0.6346217965649055
0.8747869829895597
0.8137766572279157
0.8307651110290304
0.7016897481872748
0.7469750649100575
0.5673286472104695
0.6738680938585441
0.8789784192284088
0.5681992807022975
0.5598291874695339
0.530039820134899
0.6391801268454407
0.7745472219515637
0.7353295606262055
0.8405560145842043
0.629164403530202
0.8766289371078417
0.7995469373588762
0.959206069810566
0.524129987183481
0.9962681140918728
0.6616306609649361
0.7659031397551435
0.9685516021372713
0.7218331301788212
0.5722619484453235
0.6791307861317528
0.727308298647936
0.9019092773958044
0.8040577743949269
0.8687877602979367
0.6174280014708975
0.7804575208458294
0.7786524063679223
0.9150102475111335
0.8216149196219431
0.5358762789153098
0.623272477229412
0.8755840829786572
0.547078996269563
0.8771297535663469
0.5353859725287308
0.7513698611459931
0.8410149205311581
0.7872959529200712
0.5281048487416222
0.859098771603507
0.9894061808329653
0.9497819240102545
0.8983805795046755
0.669874053334869
0.67972904586622
0.8044267349594312
0.6488399381532783
0.6082412465791643
0.5596914961642245
0.8463379571101464
0.7360178521809073
0.538834749970331
0.7128250711762625
0.9674733031643032
0.592123789237175
0.5627410645416281
0.8386780663770836
0.9848133060338131
0.81745245188882
0.7977100662672354
0.5673982854553012
0.7208045506899379
0.5159180346882271
0.785373362422889
0.8146904988389818
0.7895105972389008
0.7383279875707853
0.8421042118242568
0.8062205062305634
0.6922190073022165
0.7302980968414732
0.7446296141921998
0.6523793448588991
0.6244010145176097
0.6618155061840656
0.8153451330616746
0.9553037017052783
0.5292701761291798
0.808250967256255
0.9028762246279902
0.6087672041020804
0.6650849582517113
0.5689750144951101
0.6664993893785164
0.694938625152137
0.7881529707804124
