0.6358584665291955
0.7396622762744545
0.9199123827204434
0.6345056366158728
0.6515968549653763
0.8101138910097603
0.9681971136302874
0.7435775749164707
0.9346054796652227
0.6414809473680336
0.8063040014422231
0.7663982339902066
0.6927004377311701
0.6611226808181047
0.6863012498711472
0.7208026975227255
0.868270676320957
0.9594625476331495
0.9157200552233178
0.6734677678096312
0.848931742682626
0.5568809631941805
0.6724603727032099
0.9918651121311147
0.8779237448063331
0.8229825810042023
0.9639231359391813
0.982967226158204
0.5832678650862007
0.5916176865163674
0.6221928274017559
0.9340587562633653
0.6278108933850297
0.7510315324890771
