0.972872323865938
0.8228376904303585
0.7864161323859395
0.9039635477068098
0.7234032238820596
0.8334342075636966
0.6156715438707858
0.5555152911319214
0.8534268578785336
0.8506674251187698
0.5533777678179254
0.7301747510409895
0.7906912188326455
0.7820795180391463
0.7374362215332714
0.8570144694894889
0.5442886332289085
0.9149867501356721
0.8151007725785888
0.9161567668256357
0.6917898516842454
0.8783119060448505
0.9455845157214342
0.5522239968110035
0.5304066189149343
0.884528517790806
0.948904676055197
0.7983370644774459
0.8679767733902415
0.5284810081318791
0.6421676138038909
0.7754011319137315
0.722925143638668
0.6491784318141096
0.6230701505641238
0.7768195773605509
0.7988417816499853
0.689347434579224
0.9629499319998658
0.9202759518564068
0.760484379772725
0.8996194891705542
0.9344457846656331
0.5931610817868576
0.7866395910991407
0.5339412758040013
0.6519581578750202
0.7875753651976953
0.5534340628112288
0.6440600966171004
0.8540517398242309
0.6371276312121279
0.5865271013668094
0.6807695386146564
0.741959975031161
0.8295342093349236
0.6982608416090087
0.5781145451165484
0.7343003154180228
0.7366947945625142
0.8740361824066687
0.7052816020595476
