0.8221804047527961
0.5586521264369526
0.5605465283825859
0.518435308982111
0.6836783441811674
0.6019943257854592
0.8976371652588673
0.5561490444887306
0.9156941751046898
0.9596179482606646
0.9186866485922156
0.633718047713488
0.653795526659158
0.5122912939165903
0.9480798667277567
0.9233248691580618
0.9554481009210882
0.800232042678809
0.8792347651124086
0.5919325780444629
0.9913259908732557
0.7998970642474975
0.6275594780409331
0.6005938950125067
0.9111496322716175
0.5359773916987897
0.8364233403740736
0.8987039218383588
0.5942847095234796
0.5748657729521093
0.5376849962877032
0.8136256750748657
0.9025614510249164
0.5960340067602046
0.7234000562724017
0.9531041878730107
0.5244413457616667
0.7230222117880536
0.7977193426550864
0.7650674957017423
0.6292742447959081
0.8665682250200843
0.9776058849387534
0.6964862515564075
0.9476993076549879
0.6671720393305518
0.6065183463884111
0.68157923280118
0.6255794934366319
0.6627285295797384
0.857487467493608
0.7998769357072857
0.8586439926375965
0.7522297326529167
0.6555118100490287
0.9891280301824924
0.7003699208465708
0.6979036566395797
0.7145978854182876
0.788822452584651
0.785378224805197
0.8634174015635718
0.7408895880765497
0.7211507551491907
0.704953792155341
0.743576901804093
0.8853259748367035
0.7098828104902736
0.8970453028337588
0.8957475938479784
0.5437706529774189
0.741862915258702
0.5730645700697058
0.6989163333308717
0.9992815430013802
0.658445823976037
0.6122953937777926
0.5608018525953162
0.9887046808890898
0.5079900439038019
0.5359292222469267
0.9904868710482397
0.6645456613928944
0.5888406080547967
0.8255722066222577
0.7825229337502486
0.5922455298412646
0.6843879363961829
0.6990008236799886
0.9252916108074425
0.7317758371651467
0.7337457511823531
0.9243425776964613
0.9228487090726358
0.949556454255312
0.8121358443986839
0.7147561222065966
0.9273158663777943
0.9291827688332219
0.9491610878492679
0.6532395952265266
0.6287154900284784
0.8154873641846914
0.5939612174876042
0.5473482614617639
0.6379164059642297
0.9047817855327985
0.9105483091614865
0.7452929415689984
0.6113498916626638
0.6724087321854466
0.8799146909730825
0.9507039139623057
0.6211841002897042
0.5601195814593546
0.9963053513602423
0.5541580968265449
0.8041896707886912
0.7204773638977546
0.5520492963243515
0.9239973140372892
0.9007575046266693
0.8768541284169384
0.6214979531546285
0.9396353120521316
0.5337630545340528
0.8573821427587681
0.5117147867410609
0.8168944385590424
0.6829541304870048
0.8334781559654354
0.8414241223312733
0.751515699237401
0.7660619844223353
0.6004927701277178
0.7645351755253251
0.5838156175964007
0.571679061512641
0.9024095859894273
0.7073436300022451
0.9527931139628626
0.9391801014986829
0.7497181238221541
0.5275777956955633
0.869267309016619
0.6257994615327571
0.8385070960489331
0.5313055534433686
0.9840114587264007
0.5715315913129884
0.8636400406274414
0.7599086624608786
0.8523596971529486
0.5956523136857501
0.7824169515283934
0.8772563623617868
0.6985519162938545
0.9928680263098499
0.6170918887528324
0.7671935819108536
0.6045747595318021
0.9546540589265267
0.8581293140293731
0.739417482984907
0.8302397522643077
0.7956202451677595
0.6266666538106003
0.5795993677606255
0.5080938685286343
0.7569543279046931
0.93901369267952
0.9839621509789693
0.7139941775960339
0.8421033993826265
0.6462162151363797
0.9122769822675874
0.7209137651024888
0.9924494191987725
0.8986957432304709
0.5616844418974405
0.9298733327644533
0.9200983618769727
0.802450941752808
0.561042192173115
0.9121298453004567
0.9625019455286508
0.7658102122717756
0.585025255022144
0.6812940992528795
0.7160882266971809
0.9163875992421175
0.5903773559848973
0.8442348119843717
0.5098678682643052
0.6880067653210064
0.8097651377241125
0.6483375329010943
0.9379220739354542
0.5827014908944421
0.9218939413084901
0.9325813846555615
0.7590287618708751
0.7205699374850734
0.5751183232554626
0.527201938197218
0.5716216864209478
0.5202124393971896
0.5605787964068751
0.5941786751635874
0.9183848819490181
0.8524301505252202
0.598398807722184
0.7637986994398174
0.8923740697221294
0.9396158340579821
0.5206743942356065
0.5098167855442933
0.844152161889818
0.9900837399103868
0.5448787642717527
0.9946984880738887
0.8906861264502797
0.5483501054238595
0.6604131890242153
0.8323644201469882
0.7426284371505285
0.878804785169383
0.7842213524233235
0.5962096569052995
0.6973025564802976
0.5471763300174557
0.9030954693863842
0.819350382387082
0.8952938816308851
0.7253851314272017
0.9587420933890767
0.8270120644197894
0.5100307111625992
0.6509418860424887
0.8069398273822754
0.6334199409477146
0.7912651287333858
0.6904070869652182
0.6214679047756786
0.5361083451476456
0.9294626803301769
0.7662433830624182
0.8590112383347825
0.5277141887226108
0.8666857869229996
0.5316486604329675
0.6900686233586368
0.8491814494687748
0.6500342715890142
0.605716173980775
0.5949530821175519
0.9660550540417696
0.5354426261832979
0.6122821054902997
0.557107414007841
0.6343752819260631
0.9622418855032775
0.5615552208086035
0.6304766468063918
0.5829724987218723
0.67431982471488
0.8500930838060232
0.5368365668738466
0.7468262996658634
0.8488231377415698
0.9569104432290042
0.5578352316269295
0.7211569024997315
0.913330528196356
0.9678885820001217
0.7958545189160551
0.8268044600522095
0.932057505284218
0.8522374841414978
0.7365603725052261
0.5805517067105801
0.775862859014141
0.635199750162775
0.7951647544286933
0.5392076947815079
0.9881618968580941
0.9127747008914686
0.6072909337469706
0.9690932708489173
0.9210792469039957
0.5954926874689221
0.5400894651271504
0.5831718462613321
0.930165187706691
0.838101115343447
0.9028270095661727
0.7902303013200269
0.8512369056700122
0.809583722728052
0.5525820421317994
0.7015412618563417
0.6541443375241588
0.776240532633107
0.8963201123652784
0.9653563787657967
0.7517224197592145
0.9981360077729915
0.935008401657129
0.8840917017590977
0.9821558151435259
0.7854041207921811
0.998800555653126
0.905343194643716
0.7001066110209354
0.5323779081116569
0.8698883968374549
0.6396046414726848
0.7302727490070076
0.7588211321470575
0.9311411471740993
0.7200605793603936
0.8656267844068954
0.7629054825406001
0.5060678218710964
0.51661882086961
0.6854915930538932
0.9225983736621395
0.7481512687531069
0.5704256620575576
0.5899191876875833
0.7835046261663834
0.8622061908529782
0.9531439358948867
0.9044536068732203
0.8040428717602499
0.7400508330888189
0.8839438136555237
0.568096402462754
0.5582934008907776
0.8534170154670714
0.930100043284839
0.9660259018439172
0.6420930663976099
0.6659036553983662
0.6215741927990592
0.8762496384801967
0.6573872669542694
0.7321699700011484
0.9515185222565212
0.9913779891791817
0.502070339337712
0.8893745921742375
0.8151819414898502
0.5464678890404782
0.7768080784762814
0.9410203708966016
0.6481133051855388
0.5060041953549516
0.6758433409079208
0.9545774610630272
0.7501701807131753
0.7439127964581593
0.9112076716221101
0.5117837827529728
0.913792875203637
0.8923287068681034
0.7467609858127584
0.6876857735843138
0.7146574931897383
0.6927738030144275
0.8683422358061181
0.9636548344317675
0.7473171576226607
0.990847548520682
0.6357639327174429
0.6055953709559472
0.7180010911469946
0.6632074793101036
0.9123211120118344
0.8730316353707467
0.7022295528125856
0.5414662929831833
0.9350296239119067
0.9486947396283768
0.9083371640163586
0.901352092602668
0.8628281450747045
0.5056701628029919
0.5809785110709934
0.5223501394114001
0.9387902357505118
0.964598229044656
0.6522949613452103
0.6755051918547093
0.7685272103354813
0.8064342736042311
0.6524118861714989
0.8537842095807349
0.6179013717030063
0.9697246205368335
0.6232600230293756
0.5714898677614378
0.5019200273124764
0.6335410171134233
0.6767522827255279
0.8275860030499036
0.877872029313431
0.99665594500987
0.6511271157308707
0.7254491588218587
0.8195917269034403
0.5170724371808582
0.8127109246180997
0.8563661338644231
0.7453716753008877
0.7277795439495516
0.907025791992871
0.9238416584542777
0.9734524182022803
0.7169858841668968
0.975192360838787
0.7156459595923295
0.7822293087884007
0.7765861480218013
0.6385392353267857
0.8107695497307346
0.6422724270158855
0.9879909661484341
0.6966386673740342
0.8599902804872811
0.9173477495529229
0.7091755075648714
0.9573466775419301
0.6363414253686259
0.522931256925774
0.5440408533169774
0.8162441832784542
0.5386516844861045
0.7276541958245417
0.612144248228559
0.9560348700711423
0.5452725080795533
0.8754869068621498
0.7490987841648107
0.8645882160322702
0.8499757412298614
0.8759043676253169
0.7485458049453152
0.8252494072470378
0.998619368508337
0.9520189392951812
0.9848598825257979
0.6593454165407601
0.8534248274124628
0.8822067651024844
0.9889707381885038
0.6335565544569768
0.5326991337238045
0.7537573124559858
0.6804006568083236
0.6638147762719264
0.7828512229428756
0.6551249991286223
0.5881362560098353
0.780131856924985
0.8997552489552736
0.8234535591876919
0.8700849765976988
0.5728989318634738
0.9965331525997058
0.5428051603915895
0.9791756740417552
0.956652520442643
0.630235048978884
0.8049852754311987
0.6586095890055421
0.8434571678899769
0.5250720345842275
0.686484761402125
0.9091009724900165
0.7470291904932409
0.9357235934309609
0.9089938336988874
0.9615746008776112
0.5833856264773791
0.6441072252104593
0.8935614698478449
0.7700127938625012
0.7447169753164093
0.8226705690305497
0.7728471880105847
0.8308200008904196
0.9691981061035069
0.9873245014178867
0.8707416097358165
0.6306647563145849
0.7969943707002753
0.8414608896809044
0.95720991358421
0.6555988724826122
0.8200098330484975
0.882010273080271
0.8979347032529299
0.9686220110700836
0.7114235564975058
0.5103078482692145
0.7030436388959078
0.5434155130079311
0.8523595714685449
0.6858091876098069
0.8858315470317704
0.5939010711715993
0.6501128091127981
0.7647516232459193
0.9599282513812597
0.9400146233412565
0.8695470274780402
0.6453321467459391
0.6182657609461608
0.6832847802660842
0.525261392973438
0.9418719212234625
0.9950736843773982
0.5954337608791445
0.9410108737760874
0.7688404161994742
0.6313572469771875
0.9061243653323304
0.8438480148026194
0.5199666683551648
0.7166999790534356
0.5625771764710342
0.7937703108451845
0.8750868382259673
0.9749726539216473
0.7830860158038468
0.5487785383550333
0.6188118921006822
0.9903471071412857
0.6661220997905787
0.9192600094568569
0.9216970478239364
0.762434412657913
0.5178618930296798
0.5269428610157303
0.543529494968123
0.5421276110939005
0.9179835246669656
0.5216546493833552
0.7702719104426454
0.8365522251511227
0.8326196244712083
0.5716035901855127
0.940268941005319
0.6767161932393749
0.8070997948574852
0.8309960695981087
0.5817867864210325
0.919634887478157
0.7756453396668315
0.7673911347510947
0.539742270075583
0.6168923491022339
0.682791176423368
0.5919067686617512
0.6745892030957178
0.7904178474335695
0.9939727874570574
0.8681703313395122
0.8969389239722554
0.8424658398482869
0.9735310644373805
0.8180854343414654
0.822798893410658
0.8638828978848488
0.5309321914972671
0.9995158004768944
0.5862061010189886
0.6777671219519141
0.7949607370756546
0.8898130444571482
0.5097710182081405
0.5807500805002204
0.5441178371498863
0.8078955027443695
0.9278577981613814
0.6902496039254784
0.9945860559243533
0.5282070549656404
0.8769463840739657
0.8960561286177859
0.5494315935845169
0.7393293068156646
0.7728507740793318
0.8015549899416217
0.5690403972484535
0.775401502995752
0.9055568487827892
0.5152448031210712
0.5221889524607637
0.5856209592397057
0.5426726557579579
0.5941586600135098
0.702262808709434
0.8292850359346118
0.7477698432688286
0.694407651277527
0.7535659997079183
0.9155413710664226
0.6530728693133224
0.6154486031979784
0.6845062340488428
0.9932843418431262
0.7214598647796937
0.6163508520054475
0.8857013713367279
0.8670438295824308
0.9914680456728948
0.846260969313422
0.9209128264475421
0.9930867874764755
0.5360958245304389
0.8714041755607773
0.5752190465322182
0.8371016840454713
0.9138184437022492
0.8803363182919176
0.879416298040209
0.9008160248188402
0.5505714122770748
0.6245714062285523
0.5457304562123722
0.5347211112157613
0.8470490489303637
0.7846020233014673
0.9560581763638671
0.8398430597318983
0.8791229233470068
0.9024659754002233
0.692724477461969
0.8724257130660071
0.6475035477140969
0.9269776553812823
0.8773820078739506
0.6487246655175098
0.7762625578633111
0.5281208937693246
0.7515314417510162
0.9534178254583426
0.984929211969191
0.5682179685122378
0.811065150158398
0.7841004973129102
0.5619235447494499
0.8611554326630739
0.7177425434344944
0.8692220279440275
0.844936410256607
0.7880011432846001
0.8287198739502413
0.9518741693504199
0.7534877230880483
0.5758015062588199
0.6126776190083227
0.6817346669318072
0.8197999165749914
0.9361930895285885
0.6590892358203815
0.6835164109282934
0.6198504053332494
0.543633293715628
0.8108989010521698
0.644634038607915
0.829730897825929
0.6512215057713782
0.5237687676976105
0.7774531369433119
0.6874063117607152
0.9944702024820136
0.9890092874837286
0.6544976588211229
0.5683848418555595
0.9573986816134836
0.6476519290497352
0.8124742514969727
0.9871719962407424
0.716112908399782
0.8651683796365814
0.5113431712287273
0.7971990796975061
0.7409631238963037
0.7909209807358974
0.568819876541424
0.6143729886685115
0.9863783238155421
0.810501741035837
0.6356937962438775
0.8740739119635815
0.8517166219440445
0.7360652706918851
0.5103254846761138
0.8961663183745772
0.9532217293895612
0.5765087941317926
0.8761714691652115
0.6200706053095639
0.9688550638063773
0.8800637345503642
0.7687745016569612
0.8357354311906775
0.7162180208222295
0.8197115268742128
0.8620830175671889
0.8550888797804022
0.5887186332294012
0.7558394064607136
0.9213859509273371
0.5515449854303993
0.9963580775322555
0.8996530121910777
0.7813876215696847
0.8119079952688157
0.9260313240520847
0.9260577150512079
0.5696846686051507
0.7124914530620173
0.8746547282148027
0.8625496786851354
0.8642838076631028
0.864940258701451
0.8788177423001879
0.8841636774254347
0.6866184277459657
0.7629097343485047
0.862134607059239
0.5033009577137904
0.7507398404174358
0.7944947544133095
0.676194961878611
0.621463545068927
0.9185330361109392
0.6116605711026625
0.7123156035819145
0.9497643382140437
0.908139016165283
0.9641695630395217
0.7912451036619403
0.9739305469352266
0.5215580810158897
0.6475278068018272
0.6528717166211111
0.8633238465478231
0.8682491132077532
0.9255946240650801
0.8863433065239876
0.9952980246498754
0.9867246283989601
0.838898416537085
0.909486415147002
0.7661682264351606
0.6474637447751608
0.9497733345064907
0.7699071161346673
0.6910846985373638
0.5159278658092116
0.5078404116334136
0.8300741237282501
0.7943847761585447
0.7197543722647886
0.8294692384031144
0.9011347974564526
0.6550285274663883
0.7105523725954934
0.6289510017256633
0.8360907111460016
0.6036423623826978
0.8378854950946069
0.6675192766306257
0.6828811030062492
0.9366410615798131
0.6003348349820405
0.9985999900892988
0.929424549448616
0.5547872331170829
0.505843454997565
0.687617563088903
0.5027769805486673
0.5851944583136361
0.511927963949378
0.5792507619179755
0.8992285814129847
0.9476767298041197
0.7572329774452418
0.8152655437946763
0.8753298200344621
0.5659314226357581
0.8943164076105786
0.822846017128797
0.9917131908827275
0.7849344861235963
0.5665304494155539
0.6736973201602484
0.6397654915134987
0.5121018122087334
0.6870893585908677
0.9311772189896149
0.7179573925626286
0.8824745980839335
0.5363055672104069
0.5647016096214081
0.6988202299542023
0.5552664670689091
0.7199117575363332
0.7639952891847533
0.925850331733608
0.954644651692581
0.6923769680790058
0.9996761085309874
0.8418963072920282
0.7060733013196456
0.98017589916109
0.809803202016233
0.6628304020388756
0.7142167585827475
0.8209737729665993
0.8161443196822002
0.662984647020262
0.5578353296414368
0.5674213536364225
0.5777936399493924
0.5162576582490849
0.6133210956574631
0.9674944823182464
0.5499059622621121
0.7689357421785157
0.7566086393831257
0.6033902878428472
0.6930985333974431
0.8431399943582356
0.5840289540507887
0.7786766796100089
0.6684007017792345
0.5896550663192218
0.8450575355382781
0.6097017965954538
0.6461426095040621
0.8438435516957516
0.6243671696017973
0.6764775505554758
0.5289244769378783
0.8390368358791611
0.9805969741621903
0.9363532443408948
0.7953411616414781
0.5239190507832807
0.5587142520176589
0.681486395116341
0.6003741430400188
0.8248901745000546
0.724303280718931
0.6177855778244337
0.8328094595038534
0.6386364344613926
0.9577185640771009
0.7383952084030072
0.616780622934803
0.5097467830189828
0.7378164625214513
0.7422346023418489
0.7452632484018797
0.8334938239989926
0.6743268234992019
0.6412269590643667
0.6853870431891684
0.9093653437360394
0.9650613137217356
0.8507284054308148
0.9760018433726529
0.8690553733937363
0.8867871891318228
0.5354620028327481
0.6373078426200369
0.9754589864023109
0.9573765655470802
0.8000370757748709
0.9954447753228458
0.9481475818657052
0.6212762932564113
0.6711984252319458
0.8293763480319589
0.7708881233193872
0.5993942818151794
0.7489156010889501
0.740768662209496
0.7471678056822173
0.5050320840329131
0.9987746291693862
0.7644079202669487
0.8575610969830234
0.8105290686879545
0.8610060208562005
0.6414832502112122
0.9301721095426225
0.7925701724628942
0.5767466105205254
0.6177190268862378
0.8380517345791296
0.9387911347715521
0.5788861124214271
0.784984049449875
0.7656391543676713
0.5377400938491148
0.5594051889708626
0.6702601013994667
0.8831495958998339
0.7408002887463205
0.6957870837591553
0.8726605116844832
0.8667554807563257
0.9556495576179782
0.9832438179930858
0.6991483368680442
0.6894582488784327
0.6459326347397796
0.7165906458395824
0.84594127908158
0.8102874687270185
0.9851804018366478
0.9148253288664303
0.5386101923511615
0.7005266690928137
0.981130068707905
0.7211226888307477
0.8315336495482162
0.5464967221005703
0.7591542149970214
0.6122814625858195
0.671417883036936
0.6345541613543579
0.5710131860778237
0.8432877083645938
0.8397112252179394
0.7619082324523376
0.6707394165292118
0.7721535090229474
0.8160503466467807
0.8245840059936288
0.9211066778268941
0.5291876398603794
0.9843308579293268
0.8019795198975072
0.9336292134169883
0.8104547181303912
0.7017533899717091
0.836094304534114
0.783221487541333
0.7332455989638496
0.955130145337902
0.9787893834067931
0.55447541696374
0.8299630196179648
0.7361942540279243
0.9109655517565031
0.9625294658126922
0.7936817545414048
0.6577808246310951
0.8496598805550222
0.5037854353914966
0.8733985540998455
0.6592664908160721
0.8601965864838691
0.8930574350782885
0.8489898945305383
0.5593771380021355
0.625332904378877
0.643248154265829
0.930014484254707
0.6202373678454078
0.8225290835952868
0.5280836173203637
0.7686116245456078
0.8412713609143367
0.6096694243922024
0.7532055597238493
0.6456697244873115
0.9802444939807975
0.6787808847066974
0.659407838035246
0.8176967563359802
0.9142036494629167
0.6921446677311598
0.5327167601211711
0.6092619804407173
0.5985397358342781
0.6306316557359188
0.8439584395894988
0.6802543990457137
0.5336500619212818
0.697632162021378
0.8252000128173249
0.9475308774636324
0.5851789667381859
0.60358870991624
0.8426394617926913
0.6168943460458947
0.5057586988047235
0.6452293640964506
0.7056859027593814
0.8611464393649231
0.7008706529998993
0.8805705520091234
0.6247055192595063
0.8661486893798851
0.5479312008080097
0.7948958787788305
0.7444917189338922
0.6229948520506428
0.6967585760563183
0.8200151311230415
0.9856906852160177
0.6802357649756174
0.5758224585755833
0.5830400836231346
0.5357118719570595
0.5801785029298953
0.6872559714935902
0.5456683393686181
0.9122330508490344
0.7484480752933775
0.851376965696166
0.8279202734802391
0.9127513841738784
0.7610172554604941
0.9851960351426508
0.5038470158832022
0.9244725162172299
0.6984365591620725
0.8546710235567683
0.5136948237509953
0.9203779593646346
0.8666638216341604
0.9717524330454692
0.6825787150721242
0.6096033259282463
0.5448717044018914
0.6843941215177264
0.6431123741924267
0.5736239405798698
0.6772248255615689
0.7192152107483263
0.8840642992896928
0.6341354086114797
0.9456261309201028
0.9398529673291645
0.5060921168645801
0.5450786796409945
0.7468519367649527
0.7072473060524188
0.7582845745119449
0.9643783693025678
0.9508716546941758
0.699106505348811
0.6305501009361156
0.6036424520699124
0.8236644003190918
0.9047469687961958
0.8917258104534587
0.6575897671346118
0.7386536612494052
0.8773373734466212
0.7083421757430848
0.9122098865961454
0.9425725169775097
0.9777135844560632
0.7891828126236247
0.813320622093096
0.9493048770822288
0.7499266640993718
0.750992004401988
0.7356312308684321
0.7995703954176983
0.7179739201049253
0.9711551506937983
0.8938066919474309
0.7353390675212194
0.5038955037865989
0.7954376545120212
0.6261282022081771
0.8929041135442599
0.6724984960091926
0.8141665538977931
0.6515379530013634
0.7738492764314011
0.8435562736308226
0.7767451199210336
0.744546764136078
0.7534853240627197
0.5635269664208079
0.8679229618651745
0.6641680833225244
0.9055614137644266
0.7417797986189862
0.8912883677429517
0.969826247536324
0.7546298708505017
0.5457652563144078
0.708106250475089
0.7655758271823556
0.9749036478004975
0.694584639995268
0.6858225910629693
0.5738749527092419
0.8240234625938598
0.7036159433551136
0.7965552183581214
0.554240923797499
0.9480261859335615
0.7385578766458056
0.529043264002176
0.5069269827944232
0.7561554310965642
0.5132471783124397
0.968069662710889
0.6959667333370045
0.8032212772686489
0.786822545183906
0.7712705261469337
0.8970660033645299
0.7939804432732755
0.940563833593834
0.8565326646394988
0.6731572957348304
0.8463783414253092
0.6692836171693105
0.8433495485123663
0.9398748981656224
0.5172244142787423
0.5945553595914678
0.5037217951964681
0.9074985197079375
0.7877047789182492
0.5835857800545264
0.9454947517540263
0.8563442810380854
0.6290148784210308
0.5029898354553617
0.8314329969671828
0.5040652794331022
0.9246440727347267
0.7254445424700711
0.6004129506175195
0.5723617523539434
0.6733690107076648
0.7160669904260213
0.6709664205045254
0.9436776508266084
0.8639186066248663
0.5588729392215364
0.5564266789835683
0.9442972948764373
0.9454397112154952
0.5118467534914128
0.82573041910121
0.7108398961429961
0.5036957553532817
0.7513221782810934
0.6143178172313568
0.8212811372316152
0.7936050012151514
0.9689341464311599
0.9540080369284236
0.9007979769345167
0.7989127590092806
0.8323567354339987
0.7158069151733177
0.6870398262749577
0.5381804629527909
0.7207555013244853
0.9338854555335101
0.7727731460048541
0.920539451433774
0.5020248479315055
0.5945176404258246
0.8474791386743478
0.8175877537463058
0.6411553571727299
0.6908001032797414
0.5424750015341318
0.7215963849941822
0.6720641544896383
0.9895112550252841
0.9550098895953996
0.6370400641331304
0.6696588609078608
0.9550627338361004
0.5105028773182101
0.536507343129144
0.7489297894078115
0.5805148824390225
0.8965374131882395
0.7229150717046802
0.9746247320142049
0.7061809618429205
0.9942223910550908
0.658662497855001
0.5832739798892301
0.8800879453489916
0.9516210680766855
0.8049030525994081
0.8797548857155073
0.9193203304868178
0.993338197234501
0.9442123509277173
0.5877272815445853
0.8529192938063133
0.5380805739028549
0.7417083728551699
0.801736136141272
0.605150597922235
0.7089995282176025
0.5281815845952236
0.5226852705982497
0.8391705071778506
0.505979261206553
0.9123242889162528
0.6894891412176989
0.8044656190969246
0.7546272995547443
0.5698163808251571
0.7154486893671013
0.5533301876122244
0.6269911420942076
0.6191537037232882
0.7149567121216467
0.6354264005189791
0.5922085162327465
0.7086795347864339
0.7522865595076877
0.5732812403823893
0.9176658846828658
0.616413156134003
0.6013195980033136
0.5771153298907529
0.7503754919403112
0.5335793515452453
0.5635669861701854
0.6301867453377761
0.8063934272165718
0.5203148437256764
0.7223636657100694
0.766101927044609
0.7453735961156558
0.9722952772278163
0.8737832576879166
0.6797820632578465
0.549723837945226
0.5965756908075333
0.8651980646198347
0.9544992897453742
0.609655707386031
0.610602757727991
0.7988494647664086
0.983619811635543
0.8681141910766762
0.7139829360688231
0.5389155957406799
0.9189095553215625
0.6037695749802814
0.995731933182888
0.7694101835595293
0.6798461400365532
0.5342538868839513
0.6993087831194724
0.5514794568001634
0.6310403856933555
0.7679803067368272
0.9108303704997964
0.6371877160898872
0.8590218716612618
0.8665212481900779
0.9987298410564102
0.9234143741412681
0.9647390381699521
0.741643684713746
0.946374130683562
0.5351871746311236
0.637729854503581
0.5559220929117292
0.7784447151207612
0.7635649597498516
0.8596954194836472
0.6877333421062253
0.7408411966635553
0.5541792750881307
0.7704693855580669
0.9090052585118669
0.693686890847727
0.731424274816859
0.7728421618263503
0.6116006007192849
0.9150370977490343
0.7934140303916022
0.7267546426152225
0.8133146308035963
0.9610425904668933
0.5499069683084657
0.5695416626345933
0.6078326483348091
0.5303915727235538
0.5630879100905646
0.9562479002252043
0.6812965790421617
0.7454360461997491
0.671139414590608
0.6962571462379057
0.5269855244871009
0.7449453848458742
0.6024108926740694
0.9034710257307978
0.5182054759002163
0.8845230670552875
0.9307200672763192
0.7231353196559145
0.940708821418508
0.6835117812447593
0.9141620856089173
0.603505049338084
0.6840945223075956
0.6490835461521556
0.5925463081496823
0.7450570364042799
0.6344587558179995
0.8100802091667039
0.7741281413386765
0.5688623837284834
0.9416482411890345
0.6790336025139111
0.6634146012094684
0.9723671066822597
0.6033667070862532
0.5474517047741966
0.9591158077218984
0.8987681418928148
0.6987995559812711
0.9064879378895243
0.7277918444160355
0.7849736249506247
0.5448979195718529
0.5616165170552614
0.9390351946125364
0.9567632982624208
0.5796448915557095
0.5645242847621931
0.5508374165043963
0.6896943613437774
0.9926098427398202
0.6371434923727236
0.7730602253796237
0.6310473966872734
0.6989174680801777
0.913634492947853
0.9078529381395504
0.6585265192459814
0.6725885174823327
0.675879816952293
0.8062561560435194
0.6361308028963779
0.9394912112353115
0.9473460936271725
0.7735517770061615
0.7854559223723018
0.6011952225029598
0.8191044063672397
0.7758205969424647
0.758661733413625
0.6645898476134839
0.7186456905476132
0.8043736723963489
0.980160159535669
0.9173546570110053
0.9441830502104922
0.8986015725103603
0.656332163783053
0.9776521737076673
0.6541840353688769
0.8576490890188642
0.5127594494835594
0.9217705544581904
0.5205301422351649
0.7276692042080212
0.7740648974326573
0.982083708826119
0.8563314358951559
0.9400750654103666
0.7916593541987704
0.576513104189953
0.690873569950027
0.7456271159395373
0.7161479030140637
0.6878160914447444
0.7678979866523572
0.9781168637329802
0.5892231411601874
0.6113488186638019
0.9073863463323025
0.9959472773247582
0.6182545013950873
0.5811171012457275
0.5303036461994546
0.9003602651646663
0.6684056159086514
0.8069577792313465
0.9337278317505295
0.9987948344514217
0.9044557233065125
0.5959366299543212
0.6390750272199356
0.868521889483018
0.574596510198937
0.9804848635588126
0.8359009986548875
0.6230826144631161
0.7605221678650723
0.5718958454308254
0.8489129328582048
0.9842114231814143
0.750426908490468
0.7150111871874085
0.8034080175047404
0.9713661947796783
0.8371778962834386
0.9738728737272492
0.5296809335990228
0.8125503804415921
0.8222582629477921
0.7038669392257625
0.9240465677577181
0.5399692608348006
0.530803219350001
0.6221846654559825
0.8026950655504305
0.6404868209355661
0.9574653947253187
0.6897432623608949
0.7547399391418044
0.592389780801565
0.6105812532196684
0.7603650906540024
0.6915365251568838
0.5623464193103266
0.7845430762475585
0.6697352368911464
0.9173786011611583
0.87984287759751
0.9010374240514043
0.7145931997328214
0.5746652466541573
0.9991098669388838
0.9596183558592921
0.641548525088941
0.9129086609584007
0.7375395012334234
0.6359176782629838
0.6699785038173846
0.6205935297254985
0.5419203892605625
0.5926720220363124
0.5944380613426323
0.8562031761574813
0.815754884786972
0.6965491922412442
0.7018438697832192
0.7556571192370082
0.9081736002081722
0.7789057456415835
0.7735573694683766
0.919079895610585
0.6297044971443322
0.5494205949253601
0.9833896966008886
0.5668977740565487
0.6011940530032551
0.5992837106941102
0.6803020142112152
0.5344125977005019
0.7889172212949278
0.8658518712815948
0.7623100066734256
0.5774541827044053
0.8979510349541324
0.6235699390402802
0.932066809127009
0.7543834739241293
0.6668155225496473
0.7135524891492905
0.8293451475326261
0.58875852264403
0.6803743544478601
0.9905947049140402
0.9401308930588256
0.5478948551535046
0.8189632115385397
0.9649832260360347
0.6468199237074936
0.8537277666330196
0.7177455715689951
0.9999670951564432
0.8393175747972652
0.828287013081328
0.9947470765059698
0.5975540899815349
0.8851215493530613
0.8389678945803731
0.6250550106888628
0.9955032437297889
0.5898956378204687
0.8156960568495843
0.5330480632332619
0.8902767409742753
0.7350679269033172
0.5359379850284478
0.6335094949403401
0.5981649734450725
0.9260931700919854
0.7928603501852742
0.670194126540257
0.7575392679232925
0.5614285112586574
0.5091269755158612
0.6023421497732045
0.7356216982222585
0.9550008818190636
0.5552172070346807
0.867528323118914
0.9171601580985977
0.7938253586631051
0.5617264732908185
0.8058550908085763
0.7105647863404989
0.6418407375130648
0.7519759922378253
0.8176776481721745
0.7841117184408939
0.86741768277352
0.5550213407005529
0.8039968784045879
0.797299735664362
0.8552006828709688
0.8053347081822226
0.6763242550817722
0.9708589541897965
0.5001067040554591
0.9375433173543868
0.5736035247008298
0.7522082658137998
0.8686884744054908
0.8477191091238387
0.7314667863447821
0.8340191597169687
0.5671776572776357
0.9994606542737422
0.6343704692900407
0.7158123609109379
0.9775843916368914
0.9677815392598903
0.8693883497384928
0.9075340747152265
0.5239825078153388
0.5644404794400196
0.8516785525549293
0.834398089243152
0.5365496418174636
0.8072096367043617
0.5497446540843984
0.8334968456304648
0.9107814810082293
0.9733618430525895
0.9030765860247076
0.7943937254377089
0.8108144400647532
0.5894790109395169
0.553376933349158
0.5430446960011319
0.8239971597969875
0.7239894360831363
0.9168977103708043
0.8686223123168437
0.5078146446683289
0.8470513299916314
0.670135581961449
0.8607722001171395
0.7037711378874429
0.7922021753703266
0.9601802221248403
0.5379272980712151
0.8281224186437341
0.7912223954998667
0.5378689855368093
0.9286582234420477
0.7128290780419022
0.5618254807559449
0.6710416796818632
0.7087129939300203
0.6810553120863491
0.8509605519355663
0.8831400935912503
0.892809104272899
0.9446201153361309
0.9428154230129039
0.5282334411214543
0.7320220166596909
0.8153904597193832
0.5082819922958428
0.9489224624235248
0.8543990391997505
0.5755281591369363
0.6720559678154286
0.5118179879383165
0.7554045386408631
0.8224685606796254
0.623865560481453
0.7672982473395633
0.7297236381113646
0.5066129987407897
0.5083173594030274
0.887950849323262
0.8478283602602975
0.6641502313512313
0.6447155229393124
0.9913111834100092
0.7982539048429347
0.689062394379375
0.7467771565394156
0.7963311180503616
0.7125262476619207
0.5573051898766169
0.6895228909609306
0.7434272481511118
0.5526194048735795
0.5355294758950705
0.8979219866757717
0.7759919466028873
0.7197823359440931
0.6049326337564573
0.855321136971441
0.7423827651751724
0.9915802519844763
0.8162890945281924
0.5921457219818513
0.5937459708700898
0.9955628227418818
0.6932982171615315
0.6419379557146989
0.7600206693772337
0.5674491391891031
0.612923822478932
0.7445902398681905
0.8493622634307507
0.897727569947542
0.5283306584912265
0.6745788781231801
0.5547580085009276
0.7795878277997932
0.8367441485017666
0.684272163155498
0.7373925427317363
0.6087616783028773
0.5221973225671759
0.5858538489855645
0.7706525023303665
0.9835787375251319
0.9591640665077703
0.9492869988124742
0.630154474965753
0.937799907150824
0.7050480297943401
0.8045730575287776
0.9124167096282623
0.8929561588408512
0.8385442356159489
0.7898640602042766
0.5972623463359047
0.5111745119087225
0.7932136493335729
0.7785570694634028
0.8910661767593475
0.7390567738978542
0.6617732304931603
0.8581796166588873
0.9031310969047888
0.6704222570564703
0.5063307032716986
0.8985380429004479
0.9200795933831327
0.7518808117055575
0.8328678712952369
0.6413941881104057
0.7825567214139215
0.9068185709871989
0.5013890112342101
0.7029351917544377
0.5586018125169079
0.8373491398223214
0.5683293814256036
0.9520742303785449
0.9133953247951296
0.6717678119950895
0.7521458542938804
0.7111322246991199
0.7521879661509829
0.5323310430924757
0.6686627840774665
0.9717067354910025
0.6058620431674546
0.9034818167914562
0.5929449861127081
0.9826777470288949
0.8103491401217492
0.6615751427292969
0.7808814555525451
0.8556331259243956
0.5097359733293509
0.840250570824293
0.5330801104395556
0.8650570813110667
0.5734859005808823
0.751305566456215
0.7001291753601023
0.7694646068193007
0.7311040220116312
0.9936751427960848
0.590792111086484
0.83334576647185
0.8758119645444369
0.8105611888976327
0.6812002702662037
0.616869112247723
0.8541710171161382
0.5762330036221663
0.7654615785057789
0.9754835646333617
0.5865575128388534
0.9041583346796684
0.7419391100442616
0.9758514615191642
0.5701221880855366
0.6588476483932328
0.8581762658958398
0.583126547015084
0.5943058420733196
0.9203926880645772
0.509436423242712
0.5770594415813457
0.9825260421699622
0.5953256836695866
0.94666520196912
0.8443012896161068
0.5459270851007862
0.7232903116914984
0.8763804512134543
0.8814457830804893
0.7155823977055193
0.9832926046474573
0.5093328608874221
0.5680373995137229
0.5727699405621203
0.7591676697224767
0.5855754177268943
0.6808905475075562
0.9352206003429346
0.6730418492135724
0.5081911898227519
0.8659301314534434
0.7769232582566433
0.5871572315028301
0.7723597168715066
0.763296341414408
0.6693376999997684
0.9530213454830234
0.7618718556571215
0.7780290063348378
0.594762246794087
0.8603409776670946
0.6891610055735848
0.6495489059451531
0.6505220719669969
0.569998146514995
0.6032860828200626
0.6951516192706699
0.6327287266579731
0.7254650544016763
0.5880085384504952
0.5216315906773388
0.7134674248858157
0.5453258152143032
0.8093544631026566
0.7673725380131038
0.8006225722727902
0.5727329735918594
0.6375786467836688
0.8864643540286504
0.9908028287880487
0.5036027361508442
0.613646967684689
0.6099566723053218
0.9357677452298289
0.8350886543875639
0.5746654421430579
0.9131811776295311
0.9504010799530955
0.8351509081507379
0.5431666420314358
0.576828833832463
0.9368365434363191
0.6236520496942484
0.928497124278427
0.8691885012814557
0.7161324684091883
0.7583806787222063
0.9919459920414309
0.5409335719703012
0.9794870738675767
0.7199091886182585
0.6299275282083909
0.7865210781270202
0.9832895392257125
0.6539163500768945
0.9779682084309256
0.7600541529850904
0.7522656951400091
0.9718856895425827
0.539971510538017
0.6287560923953351
0.7799191610248681
0.630998340958995
0.815918660378203
0.6507526363551034
0.9833935861178418
0.7001295875780041
0.7503638080379078
0.6504638900392953
0.9412353183938069
0.8224447704062923
0.5974160064321947
0.8526170763474037
0.6843672147868918
0.9663804030852085
0.8534369544464133
0.5244930320688501
0.6216539170811581
0.8417592908860408
0.7337882283155109
0.9745440561915428
0.9034310550759794
0.643547072609833
0.5355458484435225
0.7036014201804072
0.739627014018621
0.5591506735640754
0.9939058437186299
0.6327743411913747
0.6782262676276425
0.8214085089187064
0.9791956877978047
0.618392904807204
0.74881419489552
0.5508299220977474
0.6065221498562883
0.8666678878853036
0.7137957292988741
0.6130606058219124
0.5172916362257642
0.6300618722619546
0.6331072166891283
0.8927712831558257
0.6958586166001359
0.7766370873040971
0.8530686577585815
0.5037893379193616
0.5420864527070044
0.8221720040458733
0.7751660759865928
0.6654225411658878
0.5510927458407797
0.7615981365303351
0.8880001027472567
0.5241173081979265
0.6956305531053123
0.6543581803388347
0.5892033898199431
0.750287872395863
0.8320896054806554
0.5562274563741869
0.7130752592355101
0.5263521721594506
0.7301100760149678
0.6927162809175027
0.503327815929373
0.9744717134913764
0.9834070875286671
0.6570138196385238
0.9563152214925936
0.7213172476931335
0.9101015594217589
0.5650239455809118
0.7993515782245642
0.7713155075492393
0.711295541367129
0.5083926350927923
0.8057625499703186
0.690006791175068
0.610488222733702
0.6503051107419122
0.9168242144615901
0.6837528947991425
0.8653086421698974
0.6868614439264862
0.5838901856269558
0.7835841798576482
0.5282188991532155
0.9926373609305932
0.7206674820706747
0.987925098177882
0.9634101288336949
0.6165863167794359
0.5346045388797314
0.9793151179602253
0.5695743227949337
0.5281412160647758
0.6128066614007662
0.7912774987708339
0.6020159114011465
0.873051368331398
0.6563377252414448
0.8322897041150904
0.7686528201075263
0.9546597536058833
0.7956484228225725
0.9944234682237136
0.6177553313556445
0.8491220794625273
0.9019947722230932
0.6185567802882103
0.5657516616043379
0.9954211075188999
0.6725946898693347
0.97341938072698
0.766145941465175
0.6206692894747257
0.7739485507708493
0.6084157727842985
0.8120802657984739
0.9003167981343735
0.7624421136727957
0.5077203893447275
0.5410713558397144
0.5611376392487264
0.878202706530197
0.7168383749502821
0.8313638832458701
0.5868193840179003
0.8041144788915445
0.7322371390957877
0.7202792191803986
0.9375984908990962
0.5243723837776715
0.5888857028153218
0.5476754537374844
0.7666159013281779
0.9111196283754921
0.776770604852353
0.89892073562746
0.8466548896812296
0.5413686191555853
0.7073866936285572
0.8096955988417535
0.8293068399399662
0.9657465701319408
0.5141624425706466
0.7476728357184053
0.9492856872666668
0.6613915684796565
0.7894067926935575
0.5024478972572981
0.8150589090925027
0.6686064767394817
0.8531747000124994
0.8250517215982277
0.822434096709041
0.7887120581058644
0.8447083135502194
0.5609183142426448
0.8984171407398326
0.8202655816359261
0.9843853746903264
0.7274236598532519
0.6980991457863505
0.8625090979666173
0.5510974420959669
0.8209622198368451
0.5328767355466817
0.5728999499109326
0.5947584492011802
0.9637117714095769
0.8514471734861992
0.8521845209090186
0.5587184175562818
0.5580115825621954
0.8926543652612281
0.5834938368166814
0.9331191580013447
0.7255982059708901
0.5542197540356192
0.7631471903810666
0.8539121693301852
0.5932806710241088
0.5243369117341162
0.6585880468693315
0.9062778580365051
0.8842217553388978
0.9158595381121639
0.7809573011224716
0.8051597422424569
0.9005124612163513
0.6889893290926752
0.5475764786028987
0.888789793852166
0.5582081371708117
0.7929794890777976
0.6505536790349762
0.8765171131654723
0.6767910299796456
0.8567706918263207
0.8297532030504127
0.9953694093225297
0.553671914639699
0.6923962700533356
0.579305240823949
0.7987973495779908
0.8641052760102694
0.8993739370968075
0.8239771203578944
0.5351582331130187
0.8417326073640075
0.986507356313892
0.8370373851514544
0.5199345532665687
0.9375761999089168
0.8395055818236163
0.8473407398481692
0.9815866983332797
0.5856975275233218
0.9941333897505015
0.9953297535644108
0.9960413455484453
0.652717425282133
0.8682747230909929
0.691163850078275
0.9542550915175463
0.5778913602291091
0.6101058328587701
0.8502395327077636
0.5496507839735966
0.679232521523732
0.8903271687722678
0.7748270924238538
0.9195587730917861
0.9701135012258442
0.7644001640593678
0.9834442048843748
0.596528674581535
0.6088581478632119
0.7468953699118749
0.6147528890805423
0.6876924537240261
0.652122312192944
0.550347174117394
0.7392387531546074
0.7086361814823945
0.7037996664780904
0.8004347102200774
0.7642855061471481
0.7791111686656316
0.8404687394842053
0.7755079671638734
0.6418833042668247
0.8541388461626664
0.9385937183550993
0.8052975473023363
0.6322936158962178
0.5337648225194989
0.6676139362518476
0.9049533288654188
0.6587383746472517
0.8677780646886482
0.7520401801846466
0.711135176282718
0.8318984781787411
0.6016258658185952
0.832335711031389
0.6074914752081766
0.8469499223961805
0.9629288796565891
0.8559815913355557
0.8335139326391751
0.5447081564685746
0.7287769016015884
0.9619600126876794
0.6809430157292673
0.7782194671179978
0.7492714882097646
0.8538599517756772
0.6013413475770593
0.7853936619328327
0.8528308231481838
0.7575551662499007
0.6478229852835993
0.6049211046402481
0.8592306291960539
0.5027555434472294
0.7795150765329317
0.6487319436056682
0.964736371146775
0.849166108837153
0.8872419527781079
0.5796969478409179
0.7315153862103173
0.7589406656732844
0.8560616151954574
0.9921281200134584
0.5145256231938107
0.5787014225871139
0.5836827963039671
0.954574369017113
0.7173546706082237
0.8762028903649519
0.7897044062491558
0.7821065246554348
0.7791399749321453
0.75731180091211
0.5965492976641236
0.6690049977930151
0.6077476183706909
0.7656396407745487
0.7797208128936726
0.840720032700774
0.936518764923495
0.7923325298055126
0.8692172102620015
0.7962365466537559
0.5661298278934148
0.613726621890313
0.9202451652948296
0.8733236072644118
0.5252784535999933
0.7845857782108232
0.9005572828636951
0.8174479726069321
0.8935663595804282
0.9685821487744293
0.7147818663472625
0.7980910285939271
0.6196535763840619
0.8359935230563547
0.757154627925672
0.6729677218659451
0.8610233803526249
0.8572275585923524
0.6214633656390351
0.6453882133427059
0.5702616206514084
0.5489011726472693
0.5940329162802278
0.8652615461257437
0.6736988394324518
0.7532162337516516
0.5546329592923662
0.6818169966449903
0.8565637762041356
0.5123801373945138
0.8452260679722868
0.8140807079092185
0.9875960365124286
0.81894324106598
0.7809647773502155
0.5054440632296837
0.8511726042514406
0.8261202170630895
0.6881374912343183
0.7147683712115187
0.9470717983857906
0.7923692739855173
0.8431239789145601
0.5226453713638277
0.7247474968624534
0.8536877094728208
0.8631389148698541
0.512667074538155
0.7406638127839844
0.8506407354023159
0.6660353400663069
0.7183142479106717
0.7369405710149943
0.9880808944047992
0.931851156387079
0.7906398877044383
0.5151772607952083
0.6008262699913969
0.7287698168317702
0.8819958591575321
0.7867239114471232
0.654067784491032
0.8399001310271037
0.92173588423293
0.5200897958105186
0.7038925642946716
0.5655100668484168
0.9443268132462272
0.5280789822157058
0.5149611970233385
0.9757912615388115
0.9326467232536064
0.6098282942821636
0.53785619948057
0.6444801314064622
0.9157870906074617
0.718366665172445
0.9402112766324076
0.5833454892568793
0.9456090057140767
0.7561433241727805
0.8770226794760605
0.5540277500667048
0.6142685152011385
0.9135219761764982
0.5985365758782506
0.6802114846439294
0.8749786017360393
0.7441577298051976
0.8764570421738043
0.693756885817395
0.9462063306206372
0.5966954952686635
0.8093573104500797
0.875967299269478
0.5918067676437
0.5082258810136513
0.5167862417346167
0.7753860018125001
0.9377062129748228
0.8403546746352192
0.7665482441464124
0.8056724789327707
0.7647274434554254
0.7004857614830606
0.6259701727176059
0.7935031708948969
0.8566647303614661
0.5360816907114403
0.804771102908124
0.7555952135621586
0.7645751842355959
0.6565404380721409
0.5934342507105541
0.8476594489961066
0.6237870737355709
0.6702164013025635
0.6647520841479204
0.6310654495744024
0.7056543638656707
0.6960087769263504
0.8335428161781642
0.838920069775648
0.577137814038067
0.5778059370041682
0.5645416927810967
0.8073748984660847
0.5945728503640528
0.7261146911534248
0.6694017796018157
0.6441328806660707
0.6556407760996024
0.902542198034401
0.9828113509407501
0.9150623604785482
0.8032036767728834
0.8303290785233609
0.6035706972890533
0.7820850964199344
0.7767832696121479
0.9007258609450051
0.6641339643576529
0.6058269974536532
0.5797401649282795
0.6843069918933661
0.7327878687465046
0.9357666569750858
0.9514088958805802
0.9131888562246308
0.7648335131812899
0.8677506094523622
0.8569276022897143
0.7917801440489448
0.6802013499884716
0.9859457355036747
0.9422329326989509
0.7412026362420248
0.6587731572718188
0.6416107113255456
0.628682602984695
0.6670317315136045
0.5805326778190206
0.5058001358400962
0.8229849376495049
0.9150806227566401
0.7979487703485549
0.8905216690623501
0.568437413918524
0.7074018464059485
0.9242076732943199
0.6330938933544039
0.5429550434376663
0.7423669065240868
0.6231510899813913
0.6236392523813368
0.7222942395237884
0.9550571135990171
0.863076243529129
0.6933764473764207
0.8724343509138298
0.9852901426659033
0.8452909032032382
0.5061897906702874
0.6079966871266216
0.6199666438721608
0.6730364799434856
0.6959497988325243
0.6713088785200183
0.7164041730634869
0.6893326657465135
0.5593807338723261
0.8547730856786622
0.6711026323264998
0.8528383613632713
0.9177098656932747
0.5854964289819797
0.9727203475358607
0.8431331894112999
0.7709148950751268
0.8012080331330375
0.8399497378747771
0.5580933723285101
0.9419035658952857
0.6886997725437269
0.8772184818209192
0.7010656812907212
0.6488343372355667
0.6413449605395549
0.8583823533059763
0.7496330037253937
0.5535025133447086
0.7905765950453884
0.6666708691317431
0.8310091795563836
0.8855839582485792
0.9241238717271794
0.5524836117811223
0.5500993321125831
0.7281593906533299
0.6286922997047986
0.6546775423207238
0.713381472514431
0.5983033270291185
0.6946765054514176
0.640863890300011
0.5654311088114317
0.7933725745989458
0.603148498210387
0.7848629670608731
0.5896010314272572
0.89390943645603
0.7073198683798338
0.6116155555569248
0.6328736049600889
0.8343290866389188
0.8346291635306177
0.7700783689734902
0.6121088222326065
0.9757323435364003
0.5256984221559962
0.587778802164848
0.9981760589923219
0.7046407976107769
0.5640413835262392
0.6997763404045814
0.5391880259019624
0.924950561601515
0.9149134570210931
0.5946501518393194
0.715785672902755
0.7524250986328777
0.6213017224201207
0.9781328208380515
0.6662805496674429
0.6332277016352938
0.9063827617175642
0.8359240896108746
0.6125253701799118
0.7227594336912702
0.6692729035243817
0.7722220338338309
0.5830215126939566
0.897437606140694
0.9705846406423814
0.8533297732856093
0.5845458915007906
0.8747618307942178
0.6618674955928849
0.8677756330706333
0.6093106989255328
0.7935600306212045
0.8457862126278111
0.8985093850977892
0.7845532952969816
0.8587024594060491
0.9948309697650848
0.8451637303383666
0.7287549069174724
0.8611806263407298
0.5254764443491257
0.6422130284857819
0.7668084141952844
0.9609735146825642
0.7429841701355356
0.577100508584478
0.8575744519228578
0.6327385361378899
0.7683558913904667
0.9685798933111892
0.9586231139958812
0.9797242302859404
0.6841138966114582
0.8821464672631554
0.8248233465433175
0.8109292613343192
0.7687740448686602
0.7525244174460872
0.8879173495289538
0.7502726619447224
0.837624384932043
0.907856530571866
0.6105665260472537
0.8121595614360629
0.5709009060908531
0.7915848538399122
0.6234022536355772
0.7401885995906032
0.585365301475157
0.8742752439216315
0.6610489066284448
0.5705774598757789
0.7782858295656014
0.8515177464113284
0.9777694060223779
0.9651512720321502
0.7665367248032391
0.5817537898089509
0.9734869801069179
0.9843475664017969
0.8291928131256057
0.7342511862445764
0.9355857452737177
0.530729909349184
0.9465428434703043
0.791744391508924
0.7458542845352256
0.5159570611074249
0.6698936324915816
0.7779695817039477
0.8643922094586451
0.9221784443338692
0.9650536306321511
0.5449656598213091
0.8880133127526506
0.6662386230219042
0.9638501556952945
0.7154661993721063
0.9197238520040759
0.5831506974916927
0.7837538622916587
0.7703240650989237
0.698388882506368
0.7717077030679962
0.6868804497448402
0.5501382139701603
0.6608737570916798
0.8504663204251295
0.5019291051485097
0.890817258361241
0.6022268644584474
0.692718618191813
0.7550199713238485
0.8341799195670991
0.5125133332824607
0.6135193854062647
0.9592147817719877
0.7117876508334472
0.6029309732543667
0.6709902745582739
0.6153829651320502
0.8422122830834964
0.7209486848584228
0.8214877676131391
0.9838485875920281
0.6718941059751183
0.5342519238800276
0.905770191863537
0.6659130089352459
0.5091876756889303
0.6009637433734549
0.9114057666777015
0.9587515170525618
0.8268416014419311
0.8162519372881332
0.6630952244481416
0.5241873526326665
0.9161679225102035
0.9030068384352314
0.6423599709391192
0.7176546036197733
0.6856891113525674
0.863334588749864
0.8201440589666464
0.6740822240144502
0.741722371501701
0.9102856301440121
0.8094703954031917
0.6684804379120739
0.5665772264493736
0.5522726697479536
0.5912272870077036
0.7622226304511988
0.7249920094683989
0.6607371226753436
0.6861048870736062
0.961226609444358
0.7346613561757565
0.7137221729129015
0.8355308016457141
0.8086512420097438
0.7609887774104067
0.6654310058813004
0.8250049201201233
0.7867084278302432
0.6262458222613851
0.6620772650374298
0.6615054304284337
0.7215837655945923
0.6212996537752724
0.8888830924421995
0.5783392920283685
0.7527024351037458
0.5660719389758482
0.6699643413815193
0.5346343414576893
0.8287600395753683
0.989000881724956
0.766507983084913
0.8135194563353936
0.8523786767958903
0.8173839513770118
0.9220107232050947
0.5092300197993944
0.9051225991379824
0.6751684878372503
0.813347785799481
0.8705052197391241
0.9927640963731198
0.5248335799074035
0.9242411683419975
0.8003560246926498
0.7208843090743928
0.5097819688015017
0.6942854799864381
0.6712492989979939
0.7733372553217629
0.6171183510943604
0.5087953540770391
0.7854774345753253
0.9697904059162186
0.7403993399199753
0.5388650605042221
0.8308167305192122
0.8542878156829189
0.7818774383055331
0.8107092983511321
0.8879549829394942
0.6855625726243088
0.8082209458807634
0.9416737257945726
0.9765577022742084
0.8407722223725617
0.5629864407732537
0.7024685232220893
0.6619209034900314
0.9609608708602015
0.5789528585269935
0.7472693770071988
0.5314555418209803
0.6883308916487461
0.9984033391487159
0.7021810296172205
0.8506936020904258
0.503783330474381
0.5719444553873416
0.7516775924852801
0.5545690024533669
0.6073079110053561
0.9791287948981447
0.8993322854010473
0.7388242192464711
0.7787895138347346
0.8538329101247258
0.9940573998340625
0.8069630926956559
0.8327207357634065
0.7319305986847002
0.6464597709125535
0.6970054079068495
0.7634913081025123
0.9526784056865971
0.6935869227599711
0.9077437267131405
0.5851435222315928
0.533600064347635
0.6227983487342861
0.9608675553877466
0.9325567766105256
0.8627811173300146
0.8373783969555623
0.7385948888087943
0.620354861714314
0.6221230233526075
0.5646560025780389
0.8474836328694229
0.5008548478898756
0.9399172723438283
0.9095730176103765
0.7268291872972139
0.7747418495866135
0.6002716859945767
0.6660632226334138
0.788405535389347
0.9093433958303847
0.9811016875895444
0.720555311062294
0.6011766306878024
0.7565887756251795
0.5204756490129784
0.6953197823764531
0.529028299572805
0.6767911871286729
0.8106704647668066
0.6187744115589742
0.5451974597867981
0.852486762893373
0.9654429896581253
0.7318061775231626
0.6427020116118207
0.7755459016054991
0.7998966753830066
0.9327047114263949
0.5539865335605966
0.6383570969898982
0.8976301602022865
0.6794572479960226
0.8360459912624599
0.8824121097790996
0.740614479292983
0.8320468235337808
0.8155988661770942
0.5019143465289468
0.910188334355521
0.8202313374524425
0.5772715385752464
0.5139033488829416
0.6276458610160183
0.5052032696433062
0.7004529098005512
0.6155929985430599
0.7930300909250433
0.7747791079332986
0.6551329042474077
0.9467298822792425
0.9394106539055609
0.8861003718499407
0.5142078232305127
0.6652001789527164
0.6090971953955506
0.8178975397991252
0.9614536408794738
0.7918135510069146
0.7263972217069923
0.9915073165891265
0.6268501508069579
0.8417261790128066
0.94230060285007
0.5103947657392254
0.6990834982359803
0.7063465474744117
0.5598190217522612
0.6310887473746336
0.9220821239472348
0.548566693412879
0.5187618283503166
0.9429444354254259
0.7792373888348991
0.6938957076660408
0.8337751747103721
0.688694680316321
0.7192454069098619
0.6980620163488862
0.8039476537283765
0.7867326350186489
0.8724988049614459
0.8163505219373086
0.9204329458860692
0.7270279136633246
0.7513815098387959
0.9149580670719815
0.6896740097255079
0.507622398689354
0.5219589163060827
0.7477612451734347
0.7184896436884851
0.8007956430759354
0.9712266071519755
0.5655728037928134
0.7054626245505619
0.8337557804383127
0.7430433699888854
0.838775010559889
0.7719044430539359
0.686384590235906
0.6212038316010626
0.8560176244698258
0.6149763793244922
0.5115475322524388
0.7399507733558681
0.699250865528044
0.6838171209102658
0.7215676139549141
0.7642376095205978
0.6964128717420306
0.7488721509929402
0.9332284055783893
0.7601581439977342
0.5680117138171321
0.98085230519114
0.5924175250120624
0.608566924173578
0.8497791149778422
0.7630668310562713
0.557649138888664
0.6072424222086673
0.550443815331453
0.8675210675312204
0.5922010976545421
0.8016141242881197
0.699922278438577
0.5723179914347656
0.8276825913951635
0.8444055879173857
0.8489172517222352
0.7128288676516048
0.5636776763620555
0.6567450535810699
0.9122048334583365
0.5582105221467616
0.5269801580254017
0.6412020258711801
0.7273761681239619
0.9480845410240336
0.8535432074740684
0.7073074999112882
0.89827805498129
0.8142731344376264
0.7825813627521876
0.8087976130180263
0.5317797936854242
0.7882523715289211
0.7584108634429365
0.7890997606208683
0.5441277817628198
0.916869152773663
0.9959513468563255
0.871443318727924
0.8947445841527095
0.6562882562582635
0.6192488194263565
0.8968065917458867
0.9259276770903941
0.9882576889708509
0.9484464753237045
0.9602020341990001
0.6182472494672283
0.7729685399399764
0.6047066920941833
0.8418291052712716
0.680521806735661
0.7464765848779844
0.8052551963499563
0.9548459544244852
0.7511893676869401
0.8452235440567784
0.8780726101006142
0.8661637643099545
0.9478814707258844
0.6298708690699572
0.9984419150521837
0.7353409198441636
0.8686400558141247
0.859968783848628
0.5323034262350647
0.8184764594387712
0.70673209024567
0.5605928628050684
0.6118262056564202
0.9008085621345984
0.6767778006465652
0.7594048204888386
0.6663939261274383
0.7250634867149792
0.8021141359553391
0.654191701489409
0.7399626852576859
0.6232020531683212
0.7496249885412314
0.9693668727185143
0.9701090920986608
0.581584982202936
0.6610178852040383
0.6174691243731063
0.7839258269982534
0.9377233178994173
0.8179921176565816
0.8924994728558092
0.6230788173909638
0.5847137040309309
0.7788846490655666
0.5549352065526596
0.7457922226446978
0.6829249600984246
0.6192379930520056
0.9952940748631733
0.5909011083678326
0.8785409183108357
0.7630213812348791
0.8714707115733573
0.5209280250200491
0.9272981971880423
0.6743015012299003
0.9202610046497925
0.5506317636115837
0.7375599382825828
0.6848221921637525
0.9545139997696848
0.5507939428468797
0.6503993461363955
0.9476610614301235
0.9324352138868184
0.6668657635007472
0.7729083891509474
0.6704108240651174
0.8554631789337623
0.8996296709504019
0.5451165207225979
0.947131544174431
0.828781912302163
0.674465576361866
0.9252510744942086
0.6176971649083974
0.6321284908331211
0.5703505144881371
0.5417267130134449
0.8414736305743025
0.6489296318015977
0.6862987178408138
0.9131806500058378
0.5234085973398932
0.6884318130299318
0.8665789707015721
0.8791818580512603
0.8809784487169297
0.58471682180623
0.7131427286526659
0.8039846693415107
0.9623133732962863
0.7987162625222877
0.8120264528807741
0.9824638001882482
0.7430084018287108
0.5395157475441601
0.8027458520160837
0.6367468837341614
0.8019840153017617
0.6242082110794016
0.7675794285096843
0.8498163521288764
0.9381812702412775
0.8082355205595817
0.9403079696360221
0.6312308107333477
0.5542099831922598
0.7607853254813606
0.5317168188098556
0.6110322661409227
0.9644935768344576
0.904761465847628
0.8841630667387257
0.9761870371774326
0.869954592348119
0.6587066903763693
0.7232860927650352
0.7608251593477503
0.802039168810989
0.664366551056106
0.9606078338837619
0.5079990587808232
0.7923802977233783
0.6307870659291168
0.9653605145494626
0.8954795658633962
0.8116009541167131
0.5568794614817533
0.731525819748901
0.5088583903491716
0.9951583170947851
0.5143314556141672
0.6921539561043648
0.707149496765768
0.9513450317027698
0.8838664097641407
0.8705375035177632
0.5248127893979415
0.5904813253860643
0.5406071334117953
0.6014732409545241
0.9988019793070049
0.9818880336499474
0.6467398512819582
0.5055625145252978
0.8177439555168123
0.7981534775278984
0.9158066703100655
0.7412522401528023
0.734536070398645
0.8203801428336943
0.8403162464239562
0.5155869418729051
0.7787099755158294
0.5233017988573809
0.6173923354373315
0.7908554585375213
0.6601843085709144
0.7486979567649534
0.6640807562772744
0.7234802023246787
0.9006686545843896
0.6408976942639083
0.5447981376608906
0.6009689176973154
0.7774892575719516
0.6406216371327255
0.5642785072608507
0.9210605117595256
0.7223814980368313
0.8608271535649256
0.5489909860178377
0.9962767570144242
0.8851700719751997
0.7074702347447968
0.6533605565684923
0.5864332947029005
0.51552899410563
0.8569068757905428
0.8775722826134769
0.6519508736266864
0.649918792939217
0.6020458578825159
0.7240643472488448
0.5879033073897656
0.5849525060801948
0.8411087423516769
0.7338309439684698
0.8135341082088292
0.5974884892692991
0.9553144386486228
0.5749333364919633
0.936592972211004
0.670381883312395
0.6636657963680415
0.9389871036209086
0.5047473036556358
0.8530019321631823
0.7091801462038949
0.662609401348486
0.6749909888772632
0.8428529756489636
0.5357002537280362
0.5857614418150823
0.6355304290383861
0.5102099267701683
0.5772958943926297
0.7252834416983138
0.9043681436024786
0.9482197646759742
0.6387557228287972
0.5417526362869541
0.7380280516163198
0.9354187762562776
0.7993651876068566
0.9117112357707488
0.6213971126886075
0.6794917762359498
0.9398445386787688
0.6799451364687619
0.6453099675336105
0.6249545786664488
0.5038302705168807
0.8762470782354712
0.7707568476103568
0.9803558760589566
0.9275257594929612
0.9157811065183508
0.5520298164646635
0.509281423976184
0.9186019748572667
0.6430661550514858
0.9812101688130481
0.7011243808648862
0.9415643823715765
0.8651257671473819
0.7581606760893862
0.8017388039784863
0.9262986565220983
0.618092400196013
0.8243570014535788
0.6319911704400856
0.5922332436595863
0.6496838259937002
0.535782642723803
0.6098482553350727
0.7624411205526214
0.5623284059799092
0.8394215116436636
0.8722719197654123
0.9569288761292234
0.9080757453728658
0.8953262045481298
0.9334684341545922
0.6855756348642537
0.7351346130674894
0.7475625909439843
0.9843080841544466
0.9592529015065079
0.7591130859989694
0.6799836976208833
0.6507196276252389
0.7152004500284078
0.8553651655298922
0.6233433024754484
0.8061986119784398
0.6702739093438577
0.5393961625510831
0.8168979677084521
0.6306515721373882
0.8553651356170456
0.6407383824604255
0.5306761480344309
0.7769846222057193
0.6036529708051643
0.9078404153936728
0.6269649172100629
0.5017136814323803
0.8761650479677798
0.813176912436276
0.6048370530863874
0.5102669138410567
0.8413087391647769
0.933043942186061
0.9000461786371888
0.9763341107866872
0.9708759389550989
0.8398482907394054
0.5138248631869737
0.5366800872615227
0.8898623102238274
0.8096649411528218
0.5759344168678794
0.8644118045813726
0.6576916116750359
0.9068980416070991
0.6716001789286398
0.8423756943106419
0.5200160637012337
0.6463812011337877
0.5792462966682986
0.6783828687558495
0.6174614883026253
0.6270119421108531
0.7188481004286538
0.6136610314043645
0.8754693714750259
0.6760108003405739
0.7630232647954216
0.959157449936276
0.9105566582637212
0.7828365334346703
0.7245004217499289
0.6437117941292367
0.9691953671041549
0.6887882737077451
0.9943481150964639
0.9926428924843075
0.9922806190951374
0.544360094613091
0.9745918367079236
0.6369655283608755
0.6488243741292439
0.7784909054333423
0.7353243813127056
0.5046376581110531
0.5498592442518884
0.9133407034029262
0.6694821569086157
0.935520451534628
0.659281270807723
0.5163628623806703
0.7911401419244983
0.9932324491036011
0.9539863759476213
0.701214414277509
0.7674880281545496
0.5966410839425946
0.929451408390223
0.8124751577142324
0.7557305720422446
0.8323459291988065
0.7539845944539716
0.695477792425478
0.7263489059999244
0.684763407489809
0.5516542054355498
0.8733978152189212
0.7142525715164565
0.9312385615652106
0.7520650365711778
0.5300780830920213
0.6791446353745618
0.8458608404780517
0.5298121599080132
0.5693972679340813
0.5549553810508723
0.9846665324910533
0.8843981643072808
0.8749806908168815
0.5961829800821071
0.5914736687452016
0.5474433123034339
0.9066427332350793
0.6430815200264858
0.5915486036211954
0.5936463705911899
0.5278519901349417
0.5895486866916251
0.921911858322123
0.8630906048003705
0.7560298051845125
0.5858328847871082
0.6272177642165624
0.5699560917114019
0.9770273488230514
0.8530154370461362
0.758337500624775
0.5549627169298408
0.828176671105231
0.9040351631981274
0.9674323571213814
0.6015076134697137
0.715067560194832
0.9696101078218095
0.5520685668972407
0.8736139380659473
0.6639085656758896
0.9394094233199792
0.9868184719199853
0.7217711702647275
0.9345616910367758
0.7046566112690414
0.8752526368504177
0.9448670879565035
0.7676019735727815
0.8305723307525259
0.7892492202485217
0.6432904673436647
0.795604436888324
0.990556524908998
0.5911883892713607
0.8772912715188601
0.5186241025975571
0.8010452178586265
0.8852781139615542
0.9143302635166146
0.641628437981042
0.7291059011595462
0.5723553171383744
0.5355862703962029
0.9788999015694291
0.7999539903450011
0.9133263364980133
0.7104597309490982
0.923839654299192
0.7715412568910325
0.5734686318766065
0.6738034970453093
0.8124958649833975
0.5909118933056201
0.5503338193282391
0.6000625723438056
0.6932620063545876
0.8454178200850515
0.5951312998067539
0.900722960421404
0.8469227796530885
0.5383362411681722
0.8673139611992929
0.7057313195837651
0.922260261590478
0.7306628959816908
0.9632579140623216
0.5577945823444226
0.7648647001827056
0.6582747541447442
0.850912470953418
0.9435502624161363
0.7005677317177784
0.7936565903317315
0.8122307512134395
0.9011759472283936
0.5220124805776278
0.9059511609299036
0.5410152733428167
0.8567782106223384
0.942478303884599
0.6488067761349825
0.6621373507310349
0.661154309212799
0.8324560868363267
0.6129962355525569
0.6992073843839486
0.5164697803280262
0.6750204084287112
0.8978223987583924
0.9047139347053479
0.766156751195268
0.6196363824589852
0.6534562303097935
0.5964152774524123
0.9147356567780637
0.7811418955993373
0.9156893690158823
0.9464447686709094
0.7936420460052429
0.6010735474635029
0.9534479883123171
0.5752980539846273
0.6562492876305842
0.9928627993719747
0.8844545212444768
0.7542806998365124
0.6826931551913679
0.7912778341787248
0.7704203711745451
0.5108332935883344
0.6786892378013504
0.926403212233858
0.6446189222170149
0.6805441320182906
0.8513855546760465
0.5583192741230915
0.7722296459016522
0.6260992156860419
0.6227902417461688
0.9316841768864732
0.7972124548261403
0.7176506225088457
0.6181872540507237
0.7228238148307231
0.7982712703424213
0.5444649234990243
0.7272477737267682
0.9137034861845013
0.7090482551972573
0.5257278521165114
0.9861405343255336
0.5689779268618251
0.7626589659587819
0.8280273643693663
0.689643661307152
0.9063316939637722
0.9498986305264376
0.9114793303588813
0.8611600014345047
0.5228813121040093
0.5993958008219447
0.6047784179999577
0.6431334715706876
0.6144485858766342
0.8915101775570977
0.9224005800912776
0.6028984241129638
0.5391755392404318
0.5264614805383707
0.587974837404608
0.8370377342563191
0.9856469323909394
0.7305599637045936
0.8454757495680408
0.6425102794052744
0.5164657117699617
0.6205633001531045
0.773288085988923
0.6871704377098034
0.5797762015660781
0.9102505250725306
0.9841052140382356
0.7891181666609631
0.6785580770732974
0.6097435181706258
0.8082627333585638
0.6674077521352404
0.959101315182925
0.6879284101183825
0.96378826773645
0.7492453946161275
0.8633223950108848
0.852509778410473
0.9138666596950598
0.5689195888781444
0.8042502382551713
0.8920687747321332
0.7662137203858919
0.8649356500928
0.9740137509330569
0.8076092331574904
0.8793753513950331
0.7513761527425585
0.7091510652326949
0.9744341575530588
0.6011221243422378
0.9840732335891863
0.7808510188468639
0.9360467338036959
0.8038110033424972
0.5858050390207046
0.711758125118507
0.7658168451032881
0.9159127773535732
0.5923235418276447
0.5490281118402573
0.9659575109653036
0.618607809345903
0.819211915166606
0.6979115534235076
0.9123296834984274
0.5579639437751696
0.5430715361854848
0.6852989560358398
0.7497389311467038
0.9356638249356584
0.626074063474038
0.5360566845754984
0.9783332214342185
0.502187833123152
0.7929088035215672
0.5582876194968786
0.5960505952244877
0.5601378765402676
0.9479188476566462
0.5991717773947614
0.9137477217216293
0.9088217360939248
0.7629116354708749
0.6638982557646682
0.7495274699768084
0.5238855377856986
0.8285320664450178
0.671252506211979
0.6008743583773317
0.9749711124482663
0.8842221916729922
0.8693254153761902
0.6674582304939394
0.7052906423082818
0.5135227670630802
0.6286347343976602
0.931910030323775
0.6751031176590121
0.963065916226512
0.685130541830111
0.6149699626582045
0.6947087919883559
0.7914350342926872
0.5903187868288058
0.9672620568251783
0.7611313730760152
0.8336965051735693
0.5514528658617299
0.6239528781595018
0.7066562858228725
0.6897720965971244
0.7384655606370027
0.6770719843752797
0.862476807584907
0.507942687193037
0.531246176229156
0.9636775337310086
0.5465418921536777
0.7296941283917715
0.5514790974176026
0.6505593895614112
0.9061467064366793
0.958705099639974
0.8396960854510795
0.9263171005241864
0.9790812665486769
0.9461355963229672
0.5350387781478247
0.5185861789205333
0.5118851171093648
0.9661613270076077
0.959742084246118
0.7318666824248602
0.8244664962781925
0.5062104733138397
0.6750003116381968
0.8016552357863198
0.6195415684591581
0.7887788536821757
0.5740227590593996
0.768338286323452
0.601620935552649
0.8553085689826203
0.6989301409730824
0.6560032455986361
0.9251566304065171
0.864053772784968
0.8735106570603819
0.9620585091303756
0.8974283976513779
0.6784543646393906
0.7396012906316808
0.699372254449086
0.7140707963095406
0.8338535147359558
0.9789121130048383
0.7577028855249599
0.7971193760320083
0.5808419908323245
0.8852005281684747
0.8463400882351539
0.785785471660648
0.9138082451939198
0.8622624640115927
0.51222084256407
0.8360617725703516
0.8629534133444912
0.8286739474000033
0.5574486947063633
0.9885164541321063
0.5097647594779852
0.8366592999060746
0.8223721780604887
0.948747291828473
0.671203668861458
0.9502912463553213
0.7372020033875009
0.8406054246208907
0.7464336248736883
0.6429170363699035
0.8860580408264881
0.8222682156949906
0.593905731643488
0.8117323867491886
0.6329987151650505
0.9580610899553955
0.8057371248917258
0.8931209608999986
0.621906209633118
0.5832441226720124
0.5800530251144707
0.7710773740453758
0.8998505099488832
0.8979756295266615
0.6578093635624187
0.8344655928932387
0.9511076938668569
0.555613462447277
0.6252812127234746
0.8752670126367466
0.9003188595909632
0.9096840659087324
0.7962939421440081
0.8409557390442935
0.6993339058296448
0.5922585575759458
0.9469942338542858
0.8331772719170605
0.513906058961697
0.9772005764740848
0.5894171081087038
0.971393773027957
0.5560931975004842
0.6314598678833059
0.7601359466819593
0.5172768344836449
0.9770573962956457
0.9449787820778179
0.9667373027512881
0.9597599901153371
0.5057022698508019
0.892701852834232
0.9013954629593791
0.5868970117625378
0.8878904294208292
0.5051222351409091
0.591541179099532
0.6927526686422256
0.7776065072597947
0.6064840194553324
0.9229818770974167
0.5322637536466516
0.9798815299899317
0.845001419467001
0.6590485586446923
0.8694699740065158
0.794350116318798
0.5976899283883953
0.878685435975994
0.721036700616182
0.9246151337208581
0.8305227376743014
0.5247362788699335
0.7695952997960636
0.688972526663629
0.9804703414127833
0.756790798994091
0.7338829345376486
0.5392560081893514
0.9886410085921352
0.8242898053896879
0.8602012197307055
0.8176336874711876
0.797122878544555
0.9900551722147937
0.8224410366639413
0.5362387512015534
0.8387888503683962
0.7260297173378132
0.6510995397480824
0.7437438857929211
0.5060313234215231
0.9273293798749822
0.5988067755946646
0.9370978432618771
0.579979673514055
0.7403068106134322
0.9808556624825913
0.8164705546245155
0.6569445283690474
0.8514046128653794
0.7136048864725895
0.6745918507264355
0.5709824663914472
0.7038698779520454
0.5555643254836443
0.7292629846899714
0.649355034051478
0.6940196109436536
0.8620314702346599
0.5788667510058038
0.9752534335687557
0.6308534417042692
0.963437951881351
0.7112456970590774
0.5755910986939541
0.6912991322077148
0.9099652682478478
0.9440115911030766
0.9996258799205249
0.9832958798230771
0.6461751150217103
0.7061475957964372
0.6667355213181838
0.9897454447585992
0.867939352499219
0.7290031751290097
0.9835273642430828
0.9522987475781518
0.9652724043238323
0.9873752288267037
0.9332422265844297
0.8392094291767316
0.5069764879743839
0.7945090924054448
0.5895565281778763
0.6104473576091516
0.7045265455650132
0.7966390329172139
0.5511974239021442
0.877105426360989
0.6543712700367119
0.8908353319328705
0.5531253077949553
0.5314758574224243
0.7997733839734037
0.7003934473465663
0.892545288342464
0.5681757543317
0.8088469210497826
0.6390712999197952
0.7517514927794049
0.6537251506241775
0.7562512283572542
0.717598129915085
0.8360341335981535
0.6933746249490008
0.6769454581527671
0.5679557106414839
0.7548547604746405
0.8150466319545481
0.5712620685585496
0.8449078677828349
0.6439301682831313
0.8201316342083584
0.6689101940779121
0.6993604267571261
0.7343872302659036
0.9898923575355341
0.9228748285871053
0.5168848940494687
0.524183409022325
0.7462668875198661
0.7629212504520196
0.9807813666191703
0.5680051018338548
0.7778133499438293
0.7780591582237667
0.7600884924950719
0.8046400327674562
0.84489252867636
0.5910100611497324
0.6254133008733893
0.9434898228502923
0.5652596034920199
0.6329503657321085
0.5256763365463929
0.7560758458532278
0.5643144284090087
0.8574357988272054
0.8840554845070856
0.8508147414767804
0.5366393620219869
0.887043350728344
0.8924057691757339
0.9221964865734107
0.5253403202303085
0.5625717037315421
0.7978635185152886
0.9120673217893256
0.8466263279767996
0.8632415871515984
0.9523743472547659
0.6531545680049915
0.6197455803904246
0.6119225526395939
0.8278727730150626
0.918841626902593
0.6356452089719851
0.817316319755222
0.6161859771500322
0.9654705706247668
0.7677151870811152
0.628232922419357
0.5014113016350885
0.9265604932213392
0.6114373914771282
0.7951905396306613
0.6087779816478662
0.6153948758344954
0.689700329505053
0.8310459506912315
0.6060606059531324
0.9573464750884157
0.6637639428659401
0.8723541236553685
0.5400704609858686
0.677275314003573
0.8433524911111181
0.5298997212422785
0.6631670822882739
0.591175109816722
0.6275585159262672
0.9601181151304685
0.9571957150622786
0.9495437332913335
0.9576716102658833
0.9600902839633061
0.5278302651901425
0.5916002812469718
0.6902660881827491
0.9529053985334888
0.7799616026183918
0.6547929554830352
0.9691493032116303
0.8473502912900754
0.7015572731382582
0.608412710185512
0.7095918322836055
0.6770448728695055
0.8316047326876652
0.6942222095884634
0.7750834458037448
0.5272699270436307
0.5148040409464933
0.983708152920012
0.9419020241525409
0.6561438149607675
0.6876301418902065
0.610679269502981
0.9540686966844529
0.9224438752874213
0.6820500771427032
0.9276536964411355
0.70130511111631
0.585913762092855
0.7130291451678865
0.5221635645728158
0.9447943798963246
0.5113910950624432
0.5145012539119994
0.633213523967058
0.8831192638108513
0.9501119032518572
0.5791131483163696
0.5906990886106147
0.8332819683142767
0.7275710305055343
0.5066336931488327
0.6226048275266909
0.7477618025749596
0.6547880219106319
0.988508065944963
0.9924942105329493
0.6827793858348186
0.5606466036184705
0.9765230148297428
0.6776820113270179
0.6135017065929003
0.9361496155060162
0.6136338939887871
0.9604393231176958
0.9309049618763524
0.9730189165576026
0.7406651572980225
0.7625640497790991
0.8446154655183133
0.6960675452344184
0.8157240402999487
0.535347338325847
0.7781575484938072
0.805653014561115
0.5375472221215463
0.6984049465743523
0.6852937284995458
0.9174015235612699
0.8739729604399944
0.6534979704466477
0.7283169711061739
0.6078791755642183
0.6621394349535188
0.8848901039563024
0.7196470618587116
0.5802408756146109
0.5901093901316397
0.6427017331480771
0.8370657148762415
0.607215542655816
0.776239734492602
0.512016407763552
0.6600995860070427
0.7522412243812785
0.7733788531596251
0.6006100426152444
0.8528333020022532
0.7143995821436266
0.9218944683613737
0.7861354167535615
0.791741096228671
0.8828111641596113
0.8607628751010484
0.9247490027193126
0.5087252293475881
0.5896918318739208
0.5890597045944066
0.9532543742723131
0.7535138072151858
0.9610908860509175
0.8339401775085549
0.8703453880568763
0.8408325333326723
0.5657848723335139
0.8596294501390447
0.9495557468275251
0.5192763057149714
0.5068944328904754
0.7451554291811158
0.9171829300373536
0.6528161972721778
0.9414717411594635
0.92372263374445
0.8429125596755056
0.626101716547814
0.9413042108773364
0.8234854819031572
0.7727582517156648
0.990908430268604
0.996051456412882
0.9745235866471329
0.9826191493577581
0.9830152806991038
0.5340022482707136
0.5870886146082728
0.6267700883550249
0.8176379886371661
0.9780853997270711
0.8633240454063529
0.8090859366614476
0.9292350941874732
0.5775580799891898
0.9837209274653487
0.6862604983978549
0.8716335162232578
0.6434334840365878
0.5038306178128273
0.9373832718688458
0.9495551979435344
0.9932484764846857
0.8685031066672055
0.9019517518318312
0.7648395936088357
0.6704225191598965
0.686002881894008
0.7429057427875496
0.575468768907794
0.9502352340991682
0.7815981721506733
0.5119299720872204
0.5566071339156804
0.6323069633673835
0.871552579838512
0.5253512839739584
0.6596312858599321
0.779117879776875
0.8181079159998172
0.6576954691634117
0.8397597627041273
0.5660702007354129
0.5173965640503204
0.5356529597433374
0.5679575335110092
0.5644410285633485
0.975147944146896
0.7192479784817085
0.9778679276992456
0.5132254994630987
0.7992948923337719
0.8881738580224082
0.998304448450765
0.5707807263996227
0.757618768284616
0.9400351338730382
0.757232974456401
0.8139235780011664
0.9586202182092076
0.7312127668450772
0.508772066206401
0.944564686729575
0.5755052352652921
0.5459996350788052
0.574897978348737
0.6209527147884683
0.5867700519294052
0.6273085693602318
0.5413720110852687
0.6595519387435831
0.6627347548935711
0.9932252543553404
0.80976600983048
0.5534721917166885
0.8219139160970607
0.6742871496522661
0.5414941613817945
0.5535273926573072
0.7247643165170596
0.5022549342828303
0.5714515115674164
0.7241323065552849
0.8743655578729659
0.7344000194388347
0.6656996692538288
0.56580834657492
0.7847948731907539
0.857523709851442
0.7072331417412138
0.9660076837036794
0.764213466471134
0.8635816034830405
0.6060819939083826
0.5032501224709262
0.6178701185180375
0.5177586129652185
0.5195655665274141
0.9033906756381552
0.8601775012339408
0.8118959149497633
0.9438207394896772
0.7265563416879642
0.6077689483718438
0.6469284553074287
0.7105417622692793
0.9170017864277846
0.7302709816578068
0.8873976433174459
0.8053956046188432
0.64547193203765
0.7886066710462716
0.7811011098948312
0.5830340469469351
0.6703469231588586
0.7324263427478138
0.6428995653451509
0.756249575136321
0.5706082312287175
0.8858521183240884
0.7946266772888337
0.9369343087067578
0.996664818869127
0.7990288118947765
0.8124482631063457
0.9303000249307738
0.6973391117912373
0.7007640336853429
0.7787720477188502
0.5008763829392502
0.7908280270989952
0.7794622073013093
0.6795638719770448
0.6714857461825964
0.8095837808803661
0.8917838653793846
0.8285852247887366
0.5212233033557478
0.7972420255293996
0.9884430176190727
0.7794528110615153
0.7147879515666383
0.937001846850829
0.876912582928087
0.71210366945403
0.6434868877313185
0.7110736611085591
0.9452133123255542
0.9598882423171622
0.5682011783947956
0.9151400658185076
0.8601903950468126
0.9280886107618582
0.6152004362647581
0.7846886740678832
0.7371078589454896
0.942609201341168
0.8633247943159215
0.5854441558372496
0.522763459510486
0.6647193428147871
0.9717952017078242
0.5843057261187774
0.7424188805260222
0.7234623574286971
0.737288331332985
0.9147312615823712
0.9645924693326633
0.9221410724394953
0.6156633630635978
0.9108035553732656
0.5835550337607176
0.8590538505717706
0.9863234008950919
0.7494323364867239
0.513586450663869
0.6971544460621044
0.5417892033145889
0.9037764706983571
0.9271500656409151
0.9109002058408218
0.7616732807473899
0.9379370055409952
0.7564962416737924
0.7084923480332539
0.619541816065524
0.9102506405249127
0.8227426144898168
0.8029368146745245
0.5043327379637181
0.7626555465847381
0.8084610645105266
0.505739637477431
0.8218715991812227
0.969488386344206
0.8591432390718565
0.8534365761446685
0.6853455210018183
0.7443211351808017
0.6066838330303341
0.828086603339028
0.972229094585875
0.9885618310610644
0.8944526305913982
0.5411338439055968
0.8409204932029675
0.8150744699254713
0.6954950009912344
0.6362193624292576
0.5694785984784987
0.9526442905764423
0.8776063731179342
0.5766329963191754
0.7353403402263504
0.8213984842968229
0.5805095916184806
0.8920967633018722
0.9899009430249472
0.5909049836232416
0.8226458670493364
0.6504472790717257
0.929543889425942
0.7724473520997208
0.7931744093223964
0.6824993521553671
0.9053634469730168
0.5089935291855423
0.6893858930712065
0.6645338809622405
0.5286581619102699
0.5180296765885877
0.5292144227845168
0.8579203916858751
0.6340447912831894
0.619612376061538
0.6388926419439226
0.6244213036861527
0.524241941202289
0.7240189504986878
0.5093411102245959
0.6469480450044436
0.796156836816809
0.7944427558917431
0.6011925510541242
0.6619268341431939
0.9570522540320668
0.5704036579858718
0.5112834882150892
0.8860957023928352
0.6530734275061733
0.6614251410756072
0.9323076412836989
0.6323935572071707
0.7208918996233196
0.699004710240263
0.6732726124701206
0.5932924395694554
0.9210009516978411
0.691375864832719
0.9786805549638479
0.5667241904919103
0.9839384051053615
0.792036501856987
0.6632296208759201
0.6197996525869204
0.6348349930441397
0.6681030793339657
0.5211340565656357
0.615203652912383
0.5676333157877316
0.6537521607474356
0.5499233659443681
0.557125412013867
0.7908742275081984
0.8581400894746971
0.799389249324389
0.8893943657234195
0.6616304198986427
0.7062131452499842
0.8912826264730764
0.8011650200421219
0.6182085246748306
0.7418474359262279
0.7780950580516701
0.663049822529026
0.8513151615789281
0.6681852690682625
0.6829120358318971
0.8078009719168115
0.5857154261106432
0.6906739132798954
0.7729051421859996
0.7036790017058607
0.6661040705735808
0.9517538492984894
0.7551738399782539
0.913109787468088
0.6777662846837937
0.8003629845460782
0.9804329578303508
0.6425546643500056
0.5302033483085014
0.8056004365995226
0.5252083875128593
0.5088080494878181
0.5204232004001879
0.5513071387066256
0.6625594604630809
0.7561930450897807
0.9792457906975617
0.8968095312795722
0.7691367081033511
0.5285945308600163
0.9181245320031429
0.8201453992754243
0.8621217327231485
0.9509090235191928
0.8517111985142357
0.8576694164482752
0.9833457454838763
0.9447164823676122
0.9310006052276172
0.818200470475792
0.8947437541062639
0.8061506938505835
0.856452552320979
0.5928792459658848
0.6071262061145943
0.5331219428976599
0.9654405715731714
0.8994641141577737
0.8088994314880806
0.5155321013996925
0.6332736660961331
0.6493271263532077
0.6402549773569697
0.5664779035780515
0.7712616296630039
0.9572185792826973
0.656832643849983
0.8328631254374914
0.9201360563965536
0.645348516540228
0.6210936497792405
0.5935654381158475
0.9563504164473708
0.8189448707369472
0.6026201615067783
0.5976536331586497
0.8577405385354224
0.9273641458236601
0.5787911397357962
0.646506100790522
0.6419492713711096
0.5046535253623331
0.8643540908078464
0.9151473754009071
0.7024211819856445
0.521278334696432
0.827591724926604
0.8388038723308553
0.9015780808221969
0.8794153380706056
0.6536253352409191
0.7698167444894983
0.8883813629437736
0.5549529078986359
0.7024123723230723
0.6460547550104347
0.6823893268035124
0.9292769938975685
0.645058836399363
0.660560341132364
0.7194861921062126
0.6720160962956725
0.9621057976923731
0.5316806687568183
0.854417566532293
0.958722130806716
0.8356929936636042
0.9097511533128186
0.7938849790282764
0.6934199749171521
0.9722369367647565
0.7179085502451108
0.6023842787299971
0.8705540475181598
0.6633776904467937
0.6314811588693454
0.8684688891905805
0.8888088128896479
0.6784666831444799
0.5254319898323397
0.7220052237896595
0.6123186453728144
0.6224771342886954
0.8853778108379826
0.9926269027814141
0.9133398676317503
0.9826628036232663
0.5593718892821886
0.7606097461993842
0.9437276393791898
0.804106311673405
0.6224352380144693
0.9561550574234927
0.948579056163587
0.7828158303665055
0.5753960913102272
0.5518481362465701
0.8765933170017775
0.9402787712502397
0.5049419080490496
0.517240888870736
0.7562078850525911
0.9257809145701483
0.8007712228048414
0.7953244237880618
0.9135398997008366
0.9587505141405213
0.6316049026060582
0.8218066228607709
0.988345142333039
0.8019583903755938
0.9434039244461703
0.747730379283009
0.759770627444706
0.981088187398103
0.5178376603975299
0.9742091916838909
0.9467129362523754
0.8714679205382614
0.7348099162269148
0.626367598418902
0.9768763483483276
0.5296754902738263
0.8939616770921575
0.838061425033165
0.5775999938882352
0.5615978833530102
0.540686972064087
0.5851677183832715
0.9998216447965523
0.7275902164950676
0.6205388535927308
0.8756128731623101
0.8381751415224593
0.5756156494212805
0.6108373629547239
0.5460257994639572
0.6285957419177981
0.6989023069386463
0.6638528170246922
0.6102281954280266
0.9983771642420285
0.6993435190901067
0.7281202604907648
0.9958836685979328
0.9751222608280639
0.503054360236303
0.5061131289421875
0.9881746996092625
0.5086932818872749
0.5760205611399203
0.8226993626553718
0.9945846628579352
0.8925214173572789
0.7595309044326108
0.7955406171358875
0.61312436392799
0.9804160998336732
0.5499693263766394
0.602817439159564
0.7714854152167501
0.9133125488545097
0.7273055119863256
0.9492955323142063
0.5970462204256053
0.5593661738562203
0.9932284724995414
0.5916696222532964
0.8613084833531428
0.7162648273732857
0.60026386469176
0.6756382775045484
0.7277001501996488
0.98226867971455
0.5530348073106552
0.8812927039696181
0.5869626584631167
0.9669382065284172
0.6969889284548503
0.5811935563636199
0.7580772082083103
0.7855069143270115
0.6059953941336186
0.8108491257082449
0.6997174688801349
0.712424402653526
0.6263824283386018
0.9094655065093251
0.735230917854198
0.530190049595527
0.8778003543534441
0.705669782278986
0.7635830602826559
0.5260196883326926
0.8032995466521066
0.6599404449758342
0.7737474068940919
0.6490042011367383
0.8916885687019189
0.9626454049097157
0.8285573991862684
0.6685321592340832
0.6223840592770433
0.5444554483825924
0.9999297194909478
0.765540931607741
0.6667699581266953
0.5000285191739677
0.7014267578448192
0.8868044354175174
0.5438490412675916
0.9874952858153827
0.796901383850964
0.6320953018990316
0.8175595082317955
0.6279102909445893
0.7111812006127005
0.7776605363310025
0.7861603298816093
0.6150200798691923
0.5681629281752651
0.7010096631308271
0.6363144463587489
0.988408294023536
0.8888745867955066
0.8069399173531258
0.5473868781354516
0.9420520417142896
0.7626407136311177
0.6353269872671921
0.9404794130957692
0.5548470826932204
0.8599107031298554
0.7786661617335041
0.8277256064866583
0.8698421253019806
0.9351995185173307
0.8798177373509297
0.737859703767374
0.6185575564465728
0.5946714042300678
0.6723348892419447
0.8199516691424511
0.5410247060302851
0.8173333092013818
0.604791331069748
0.5297370702946489
0.8406026338689625
0.6172805854978081
0.8123108436364646
0.6353173945483491
0.9189880383091145
0.7097859297670028
0.6482019670939615
0.7626177264212844
0.7653745193981214
0.793907208705839
0.652964662382771
0.8142814597138112
0.6652134946478065
0.6561960229108182
0.6076042280206457
0.6204089692514227
0.71371100154302
0.6205837528491918
0.892467939613392
0.8108741019468575
0.9649875639948824
0.9292013981627779
0.7686817022348267
0.86252387321221
0.6010323758840048
0.5526869042608082
0.523528445796716
0.7067165626289451
0.8634510926241772
0.8002785018254179
0.8101087651779724
0.6614347891930104
0.7157490871513376
0.6166414100062226
0.5425370411083799
0.9297475054904074
0.5840542613894515
0.7643972626840785
0.9839888417505855
0.5503774843317206
0.5533549024403439
0.9992964290479472
0.8604257855173016
0.7880932850207766
0.6238128303501964
0.7848986244153464
0.5038837165894721
0.8168508650130829
0.6168405111109156
0.6463458988731938
0.7371728826066173
0.6009654090903647
0.6067296945665384
0.5560666157178189
0.5690147907087606
0.9663111332262049
0.5355622283628126
0.8225485216836219
0.6074407216386168
0.774338444001649
0.765472752319035
0.6449999113855949
0.7378647351229644
0.5217836397282397
0.5773005109026277
0.6029240828629276
0.7632875842396114
0.8181583622678907
0.7953267246773135
0.6955510420298516
0.909358664768738
0.9560657716174864
0.9864823018333251
0.5636538944280531
0.748826561424967
0.9064047191507947
0.5314041690886258
0.7642243213743771
0.6185098013222845
0.8814234986516477
0.6913394562442029
0.5211776686016955
0.7553874802797771
0.9188142077320485
0.6929583547211589
0.9625245427171293
0.9996912411708052
0.8777884848500528
0.9693033448206639
0.5556741640281386
0.5157954063855292
0.6293025105863956
0.7963586154445106
0.9532374455908393
0.7728256337874984
0.6622961370659626
0.5327634145903462
0.9777599852539596
0.7958279687257603
0.879255931837382
0.9546487301663529
0.5610288237877635
0.8406360007659608
0.7869609903514119
0.679280445040651
0.8107410089363761
0.9858796107264627
0.5077989441994069
0.7865713224809159
0.5464432696954469
0.9646280978239424
0.637867089200584
0.5290498874395004
0.6061279328208165
0.8170812784584529
0.9933331223978136
0.7242279916345127
0.7719242931249699
0.6039192317691051
0.5968097771310541
0.8672669682285655
0.6355632481410354
0.9250156120398088
0.9878401842046478
0.9156787973730276
0.8598747647021743
0.6766677030758647
0.6081646998605419
0.8478229545189415
0.9577308140928502
0.5166904366696696
0.586483056528976
0.6943831255708349
0.893210937037705
0.9847628373385199
0.5155001971636177
0.7338128859671983
0.9193432245601008
0.5155668880106219
0.5532030837928819
0.7354559962060185
0.9770230061787264
0.7211752474471951
0.9857270915692438
0.7142754347857212
0.9614128707047809
0.5367063979963098
0.9003027957012181
0.7677997641267073
0.8817943615828552
0.5670310080427831
0.7428347709957865
0.9279688508111097
0.5063124362465263
0.5164384799173729
0.7477257619897719
0.761972097974482
0.7597699545208193
0.984544823503726
0.8166917764111131
0.9889484589260347
0.8644268737989349
0.9895494268427468
0.8679541675025682
0.886853795653715
0.6425319683355901
0.5180427205854794
0.5632420050919273
0.5126170966512931
0.501511413122113
0.8480348165004664
0.7550965801390834
0.7151376865791479
0.8053615948228705
0.8596406792069429
0.6503826112221178
0.874659274116209
0.8394395037225657
0.559946008751731
0.9848482437004962
0.7302710118393337
0.7831141181694286
0.9871725238717834
0.8164645787196225
0.5001094666606141
0.6275532514680646
0.6415508191060664
0.8177156412231575
0.8616986167049501
0.8062423839803325
0.783463727267553
0.7867103065542922
0.8350776787692467
0.9920731133508665
0.537974557503059
0.7267501466188397
0.5619343400745271
0.6499888892964412
0.6444916149985042
0.7595294889616393
0.5633219491981047
0.8939349101595029
0.6671342750361755
0.7642418655736949
0.87301360512276
0.5568998246774013
0.5631173353085501
0.7917787179174398
0.9160124597963242
0.7100274578040313
0.7633643057016717
0.5373301069884219
0.9960133593217056
0.8451065775800242
0.8446334043375532
0.806318118115523
0.8827751909252426
0.7643246521156262
0.7765065605114341
0.7713097031575973
0.776268835727925
0.5363468929987294
0.9353088219091705
0.6207517807563896
0.9674762589509254
0.8645367705464557
0.8756227491245481
0.8075301810844253
0.9122118836405173
0.8272879136436503
0.7080202097090653
0.9556996502719746
0.7731295620942702
0.5843204717200643
0.906174827916516
0.9450785039996963
0.5137763312164183
0.7173143343394592
0.8516034993378533
0.6417565531728158
0.6840110373642533
0.634973842734794
0.9566544738685092
0.9312123370108999
0.8939821368109433
0.7567253341513709
0.6332702764609979
0.8020075355535584
0.9662512251144095
0.9463786656329134
0.5051135796134918
0.5065917270690157
0.9632728276730437
0.8294236368113854
0.5339786622427674
0.5445210867078998
0.5338515807244987
0.8747302320366916
0.6258653071728494
0.9473892032601763
0.6273046720409258
0.9343984691509626
0.7100955000043048
0.9013149133642214
0.5860643574494235
0.6293124673475066
0.8260653805538639
0.7442761739704944
0.8230065729917719
0.6004318441886562
0.9178722383592263
0.6613277684122313
0.7489771404328693
0.6060579556525588
0.6390858321197097
0.6790568184532646
0.5618987482515914
0.66316017694962
0.7869696238228283
0.6001217047163305
0.9626933055410218
0.853851908065137
0.5376301082555055
0.5489345384309436
0.6634041907649904
0.7070228116028727
0.9688676222002007
0.6156032328923213
0.6760025346676777
0.8258375151554159
0.5807009619911677
0.6096861047349258
0.6777527323418293
0.7472730927470183
0.5812665747131902
0.8114573587573974
0.8564072771133058
0.8373688615575199
0.5338736822415491
0.6094498160950959
0.9021402712513764
0.8112315153045849
0.9268540494354195
0.9518960267965297
0.621478815839871
0.956868200544772
0.8251500388905306
0.8578417102190508
0.938450379435642
0.9513436335485885
0.6224407137336263
0.7268821031519423
0.8666394021964292
0.5084106843248479
0.765183880154926
0.9529480019647496
0.5464113576186197
0.7666518026318138
0.9875888944258906
0.5332405608184908
0.8558498215080332
0.961615110830641
0.5464979428518066
0.5116821080459093
0.6813956244018381
0.9792401598620547
0.981988118474118
0.7032818577379112
0.6098589405458532
0.998790171409331
0.723979532187398
0.7012505116855333
0.5424264164137595
0.7204071618790404
0.510957816936892
0.9263616349425599
0.8422072482850054
0.6936309863131156
0.5756351085811338
0.7704827783470264
0.551879127402025
0.5878389891110033
0.9908637476860014
0.9141196078984124
0.9840588486182861
0.7661061190576324
0.750387026579749
0.9149757025000584
0.7552992765646971
0.7019199154999816
0.9590626545413081
0.8197271192410476
0.9217101099213351
0.929062258692021
0.9374590457505719
0.5029816156859639
0.8084781552207325
0.8690838326056569
0.6846220632599781
0.6466894287691816
0.8715341264492
0.5268145979240275
0.9478939332691039
0.5755797178886204
0.9122758560364668
0.6886752878721076
0.5627937270471715
0.597850417938334
0.7888064680055169
0.7580142341418739
0.6079133202601343
0.5222046479849123
0.5530438796528847
0.5120605761374802
0.9436277979028562
0.8198983909735467
0.6120750560896352
0.5410343887724913
0.7715299742270478
0.5218064041606518
0.9535452481518291
0.9865490644181084
0.7958282710796298
0.7377941299588333
0.9967652996073046
0.8723821430580194
0.7157134207002024
0.5141710858184305
0.9238859276005308
0.670190195278987
0.61667471400566
0.5616310916181675
0.5562396383003796
0.7505549198518571
0.5893345670439885
0.5692944125532017
0.51522142573132
0.5126116889134912
0.8704546159074533
0.5295316792439463
0.612249575948776
0.8225394159805107
0.5206832177038441
0.9341779337041968
0.8519637680444772
0.7469971460062172
0.800868669559216
0.5594176905621309
0.5037238925940153
0.5478375762979586
0.7899233658491277
0.5474825648444577
0.7241159657611145
0.624251051557353
0.8861713734570833
0.6362385639165811
0.8785416372249506
0.5630339275828037
0.6403591258638873
0.8836907033238595
0.5694581427859782
0.854205645324243
0.9557602003368453
0.6671293185792175
0.71324334294812
0.7743520719120526
0.5672093789708715
0.6604171958007271
0.6595385657809382
0.5963335768664153
0.6385687701009788
0.7342314132670199
0.5239669148538469
0.6334984283467009
0.7730965539191836
0.7208467184968093
0.7062851308869962
0.767865922449299
0.5157564504595153
0.6704738580843699
0.7445675636110469
0.7517233055307524
0.8936673324466109
0.833018584224472
0.5813556696071305
0.5503033065348828
0.8332006516893884
0.6463324353462723
0.7864311423557413
0.6985107777492955
0.8566955113363218
0.7588047797401241
0.8027086622532139
0.7734712205435299
0.5127569063485844
0.9251781713445024
0.9169954359661658
0.6345594831561929
0.8711278693439473
0.9320826293591148
0.667243675989812
0.5575207011934946
0.7080903291115557
0.6272622908864898
0.6124051023045339
0.7783550666402037
0.8377765492481939
0.999837006578703
0.6430595673871505
0.8159509628603252
0.6063398466357626
0.615073827807507
0.6358880023307081
0.5815693706117866
0.6019021741597927
0.5858909763462827
0.9744302357855663
0.9914846918975304
0.6686275712174419
0.9860622118496108
0.7041792886573935
0.7915870604176497
0.6585837994510078
0.5370833879808481
0.8430260962015177
0.7728413229954207
0.6724461369550773
0.5254820097686954
0.8499643031248618
0.6432809018666008
0.7800556764421406
0.8690417272554289
0.5080935512027369
0.8864986425573358
0.6315368511756514
0.5992866331647824
0.7457929279066615
0.7263410144982927
0.7537850506064557
0.7386929822189807
0.684171208167606
0.700273942839629
0.9508421301591325
0.6362573604711752
0.8280094503168616
0.7139794935201969
0.9895240722895355
0.8484280350968172
0.6188461207638167
0.9353210727354768
0.7410978519899949
0.7250201517403011
0.9029703205808861
0.5926916647901341
0.7582591102104915
0.7724080803643674
0.9174813369424155
0.87983792130752
0.7963904687765913
0.9012553693199996
0.9273107423750592
0.7058681634830913
0.878933779965759
0.6406324493179247
0.9275284158630906
0.7916817549764605
0.890449194420932
0.8109626718087484
0.8081505413286916
0.7740017544113766
0.5276133881883651
0.8951787350672704
0.7428248718394668
0.8023917777491596
0.9626761202076213
0.8831426565091953
0.8856645528113376
0.9499747433877535
0.8139463778648521
0.7589623945077926
0.589639517047226
0.8457083564651153
0.7329022285122613
0.5070221261340135
0.5339830460723952
