117
260
254
151
181
229
165
66
111
200
146
143
292
175
161
257
247
46
216
220
298
145
173
64
176
218
310
108
178
7
231
149
130
300
262
12
295
166
44
312
160
261
141
202
212
122
82
182
93
25
61
196
315
59
81
70
309
283
255
49
74
232
118
287
280
54
58
171
245
115
129
136
320
272
191
265
326
8
306
94
67
72
142
201
296
215
217
170
241
205
282
0
35
9
16
32
30
39
57
62
48
56
65
273
132
119
100
84
99
156
147
275
248
317
328
316
3
2
5
22
15
34
29
37
19
40
252
75
77
135
124
95
139
103
90
101
102
162
180
228
138
153
123
321
299
323
270
219
194
235
269
207
185
45
227
203
91
190
154
304
249
222
105
271
92
244
307
158
308
167
68
233
281
277
113
325
285
331
131
125
289
33
199
36
21
163
127
206
242
88
23
172
50
41
137
148
253
186
221
311
198
144
294
177
240
238
268
214
6
303
226
155
314
208
319
20
10
297
223
193
278
324
210
120
104
98
4
290
169
195
213
291
250
293
274
97
53
43
73
230
116
128
69
134
107
237
276
188
112
79
13
266
184
51
27
31
78
52
157
150
26
264
288
168
258
197
14
209
85
259
11
55
322
174
126
110
256
106
284
89
38
286
80
96
305
18
301
246
164
189
1
152
87
243
83
133
183
302
327
63
239
179
24
329
225
76
47
121
251
159
42
204
211
318
114
109
234
236
86
17
267
313
60
330
192
28
187
224
279
140
71
263
