814
1
424
55
219
109
152
355
513
38
42
13
61
111
412
160
154
77
86
87
403
473
714
114
35
36
213
224
78
94
335
27
591
186
276
107
151
658
189
343
695
694
18
66
45
49
96
59
413
241
530
514
404
261
158
23
689
395
290
434
73
369
535
244
145
289
728
380
501
441
250
28
34
50
51
299
496
173
479
81
205
128
571
293
766
344
796
188
296
332
451
270
16
32
40
60
548
62
331
342
312
378
76
397
103
532
576
150
242
220
315
127
203
314
235
300
10
21
39
41
438
43
308
113
71
325
79
377
82
85
93
787
398
115
118
810
396
409
333
295
137
405
180
211
215
216
599
201
292
641
247
370
256
387
0
9
22
25
57
161
379
423
84
510
341
159
155
323
110
374
489
383
125
440
351
414
511
512
240
283
156
165
381
181
231
198
202
218
722
226
309
294
253
320
415
2
5
12
20
29
30
37
319
210
360
53
56
373
69
64
67
691
262
364
399
271
492
88
313
98
106
108
176
237
701
266
612
233
450
236
486
635
291
135
232
515
243
217
443
444
248
358
437
168
204
170
531
268
191
206
208
389
763
487
483
539
534
317
493
433
297
349
384
348
457
529
4
19
24
33
47
498
52
185
286
353
356
357
72
485
281
68
129
288
544
330
264
508
518
90
273
91
346
182
99
105
762
536
540
209
382
665
117
157
251
121
318
566
307
436
122
458
316
422
427
541
130
538
467
468
472
488
528
345
636
164
167
773
245
661
172
174
175
503
504
214
193
392
393
542
310
338
456
500
372
502
452
58
753
207
589
304
582
102
321
727
684
228
402
770
132
461
460
574
561
454
537
627
482
801
721
148
755
543
757
782
725
171
583
238
303
549
581
547
223
75
677
162
638
614
812
550
759
791
621
431
778
147
626
604
230
509
134
282
775
608
800
525
184
765
411
416
696
26
688
703
717
197
14
260
611
259
726
506
686
808
629
362
246
729
455
553
789
239
625
272
565
101
339
734
48
225
439
819
664
410
3
17
761
390
555
676
350
328
279
15
646
11
495
577
478
552
666
388
464
707
742
704
653
747
334
222
569
698
805
255
139
702
645
813
818
751
406
146
475
654
277
774
675
634
659
772
131
650
347
806
797
615
741
562
394
649
124
435
771
252
507
141
570
221
780
177
46
731
178
200
480
595
527
678
711
280
735
432
685
662
120
580
560
732
275
590
470
596
97
786
618
622
637
425
754
680
116
196
811
816
551
671
462
700
681
619
815
446
820
716
31
733
651
613
799
447
407
692
258
683
517
305
628
463
793
679
526
699
779
668
445
63
179
828
138
329
672
824
802
825
494
326
474
750
192
667
756
140
520
723
449
600
822
568
190
385
792
92
795
794
149
720
166
710
336
505
748
521
448
426
739
143
337
400
745
823
229
737
136
693
54
563
516
587
606
746
743
781
584
588
363
642
144
361
465
633
605
640
278
7
708
656
718
104
421
522
169
195
524
401
558
559
8
585
767
798
466
758
709
429
367
631
607
497
567
112
371
471
657
484
417
340
738
142
322
126
89
80
578
301
83
133
183
327
354
776
809
386
669
365
408
375
490
740
713
234
788
663
602
267
554
706
736
419
269
359
306
263
724
760
254
227
564
557
648
597
249
579
376
670
705
623
65
598
391
74
769
265
95
477
660
804
285
768
790
199
616
163
744
572
644
499
545
593
430
603
257
453
44
592
469
311
442
459
352
647
764
6
712
752
324
523
749
546
573
428
366
298
70
491
630
643
194
274
601
212
620
783
719
287
119
533
632
777
481
652
827
594
100
697
690
730
519
807
655
368
673
817
803
284
687
624
617
715
821
826
784
123
609
682
302
420
610
639
418
476
153
674
785
586
187
556
575
