1309
1321
125
47
5337
5315
45
448
451
454
1310
787
103
36
109
163
68
5332
806
55
158
78
1336
50
492
791
1077
5342
995
86
772
84
7052
4753
7426
106
541
1014
1334
7006
71
85
62
98
5532
1206
7051
190
6773
7056
3700
137
7200
1385
780
8425
64
3717
70
191
1313
453
57
452
6921
8506
108
919
789
1226
5351
5534
3714
998
1626
1660
568
1399
1499
4313
7002
130
429
4185
4241
5355
8662
2771
4244
56
788
1215
6668
122
7876
60
110
546
6717
3662
7659
7948
1195
1485
7169
7757
487
1079
6947
7360
101
1515
3660
8543
8838
9244
1492
9142
195
1847
4199
192
1177
3798
476
655
1372
8596
77
794
1506
5191
6380
6771
6941
7054
131
762
1039
1327
3950
5437
1
91
116
260
610
1524
3684
6782
7161
458
1317
1365
9372
151
829
3721
4398
4897
792
981
1411
1716
3948
5212
6445
6783
9309
15
83
146
783
1329
1342
1839
432
435
886
1320
1630
3518
4895
6557
6733
7412
7427
8757
629
1216
2080
5816
8616
35
145
509
611
1212
1350
1526
1550
4170
4279
6098
6423
6461
6828
9413
9865
72
144
658
793
1512
1677
1848
1851
3307
3872
4749
5409
6395
6703
7879
7886
7890
7944
8405
8885
69
90
628
862
911
960
1214
1219
1331
1360
1559
5395
6011
6366
6792
7022
7312
7451
7959
8523
30
491
774
804
850
875
1225
3460
5343
5365
5554
6245
6442
7265
7385
7455
7895
8149
8179
8761
94
612
1228
1375
1422
1549
1608
3374
3716
4282
5334
5563
6777
7425
7470
7490
7506
7877
7891
7893
8775
9165
9555
9730
9823
9907
2
53
107
481
1008
1095
1564
1583
2591
3323
4382
4772
4778
5242
5338
6015
7012
7378
7439
7672
7707
7758
7771
7883
7949
8130
8763
9090
9223
9294
10026
79
102
462
485
630
656
766
777
778
1009
1010
1081
1094
1249
1274
1504
1561
1774
2633
3724
3873
4245
4263
4787
5389
6512
6702
6833
7154
7651
7927
7953
8191
9139
9366
9401
9425
10189
10229
127
225
239
266
406
589
768
799
899
1210
1275
1558
1815
2116
2309
2710
3682
3719
3969
4229
4242
5192
5195
5345
5357
5393
6785
6926
6991
7882
8285
8583
8861
9591
10131
49
128
478
488
539
689
830
834
859
885
996
1179
1184
1186
1191
1208
1374
1390
1535
1642
1661
1802
1860
2611
3459
3490
3657
3715
3828
4203
4208
4769
4804
5216
5397
5408
5531
5624
5944
5956
6763
6772
6791
6799
7536
7658
7701
8420
8626
8772
8804
8953
10036
59
93
97
472
524
544
616
637
790
819
832
844
924
1004
1058
1076
1133
1155
1182
1245
1338
1440
1455
1498
1563
1598
1728
1842
1973
2085
2566
3563
3568
3650
3995
4189
4251
4255
4286
4305
4306
4720
4781
5813
6001
6364
6670
6781
6807
6848
7070
7686
7761
7873
7885
7968
8122
8127
8182
8208
8371
8383
8489
8649
8766
9125
9132
9148
9288
9327
9351
9390
9610
9708
9879
10518
434
499
540
769
894
900
982
1194
1221
1265
1289
1373
1510
1555
1841
1899
2093
2285
2598
3661
4218
4764
4871
5194
5213
5372
5544
5682
5724
6019
6046
6705
6764
6775
6864
7018
7112
7182
7383
7434
7453
7569
7747
7774
7779
7808
7887
7928
7929
7965
8128
8152
8322
8346
8404
8625
8699
8758
8759
8767
8948
9036
9181
9518
9628
9918
10009
10021
10048
10209
10261
10381
28
38
54
58
81
87
113
132
149
159
329
449
510
525
631
638
657
786
801
920
933
941
959
986
1002
1017
1181
1241
1261
1271
1410
1415
1424
1449
1520
1546
1552
1596
1680
1737
1833
1844
1896
2120
2324
2696
2745
3308
3319
3538
3573
3576
4068
4193
4195
4205
4247
4248
4258
4296
4330
4338
4343
4349
4385
4396
4777
4905
4943
5317
5358
5377
5402
5417
5447
5542
5568
5602
5709
5762
5771
5957
5958
6006
6014
6016
6041
6087
6089
6248
6287
6410
6424
6476
6511
6590
6631
6651
6745
6780
6786
6787
6829
6835
7005
7068
7102
7171
7444
7463
7488
7499
7684
7727
7773
7795
7802
7854
7859
7940
7945
8088
8101
8222
8324
8367
8408
8418
8697
8711
8768
8769
8778
8788
8878
8976
9116
9140
9256
9331
9357
9407
9530
9651
9691
9904
10332
10396
10437
63
76
100
105
118
129
162
216
243
289
301
400
402
477
505
508
522
528
548
554
620
623
675
701
702
764
776
815
821
835
853
946
984
1055
1082
1099
1108
1109
1141
1158
1174
1185
1188
1230
1236
1242
1264
1316
1322
1339
1341
1345
1393
1394
1417
1444
1478
1481
1513
1562
1565
1572
1590
1595
1607
1703
1713
1730
1785
1806
1840
1857
1858
1859
1906
1959
1963
1975
1976
2000
2068
2069
2158
2248
2311
2343
2425
2434
2538
2610
2735
2799
2809
2966
2982
3172
3304
3452
3454
3603
3735
3746
3747
3792
3854
3856
3857
3916
3930
3952
4011
4049
4157
4428
4565
4794
4824
5058
5175
5179
5203
5214
5225
5246
5280
5320
5404
5446
5467
5504
5521
5549
5577
5663
5814
5817
5829
5850
5908
6003
6005
6028
6250
6372
6374
6448
6454
6458
6467
6592
6634
6662
6666
6669
6675
6718
6730
6737
6739
6747
6755
6789
6851
6853
6855
6861
6870
6903
6993
7055
7059
7124
7166
7187
7189
7275
7400
7429
7443
7492
7539
7558
7564
7669
7680
7733
7753
7759
7763
7781
7894
7898
7935
7950
7999
8007
8014
8041
8044
8060
8074
8078
8084
8124
8129
8139
8178
8231
8292
8312
8373
8378
8421
8461
8499
8502
8572
8590
8619
8646
8676
8709
8866
8896
9143
9145
9265
9272
9308
9339
9375
9389
9454
9464
9486
9554
9566
9579
9586
9616
9619
9640
9641
9652
9667
9688
9690
9721
9779
9833
9862
9906
9925
9959
9964
9989
10058
10169
10172
10212
10256
10257
10373
10379
10400
10524
10529
10554
8
12
17
43
46
48
66
88
92
95
112
117
121
143
150
152
153
164
165
167
168
175
182
183
208
211
228
235
246
259
276
285
291
296
304
305
308
309
310
315
335
340
347
356
384
392
407
408
440
444
461
467
474
484
504
513
530
545
563
593
599
600
609
613
641
650
676
732
738
744
747
781
795
800
803
814
818
843
857
873
881
914
929
937
953
956
957
962
975
983
1003
1005
1031
1060
1091
1106
1112
1114
1124
1125
1130
1138
1166
1183
1187
1197
1239
1248
1279
1284
1292
1294
1308
1315
1349
1353
1363
1377
1388
1395
1412
1413
1419
1420
1439
1445
1466
1482
1487
1490
1502
1516
1528
1541
1548
1560
1566
1571
1582
1586
1593
1594
1597
1600
1602
1606
1613
1627
1632
1645
1648
1653
1659
1687
1705
1707
1708
1729
1739
1740
1749
1767
1772
1776
1783
1784
1791
1810
1811
1830
1846
1855
1861
1878
1931
1956
1972
1979
1980
1982
1990
2011
2023
2046
2058
2059
2067
2098
2105
2122
2185
2200
2213
2222
2249
2294
2310
2336
2368
2405
2459
2469
2474
2508
2516
2531
2582
2592
2609
2709
2716
2796
2906
3005
3113
3167
3232
3284
3539
3571
3614
3619
3627
3640
3695
3697
3701
3704
3709
3730
3731
3739
3765
3781
3846
3861
3904
3920
3943
3951
3994
4005
4056
4150
4179
4180
4184
4188
4202
4206
4209
4222
4228
4237
4243
4256
4265
4287
4295
4317
4377
4564
4584
4617
4631
4641
4694
4702
4723
4739
4766
4770
4776
4779
4795
4797
4798
4800
4806
4807
4818
4836
4881
4891
4915
4939
4942
4969
4991
5021
5035
5052
5094
5200
5206
5208
5217
5218
5221
5227
5249
5271
5284
5288
5289
5299
5319
5322
5340
5360
5413
5418
5432
5442
5458
5469
5470
5527
5538
5541
5548
5550
5553
5586
5589
5655
5718
5751
5811
5838
5867
5912
5929
5935
5953
5994
6000
6007
6010
6012
6018
6022
6085
6086
6107
6113
6129
6136
6181
6282
6288
6289
6292
6295
6310
6312
6334
6368
6378
6384
6397
6430
6443
6444
6463
6465
6468
6493
6565
6587
6599
6616
6649
6663
6664
6665
6720
6735
6754
6776
6784
6793
6795
6796
6800
6808
6813
6832
6837
6838
6854
6862
6872
6873
6879
6885
6901
6916
6924
6930
6936
6946
6967
6995
6997
7020
7057
7063
7069
7074
7078
7084
7086
7108
7128
7167
7168
7255
7256
7384
7388
7391
7396
7428
7436
7440
7456
7473
7475
7482
7484
7505
7521
7545
7546
7557
7641
7646
7656
7657
7666
7676
7677
7689
7713
7734
7738
7762
7765
7769
7777
7792
7809
7814
7823
7889
7915
7918
7938
7946
7952
7962
7966
7975
8029
8049
8057
8067
8079
8094
8111
8113
8132
8147
8175
8187
8217
8226
8229
8232
8237
8261
8286
8295
8298
8303
8305
8347
8356
8361
8362
8402
8443
8464
8528
8584
8586
8587
8597
8617
8621
8664
8669
8670
8671
8673
8675
8696
8706
8708
8712
8716
8764
8785
8858
8868
8874
8892
8907
8920
8973
9027
9038
9040
9085
9091
9113
9114
9115
9117
9164
9180
9230
9233
9258
9267
9342
9388
9423
9469
9497
9571
9575
9584
9655
9785
9789
9824
9913
9915
9938
9944
9947
9949
9951
9965
9967
9970
10005
10032
10068
10072
10088
10117
10124
10137
10141
10145
10183
10258
10263
10265
10324
10402
10424
10444
10560
2054
10517
6399
4880
4591
2506
3391
7311
6541
7469
2789
587
1934
4654
3607
8752
2106
2589
8665
9955
3822
5755
7317
7381
2365
1157
2884
4009
2806
3043
3424
1693
6929
8829
5274
7364
9403
2980
9248
8559
9861
980
2824
8268
2018
316
10125
8297
254
9854
4919
6008
5460
5881
7718
1431
9020
4302
3530
6231
2499
2941
8501
21
2088
4636
1269
2238
9495
9011
9605
9103
5654
1409
2053
3933
9081
4335
7554
1429
9205
8259
2892
6317
3372
173
317
155
6199
6762
7257
2843
9609
3162
4096
2094
6749
1290
2147
1256
8971
6452
6706
767
7600
9249
10331
7357
4075
8884
3851
5019
6064
614
1301
2877
9287
10220
8253
3688
9014
5215
990
3425
7982
4586
1843
5525
2498
7037
4264
10298
2915
9693
4118
6258
3170
8332
8988
3333
7376
3898
7339
1611
5033
9286
5653
7833
7457
1087
10366
3061
10508
7268
4076
8482
2397
3018
10593
7335
8258
450
6502
3527
4297
5774
7236
1779
870
3843
6726
6262
9448
3169
5581
439
8454
1475
8112
9439
9198
5426
9371
193
2212
2933
4023
6684
1575
10419
7660
9500
3658
3404
4912
2440
9682
9551
6933
9729
7987
1601
10115
9840
6724
4501
9457
180
7486
1532
6055
1136
5658
6964
9597
1161
6082
7299
10071
7386
9252
3239
8849
10511
7095
3500
8189
7329
9002
10416
9780
8881
9986
7289
6083
7258
8899
1905
4987
4069
2527
3211
2867
3537
9932
9054
9257
3218
10458
564
10070
923
9657
7735
1782
7914
5720
1295
8151
7210
7234
318
6875
9738
3532
2537
8273
5423
280
1756
580
8824
3946
4637
3924
8413
7723
3366
1416
2056
3106
8852
7242
6320
5370
4533
10618
3256
5133
10027
3430
490
10559
2278
2574
10385
1662
8336
8064
737
2432
8815
9445
9705
3040
2166
8455
8028
2079
1505
111
5123
7176
7349
3077
8115
2159
5785
5500
7633
8414
1503
306
2677
6582
1633
935
7717
10651
3953
4759
8193
10120
7552
6218
7365
4679
3340
2795
273
3896
4727
1699
6331
5567
9028
8247
8110
6307
4288
6464
543
6438
9060
9095
2177
9323
5171
8201
2697
4260
784
2005
3145
1727
5204
7751
9663
9801
2237
2408
8294
10466
8779
3638
8901
2687
8531
7730
10116
7560
5129
2604
2082
7933
5071
6203
4803
7319
327
10044
3212
5883
4682
6896
5431
5055
4471
9927
8030
7252
1823
5902
6886
8576
1969
2894
5572
7149
9858
10004
3480
8856
9462
7848
8739
4083
10378
2205
1162
3777
1121
4875
5160
765
1203
4043
10503
2340
10156
3862
8348
3935
2092
9787
6119
5453
1396
7653
1384
9175
6062
2142
5636
6377
6948
7175
5441
1639
412
6889
7955
1224
745
4819
2252
6697
10540
5226
6405
1304
9654
8618
752
8396
3973
7618
3426
4177
7076
2533
1910
6318
8223
6076
9877
2866
6228
2536
9826
5050
8731
2916
4457
820
3528
3524
1557
8857
5155
3478
4472
10151
8377
6407
6480
7645
6279
8495
2041
8811
1488
7650
7507
8397
1318
1923
10276
8338
2638
7783
1171
8575
9369
3134
10505
5665
154
281
8516
325
3901
2423
4643
1253
5464
9505
4336
5965
7647
3442
2749
7442
8323
3158
8089
1273
9744
311
10001
7039
4623
2230
3116
8532
8756
4980
5897
2597
5140
4536
9404
9781
823
7460
6373
9206
686
184
4959
5801
6877
9417
7496
4902
10494
2505
6323
3198
3983
7696
3022
9749
9475
5172
6514
518
1270
6927
4016
8677
6354
9978
7222
3469
6568
10581
9383
7109
2743
649
10232
7459
5085
4938
3436
2607
3432
1217
5110
1407
10164
3588
1993
5692
2458
9745
4997
6340
33
1282
6558
9627
10323
10459
3966
7047
9556
4860
9110
355
7664
6801
9141
7826
10426
3260
328
901
2433
7729
1484
571
8240
2363
2665
5828
9188
5560
9709
73
989
2606
9008
5769
8183
6803
4125
8911
3625
9195
4422
1517
9
2861
4792
9526
4058
3979
4033
855
2926
9421
10204
6858
5298
7750
2590
2902
6202
3957
5815
9793
1071
9930
7253
6412
9134
4964
7501
3972
8773
502
3673
8552
9567
9679
7191
5014
9261
4585
1908
10061
6341
706
4712
2143
2061
6609
8126
2657
6294
6446
6532
7692
5235
8181
10143
5074
7452
9302
4993
8196
8936
9456
8486
4619
10206
3192
5279
7512
7158
7871
8313
6588
2907
7393
10020
2724
19
3399
7133
385
5522
5238
2821
5062
2652
10327
10578
5180
7930
437
9817
8918
10238
4284
3982
1024
4886
5807
947
6044
9290
8465
4138
2427
2811
2529
6026
2176
10547
2748
8668
6020
902
9794
1446
8831
6280
4144
3996
7049
10224
4117
2694
3727
5239
8096
3616
4098
9424
5128
6049
5913
4884
10084
6683
1714
3423
763
4624
3575
9237
7517
7468
2220
2706
8748
2807
6660
9777
9161
8566
5259
7447
7181
8427
4087
2672
5857
6092
7610
8723
660
6672
4064
3180
7604
3903
2939
9055
4061
2026
386
4667
5223
9957
5057
133
9025
6205
6436
172
6934
2102
8812
1376
8921
10480
1240
10091
3380
5306
4917
9345
4465
9920
8037
2841
3210
10346
1763
9202
9521
2439
7390
3224
8841
6701
3289
1211
10534
3079
468
2156
3044
6728
5415
5120
9662
5603
1992
4253
9636
5846
4592
6608
5976
5257
8058
4752
9702
6940
5424
1023
7379
3525
1328
8440
4985
9734
3756
3111
4653
1153
5539
6962
9326
3190
8176
3450
7764
8526
7571
9061
1352
1890
2528
8965
9674
3890
3694
4304
6882
5452
4813
10535
10242
9710
1333
2051
2977
5327
9544
7562
290
8265
3002
865
5968
6758
5399
9631
9255
2793
9771
7828
3894
10382
5977
5509
6839
6647
2788
1156
5060
7842
7710
4700
7254
6185
9168
8591
9642
3370
10438
1044
9264
2253
7251
5861
0
8274
4240
1999
3062
8745
8793
2838
10247
4697
8248
7972
9120
2173
4030
4275
6490
7315
10626
7239
2736
9251
3464
6343
7912
10053
4002
7064
9352
5174
3021
6346
5008
2422
3864
321
6213
948
8770
3589
2411
7573
5037
9311
7616
3441
8390
2226
249
1621
1812
5300
2780
9032
5629
8024
8301
3519
8548
9325
5354
3161
8893
8340
4121
9818
433
3364
7524
265
8574
4601
3820
7884
5307
2438
4052
5788
5185
8211
8190
4853
654
5808
8077
5657
679
169
9718
4161
10363
4839
5466
7262
6887
967
7520
9953
8813
5497
5763
7943
1491
4543
8288
5011
9747
2534
4934
7909
8278
10174
5691
8364
1013
4740
7979
1022
4845
1674
3698
6226
6322
293
10370
5872
8018
3736
10564
6208
3263
3396
6237
1568
9192
8409
7736
5812
10184
7371
1919
2299
5201
9386
3947
1868
8406
5967
3829
5605
3080
9478
785
4136
3925
10659
6563
8002
10016
3026
3813
3641
3157
10422
3463
1324
1457
3551
3564
8141
9263
7756
10477
10311
8855
7602
3841
3412
2386
6417
10572
756
1579
3010
6455
2951
3322
10392
1507
534
9127
8242
1940
7118
6606
2640
3863
3991
4478
9499
8054
5804
8836
7582
9952
6690
8103
10537
840
8797
6351
4213
8754
3817
3945
2337
8075
8264
4856
9772
6483
9169
10600
3176
9726
699
8445
2920
797
851
4131
7410
4
9063
2014
7358
10570
922
7942
5833
7967
8972
6817
8337
1190
9735
9987
1033
2233
4051
8573
9278
3520
8394
5276
4675
10638
8830
2634
7353
3753
10579
2126
10163
5468
557
10299
8097
2910
1113
6439
8959
6352
1757
6058
10215
4920
5165
1880
6952
1511
3978
9819
4660
5084
1428
4000
10375
7424
2456
9314
8008
8280
10191
1668
10439
6099
958
5851
10043
878
4973
7248
2602
3954
4155
1731
6520
2919
6148
1883
2660
7313
3815
925
2755
10633
9243
3437
7720
2134
8035
7639
1464
3417
1938
858
3818
3199
6635
3699
4751
244
9919
1800
9692
3895
2759
2918
9208
3831
3692
1147
7818
4689
230
9209
2312
4262
1104
10339
124
7549
7860
10423
10159
5430
4961
7654
232
6088
6752
9003
2160
4321
10630
9558
3807
8082
3017
5800
10334
2353
811
4645
8802
8498
10017
7829
5459
10040
2384
7308
7793
2701
9443
80
1864
6748
7375
10519
3902
358
1766
4816
3733
7201
7550
9870
389
6736
2578
6756
6147
8134
422
10641
2135
626
6890
1305
10510
5161
8423
2983
7023
8771
4383
5491
9935
3197
942
8250
4696
9612
1332
2995
5832
10395
7106
4879
5667
6548
10106
4372
7060
6957
3023
2164
4606
9316
3014
7044
9304
3572
5659
3020
5614
10409
7741
2360
5634
2629
5252
5496
2831
7113
10310
9147
5087
632
4703
5101
5375
9573
7046
1251
9135
1354
6065
8379
5232
6688
1885
7351
1867
219
9000
4833
9057
6619
8023
1120
9620
8022
5772
3859
1824
3187
6451
7615
5638
6687
7476
8622
7626
6797
3328
9696
10619
7430
3281
2077
879
5178
6904
9191
668
6170
2030
4108
201
6639
6912
703
9560
5630
2157
6950
10322
2779
9542
3472
4570
4425
893
5488
2781
6212
5919
9151
8937
3871
1723
3301
2520
860
1123
746
8056
9972
3907
10307
6976
9632
1135
4273
1175
7904
1045
2449
9296
4120
7951
4558
3799
1631
7199
3384
7008
8873
6856
7302
5710
2649
3976
161
142
6488
9176
10523
7561
8585
4542
5267
5234
6219
3223
2768
5100
1280
4604
8839
7346
2003
2306
6867
9034
6602
294
9896
10548
7919
9958
8307
9598
8195
3838
3139
5032
4515
10492
8929
10351
5209
1097
3353
810
2150
4552
231
10596
8466
9347
4656
1493
268
8517
3850
9624
3881
6530
8607
9812
9740
2296
5211
6168
4576
6381
5687
4627
4503
6477
4630
6524
2487
3207
9283
683
9410
4958
32
307
6523
10214
3174
4380
5390
503
2521
6865
2333
9225
8085
576
8275
10273
536
9193
9470
1234
4347
6227
5070
2865
4517
2667
1911
6236
3119
5583
7421
6708
5440
9150
1469
6023
5385
3653
2573
2152
5010
4054
5312
3280
7540
1000
2273
5505
8216
8750
2012
10397
1435
1088
10483
3183
10636
3879
3142
10442
3149
7685
3869
4870
4595
8672
3253
44
178
1701
529
6507
8345
5893
199
9669
4705
6878
10435
6375
7190
4028
3254
6704
2016
4444
3003
671
5725
2201
441
5295
9678
2642
4469
5860
166
10123
10562
8994
417
3867
6895
8727
3359
2321
1744
3800
3560
8460
10047
2943
10592
2563
8645
9733
5450
2832
4025
3248
6327
3802
973
415
2274
1018
5723
2257
4580
720
2140
8485
4134
10301
1945
6434
6655
8730
1255
5096
4399
5616
6561
6316
6386
7585
5483
5230
10355
10237
10173
6589
6190
8996
7840
7849
5088
578
7509
6540
9007
583
8637
9122
5240
3970
8235
4793
719
10488
9788
4914
4041
5716
1803
7304
10608
6081
1778
4040
7293
3115
2320
9046
6285
8623
465
7770
6883
9058
6982
10590
4404
6421
4093
5939
9590
1146
757
9802
4876
234
2182
3609
3258
9653
10368
6814
9310
9414
8177
3782
1970
8821
8456
338
4366
4699
6691
2380
1102
5435
3188
8452
4402
2644
2203
1751
2937
6678
6746
9247
4126
9752
5895
8555
8978
1711
9340
2339
4622
867
4026
4034
1710
7737
9825
2856
2816
4481
5508
5996
7924
2204
7847
9890
6418
6973
6659
4089
7526
5891
6485
7382
5463
3958
404
3668
8504
414
6892
665
6604
4183
8595
9934
7075
883
10665
846
1288
3710
2186
4394
5484
2385
1770
531
1344
8954
1246
6510
5316
1007
418
4965
2504
684
10658
7028
3561
2322
3510
5911
8469
5674
1462
2998
10340
2190
8148
5501
8204
8038
2435
4548
6492
1752
405
965
9393
2362
4078
6376
1998
7461
7629
5677
6414
2124
4814
5930
6073
2790
2965
4460
10038
3666
10012
6241
8459
5660
4129
1715
7806
10427
2830
31
2708
2514
8040
6944
8308
698
9936
4055
4354
6922
5083
7623
1849
7183
4556
3242
4808
5480
749
6845
1347
8009
3135
5612
7712
6103
7662
3955
2217
7994
7908
6259
8705
5341
9384
6830
324
8439
2109
1838
1946
213
6482
1159
2818
6156
2786
8714
3486
5530
5719
3601
6260
9221
8612
523
7414
5749
4250
7508
1402
7544
5652
5283
8220
6363
6553
6625
10374
5786
4101
5988
8620
1746
7798
2632
5822
2666
3826
6300
4369
4724
9576
723
8663
9501
278
1325
2379
3751
7568
2896
3165
2291
9224
1994
8638
4868
7355
10187
7188
10475
9728
482
25
2524
4246
7441
2178
1836
2197
4532
1794
8315
7522
8451
4846
7961
2149
426
10289
9969
6068
3504
3140
9471
8355
10305
5352
5091
8538
5761
852
10360
6725
9774
1835
5744
9875
909
2234
5528
9098
9727
2922
4615
8165
1961
115
1689
1866
8525
7983
7147
4540
4178
1551
8511
888
8477
6984
10046
7631
2844
5117
5558
9507
4844
3942
5942
2946
4004
9637
1537
34
1807
5973
5868
9358
10318
3744
2500
1793
6110
3439
5373
8070
5474
4855
7145
2138
8388
1971
1038
1356
3155
10629
6043
5012
5380
7249
8916
1592
6183
4896
5917
6579
4518
5803
4775
2091
5177
5646
1725
7363
1083
4632
7655
5998
5519
2669
10186
2202
6633
10530
1827
7910
7261
4754
9606
8844
3193
3067
9214
7675
8319
4649
2714
119
3296
6955
6196
8963
9942
10194
1118
5632
5678
9238
9532
3941
9853
1252
479
3006
5903
5000
10411
8900
4577
8952
2739
8998
5960
955
10217
6742
9545
5081
10085
4353
759
9343
4710
4567
5264
642
9035
7093
7397
8224
3557
9487
9984
10052
5412
7667
8234
3960
1272
3734
9968
4413
6067
8847
4519
5356
8289
8970
7342
8923
5950
6818
884
5004
2605
1312
4485
1470
2246
10007
3849
7077
483
9821
5131
8790
3024
928
6915
2496
2773
3069
1397
5066
7123
4219
5241
7583
9363
5321
3078
1392
4158
9306
2144
3257
7089
1599
6242
7547
6329
5879
4571
2180
8817
2209
378
2564
2477
6079
1684
3271
7695
9328
4674
9359
4882
3367
176
3980
5889
2593
3663
9387
3618
8116
9254
7897
1681
3476
7703
7977
802
4280
9289
2772
1335
438
4998
5028
8207
1057
1863
5098
4135
6958
2928
906
2187
4963
3923
8702
739
5361
3757
9381
10434
8883
9889
10135
5448
7574
5738
9197
3225
2194
4763
10316
8609
8010
3286
4628
5381
10211
1816
3949
8726
5820
10504
7004
1939
8311
9420
5834
8484
9299
6844
494
5481
5524
7195
2429
4805
8510
9313
10113
1116
5661
2698
2224
4735
3054
9171
6891
9761
6525
8640
2782
2189
9031
6362
6884
7295
5721
4587
8245
3130
9047
6394
6503
6175
9066
4581
7721
4826
8012
2635
1759
7193
2453
3332
3205
6174
8375
7310
2071
9119
3905
9581
8241
2641
6315
3141
7760
7136
7497
1105
9222
2670
8782
5398
2618
828
3056
2358
10057
1875
6517
3549
5247
4352
2445
18
1647
1887
9184
1777
8547
5982
2673
3350
8331
6369
1427
9493
3344
4575
9474
595
2720
636
1169
6431
6819
2454
8429
9312
6621
2361
2549
8270
1065
1837
245
6981
3163
6487
9618
2581
8940
4408
6654
4014
2027
3517
4299
647
2039
7177
7988
1695
7401
2391
2471
10249
9200
10252
9516
1401
4159
10317
5043
2753
8614
9827
1799
4885
1850
9101
6134
7301
8513
5476
4707
5888
4927
4007
4612
416
8786
10622
2426
9778
5756
9041
380
7323
3123
3615
9517
10199
5078
7081
5392
4650
6559
1702
5855
9614
7027
3853
3173
8328
8450
6652
4662
6466
3097
1968
3910
617
4774
4446
9240
2949
6601
396
727
3647
1257
2827
2741
5892
9226
3445
10269
3091
6645
6863
7404
4357
7553
1553
5791
8777
943
8897
7243
1414
3262
8318
1656
4989
1874
6045
9596
7045
6389
10119
4088
2908
3246
9490
970
6611
8807
7373
10198
3413
4149
10255
3051
7172
6571
6721
7576
8736
7694
7971
9017
1093
8087
2300
2813
10587
5462
4864
9535
6778
3446
5690
2251
9559
5164
6474
7389
13
3741
5766
9109
2688
8997
9547
10464
7598
3758
3705
4022
7062
4736
8580
2063
861
4373
4395
141
10460
6913
9831
7292
4436
7752
4799
6506
10652
10253
4913
5970
9405
9106
553
561
2314
1514
8987
9712
2031
8760
9216
8975
10467
3775
1789
9418
9664
4865
1587
4883
5621
7592
5001
6359
3462
221
1056
3913
3418
7225
2625
8065
4238
8438
5270
5219
4992
550
5304
4683
4862
333
8520
4651
3501
5557
6917
1758
5465
3154
6596
2557
7269
7014
4365
7801
8490
7634
6256
7624
9019
5983
6416
8624
5382
7772
4175
9108
9318
3144
7595
2231
2815
808
697
9601
2392
3580
4167
2287
3073
1029
4483
2338
9280
4079
5780
8611
2913
6057
2725
135
5328
6880
9320
10244
4156
10398
371
5992
2371
1180
3771
4307
9438
5611
8164
972
3582
10078
3137
5313
354
2685
5293
7799
7644
4506
8715
8774
6841
2369
8744
2959
11
9867
4562
2121
4999
6661
3481
6249
674
5848
8803
7671
3027
6163
8474
880
615
6429
2769
1795
5671
10302
4412
8902
4834
7318
5750
10196
6313
2062
736
7566
4851
390
5166
1362
9816
2535
3159
1747
8171
3914
10306
5253
10549
3676
5079
391
751
6460
5731
7744
3128
10497
6370
3819
2100
5806
6104
1750
4312
7196
8138
9638
8160
3400
3032
8004
646
6296
5708
6167
2329
4418
4729
5647
8350
3318
4537
9940
1967
8246
2737
3888
8480
7221
1495
8380
10090
2032
9189
4692
9305
3636
3702
10236
1898
7939
8828
892
1176
3754
2225
160
8563
6266
1046
3470
4445
7139
6302
9797
20
5427
8707
8550
4315
1768
8854
7533
5969
3085
277
5236
2245
3858
669
3337
10019
3336
10565
1780
6090
10356
7110
9428
5489
2655
9647
2572
8981
9917
3987
5285
3461
8159
5487
726
5515
1623
3493
5368
8943
2118
9395
1989
8109
7454
3546
9121
5943
6074
3306
3474
8533
6330
4367
9656
1178
7784
6332
2948
8255
9999
3147
7058
9541
8123
8302
9477
8877
4094
2444
2576
8256
9037
7740
3795
2270
6140
7019
511
464
9514
7217
1821
6935
2663
5886
6750
3725
8062
3830
10035
9077
805
4102
4424
10453
3238
1530
2839
1826
4932
9173
10393
9698
2791
4888
6122
585
4249
7748
9463
4817
6365
6732
7819
6825
2264
3992
4924
5513
5523
8389
5287
9996
6834
5854
3824
1719
8393
8239
4981
2974
7516
4414
4550
1285
8718
2785
4835
9891
2883
7812
5946
8652
8984
8799
5584
7107
10490
2927
773
6176
4975
275
2647
9406
5512
3608
3277
5713
8169
9869
3868
5243
7998
10515
480
2412
9385
7294
9155
3124
1086
5073
10294
7888
10167
8577
2734
2829
680
5770
1276
9980
912
3166
714
3112
1805
2004
2742
4967
5141
4555
709
2712
5579
7273
10542
3245
3637
9565
9167
4684
4449
7245
7627
5406
556
7637
9062
6159
2763
2925
8366
1984
4018
9871
3346
8565
5743
8376
3398
1436
7144
2254
5736
4676
10286
288
1403
96
9270
807
3046
2871
7372
5625
3029
6968
6246
5529
3968
6356
6712
5363
10226
661
4995
6585
1437
4820
10015
4589
5254
4534
4733
6013
9217
8557
5555
5543
6111
8395
8810
5059
4039
6689
8036
1937
9982
3095
4322
3385
2199
6573
3483
6195
1918
3408
1733
4512
6700
9094
7231
9360
7531
3543
5436
1400
4148
8613
2370
3772
8913
9083
5693
2840
9755
10314
5644
1026
10544
2985
4657
5849
2900
9506
9765
6230
1682
4831
6518
521
10147
2470
9813
6821
5754
8833
2656
6908
10157
7260
3264
6143
5461
2899
5072
6768
9402
8200
4841
7578
8721
7024
624
4442
8372
735
5905
3566
3458
5017
10613
5847
3435
9056
8142
3495
5136
5105
8843
4874
7116
6269
6753
5537
7226
299
512
9798
3707
10218
7194
10259
5959
2784
5601
6614
8471
4123
8845
4852
6945
4960
2325
2630
5580
2518
5472
2048
9549
8922
3889
8935
4970
2570
4252
10575
5631
3421
2029
9153
5566
8050
9232
4782
8339
1117
10623
300
2331
10556
210
9004
9855
4024
890
274
6572
9441
1977
4715
1913
682
1954
4045
3985
2317
9491
3081
1366
2282
2568
10267
9961
331
3226
10654
6992
9809
10383
2179
4669
6881
2553
2783
3266
8233
8914
9053
2622
10066
8686
2146
4809
2414
8252
3456
2957
6413
9396
7548
9939
6953
8090
1298
9887
8725
1862
10315
4742
2554
7491
2373
1382
7361
8515
7794
2617
4387
822
871
9512
8431
994
3208
3489
6643
4316
8483
7179
8034
10595
3997
1604
2467
10045
1110
2494
3723
7232
3832
1238
3299
6379
4646
7174
7719
7611
4789
8842
2683
6846
7322
346
9909
515
6919
1734
8598
8066
9671
5695
9137
3691
3482
2390
3096
2482
5989
410
3648
10476
4539
2396
3989
7590
8225
5758
1073
9848
10023
7791
2075
7138
6277
4940
9107
5628
712
10401
1765
9795
2510
2775
605
10062
2037
4461
6127
7493
8636
6335
5599
7502
4671
4459
1051
5335
9097
5336
2289
1917
2762
8642
10607
4760
8369
9546
4944
1686
4176
9461
2555
2713
1798
1129
7096
3928
2934
5044
5367
8605
7978
436
976
6731
10431
5477
3228
1704
6966
2648
2389
5
10260
7913
3628
4397
2163
9899
2758
8329
9574
4544
1605
6682
8695
5108
6965
8100
5400
10487
8154
10552
8505
8654
5578
401
1258
8692
3443
9971
3624
4285
2879
4848
10161
6347
2104
1128
3015
1619
8808
1926
1585
6874
2509
3639
7001
7726
1300
5962
7233
4508
9211
7697
8835
5220
9811
8755
8385
6673
9050
2973
3164
189
5675
5696
4549
1468
7111
4200
7094
8357
1140
4426
6131
7413
8214
2588
4334
1675
651
3325
10455
3810
10516
5627
6150
574
9285
9776
6108
6674
3363
9382
3812
5333
5255
9354
3584
1070
4314
7864
7471
2045
7613
8898
10107
2664
4574
9023
10406
2519
3610
7285
4685
8934
10073
6543
1922
10602
10278
1152
6198
2268
4634
1673
581
7709
7205
9453
3533
3961
10030
1453
2342
2558
322
596
2847
6636
6857
6238
10201
8657
4491
2020
2244
7306
8401
3612
728
2028
7114
6216
5302
4406
6401
9437
3030
8689
5876
9892
4021
10054
1814
3251
2167
10436
3496
3591
67
10461
10574
9112
9498
2335
6562
9883
1154
4141
344
2407
10022
1829
3392
4509
2490
10093
7901
9773
526
9489
9929
393
10640
1801
5281
9416
936
10625
9300
8291
6303
1852
2272
2614
8537
7029
170
2242
9807
4363
411
6220
729
6710
6738
8045
4741
3206
5952
7907
7343
8019
10227
10170
5859
2704
10429
2613
2909
3327
2778
10103
194
2168
5648
9525
272
3209
864
497
5790
9378
8015
2260
8966
2240
4949
2316
8529
3184
10295
6179
5878
5880
9724
1618
247
2070
7352
7542
8564
1886
4308
4828
4979
10288
3104
2972
2466
1486
5978
597
7170
9279
4977
6809
2801
538
10642
4042
8863
8052
10108
2184
7213
10598
904
8740
7143
8610
3678
2600
934
1404
459
5229
10558
7216
9274
8419
10557
8680
9442
1268
222
4784
7896
8185
4475
6411
10577
4701
5151
6040
1900
5819
9260
5640
428
5955
5940
10594
6954
3422
5706
2792
4257
424
10533
5734
3250
10567
2569
5882
4266
6209
5927
5759
10274
6297
5187
4489
2013
3175
4613
2797
3534
9775
9719
5475
27
339
7235
5286
9006
9129
5641
1213
2616
2873
3120
7085
8437
1398
3160
6766
5007
4100
7504
6206
8540
10628
9737
6593
1649
9174
4984
8862
10417
4908
1567
672
1260
10094
9634
782
3168
7369
1243
8925
2326
8798
8985
4309
5884
9335
10661
9658
8086
1508
7160
7487
10060
10521
9750
10328
8453
3679
9194
7981
6321
9531
6489
627
4608
9885
5559
3712
1204
1635
9234
9467
6591
1927
2636
10231
1539
5748
10203
3803
1692
9259
10008
9353
5845
7875
2276
9373
4057
10390
3379
4081
9990
2800
7984
5707
8317
6428
8386
4773
8631
7670
4620
5727
4231
3150
1355
3860
8300
5787
4899
1064
2639
10140
5142
9954
10614
240
1760
4463
8581
9089
740
3292
3932
10573
2970
3583
10077
2256
1943
8518
7101
1775
5159
2898
6324
8554
6305
9075
6505
5615
5425
4648
9048
6977
8374
10405
9529
343
8197
7902
5840
9435
7474
5764
1150
3244
330
1720
10129
10637
4294
5871
10002
10213
10538
3313
3072
1043
2072
6177
754
6722
1882
6470
1134
1222
8281
8095
2863
687
9070
4750
10471
2034
7446
7728
6987
4095
6472
9799
9625
2891
5068
8491
7276
4495
8043
4467
10254
3962
3790
6969
2971
964
5740
8667
9408
607
1196
8488
4974
8243
3498
7538
8958
8349
5146
1808
4160
8137
6693
10512
10539
4384
1012
1985
4020
6840
7198
2728
6551
3270
9725
2424
1100
3718
4647
6620
2303
3451
8909
3118
2929
8228
547
8888
7067
8266
5492
6125
3547
10643
9864
7477
4504
185
3865
8384
6711
3503
3839
10666
6286
6328
2878
3745
1296
8411
4145
845
2924
8284
3342
2812
9356
4714
7083
8776
3279
1718
8541
721
7601
2543
2450
2889
7127
9714
3971
8108
3940
2544
6126
8979
8435
6025
4529
6723
6072
5711
8158
6193
469
2430
4239
6653
5900
6194
974
2517
9804
5870
9333
7589
3834
9511
2215
1912
475
4407
1540
7340
3934
4153
10655
4892
8048
6985
8236
8153
1028
3749
6519
6578
2886
9842
1034
3769
1958
997
711
6637
9849
2584
5697
7230
3780
987
3944
841
4272
1425
1237
9043
5207
9488
1709
5843
8870
7328
10096
9956
3338
5735
8081
7013
758
10353
5401
3213
621
4281
7119
209
5799
2211
10586
3354
4168
5574
4937
9013
2155
6938
6713
6569
9374
5593
3341
4931
7687
10290
3093
10312
5473
4210
7500
8522
1198
7422
9587
4541
5914
10239
264
2960
2241
5182
2956
3287
9158
7608
4561
4603
14
573
41
590
4113
7105
1075
6077
2247
206
470
9522
4863
8678
10616
10079
8262
4962
9481
5717
7606
5311
4350
9154
7485
9118
2151
6869
5910
5656
2560
798
8051
1538
8568
3194
7926
4119
4994
3880
3013
7212
8170
7742
7092
3196
1962
4716
332
3541
5954
9857
2355
10297
4340
9699
2346
6264
1223
7878
4318
7855
2101
388
6342
2932
9757
10326
2083
3804
6545
8321
3665
1454
1127
3186
1986
8114
10049
10
217
9479
9838
5416
7405
8027
4326
7642
2188
813
6491
3649
4767
8562
3303
1876
3909
2110
1818
4909
9766
473
10386
8368
8982
5386
1761
8509
7270
7135
10018
9172
1461
10308
9979
6137
6034
9429
2503
5775
9334
6447
6521
582
2964
4757
9810
2760
5606
5622
2897
10222
7974
5737
9072
6822
6403
2835
10127
4791
8104
9146
8358
3312
10407
5633
4877
3761
2599
7865
8816
2612
398
7706
8818
2457
4386
496
1006
7066
1460
9105
10178
5009
8458
3887
4947
460
7267
1629
2348
3405
9884
6235
6584
3311
3494
3827
4487
1066
5932
8904
2223
10631
5433
2123
7837
3052
2994
10498
6515
4116
8753
6581
7407
8647
7409
3282
3514
4217
10372
5600
5837
9684
1700
8494
6345
9399
7431
9829
9992
4878
5099
1343
5809
1891
9104
2275
5156
4186
7287
8120
4903
2489
10597
8951
10158
4269
9099
5250
3274
5906
8287
3065
1634
8908
8683
8309
4133
8166
1589
8143
9246
1209
3352
1227
7513
4328
3523
1614
8747
5526
2646
8417
6972
1523
7892
8013
236
10050
1030
2481
1936
9830
10114
8628
9065
4894
197
6910
4391
4554
4130
2930
8125
7151
4342
3310
2318
2387
9676
10292
549
6605
5609
905
3189
3755
1323
10384
7990
8481
3108
6719
10352
7970
9562
1987
7332
1688
6283
3938
7324
2284
9398
3294
5119
6243
7905
6221
7835
9503
4146
3259
7845
3431
1122
9415
2117
10421
8467
5346
3449
10553
3542
6337
5045
695
9528
6456
9649
2680
1854
2628
2967
10469
1651
8879
1015
9922
9419
8061
1452
4904
939
7186
5556
7300
7344
2874
501
2090
5369
1574
7594
5376
2263
8059
2301
4677
8512
2413
8167
6504
577
1467
2603
2746
1591
5664
10102
2271
6686
1679
7000
8140
2359
2917
3521
9665
3986
8299
6360
10180
10489
2947
9753
824
7743
3235
10275
7556
7997
7419
542
7838
4664
10139
2428
9045
348
6469
8691
9993
10197
5379
10168
6694
5873
817
750
9835
8834
10635
9276
7266
5875
10525
6513
4866
457
10485
7206
6812
4688
6595
5688
2623
2279
2976
10105
3836
5308
2376
10126
10122
2103
8530
4771
1408
5991
10639
8069
9245
2473
7899
1340
954
7141
5314
8360
2721
7820
8949
6353
6207
8928
10104
8876
9355
4768
8213
2542
1796
4191
5245
4625
2938
2756
2853
3042
10588
3743
9593
6154
7563
5069
3729
5920
2113
1951
3848
7844
3001
6575
7700
1480
8447
9458
8341
5824
1459
10228
6974
9661
2232
2218
1577
9945
4823
4092
6556
3320
3587
8728
8098
2596
10283
4164
10193
4303
3217
4988
8825
5874
3126
8599
1640
10083
4259
345
1534
5728
1856
6495
10617
5990
7925
1615
930
748
7215
10624
7489
3479
2170
643
9796
6304
269
313
5703
2562
10177
5387
6577
5698
8032
3273
6141
4745
8661
2060
6240
1448
1368
10502
4490
7937
3959
456
1042
4480
9239
8444
2764
9376
2668
2996
8961
7003
5745
8738
9149
527
6124
10146
368
6035
10216
9741
5685
7247
372
2437
4371
570
7931
2615
9431
6564
3585
2035
1542
8496
1068
4672
3389
2962
5149
5922
8080
9672
6453
5025
8463
753
4711
7152
6301
2139
2364
625
2571
258
9449
1948
848
4858
8263
2171
10380
3265
770
3552
9029
212
730
8203
1960
6128
8729
3053
6539
5095
5899
4956
2848
9527
761
1745
6166
1383
2195
4356
303
5921
4709
3558
10452
10235
1074
3356
9199
4070
421
4291
693
1473
3559
3215
2512
2236
6278
7132
8003
6031
4686
341
1638
3335
205
3622
4196
7131
3302
7347
8219
6642
2515
3515
237
7649
8659
831
1663
7274
3178
1533
8174
1655
6398
51
1303
319
10606
427
3438
8964
3535
6676
5588
4062
2587
8955
2579
2905
6990
6986
9330
5076
4235
5444
1738
7698
7350
9910
2854
4230
5310
7682
9580
4945
5604
10233
931
2936
9361
1712
10160
8063
9722
8539
3544
6326
4400
7559
10154
4929
9577
10563
8713
3586
10069
9250
6729
8353
7754
4498
4843
8117
4432
3784
9100
5374
5173
2447
9329
4105
6032
8603
7603
10024
3732
2705
5747
6101
7821
662
270
6100
9880
3298
8582
1193
6843
7036
9322
1895
5364
696
9177
8886
9806
8837
5041
4560
1519
1476
3778
950
9873
5739
5124
7825
918
6357
839
2089
8071
10568
8449
4035
9364
2846
4378
9839
2999
2381
6284
4091
2810
2460
7042
4629
7815
3008
1769
10165
3371
8470
2191
9071
3201
7834
6422
9166
9928
4462
2855
7481
1813
10649
9484
7957
9508
8503
9666
3035
6048
7811
3383
9895
6253
9482
2984
10433
3805
9805
2750
2038
2912
5923
6770
5666
677
2804
1612
3339
584
9751
4953
3565
5152
5482
4607
6956
4730
6650
3237
2402
3047
8293
5396
1359
5610
1311
8950
369
7264
9513
3110
2181
2033
10357
1229
560
5031
5733
7986
5455
2987
8514
4006
5309
601
5672
2692
2923
5594
8990
4788
3623
7288
9701
8746
7817
5639
8688
373
7796
4151
1293
267
4254
10225
670
10499
6767
7619
2723
4605
6254
2637
4553
10443
3041
2805
3621
2255
6165
6214
5339
8102
7348
8601
4115
3220
3874
7082
10051
4065
104
6186
2021
640
6692
6899
6024
5329
1792
4922
913
1247
314
9569
10234
500
5168
5265
9394
10663
6850
1020
4453
2043
5562
4423
6275
7140
1576
253
7134
3269
5947
7906
10667
951
8497
5231
8957
4392
284
1554
10086
4468
9851
3059
5176
5125
379
3512
10166
9881
8991
2261
2674
1092
6112
1059
241
608
1889
9617
5303
3114
3883
447
9510
5673
9073
6078
8031
10410
7050
2308
3075
6849
6560
8199
10620
3956
6400
7326
7832
10369
9981
3347
3917
7204
3471
5023
4104
10349
2559
7040
9440
4488
4358
4523
2556
1168
5877
5637
1955
174
5086
10264
4050
283
2650
6497
3878
659
9183
4746
10034
10457
10205
4496
3796
8682
2132
5934
9426
89
7211
5137
3414
8741
9494
3593
3129
10448
8230
9472
866
3012
3674
5198
326
6164
4066
8717
10279
10000
8000
7228
5928
907
7035
6576
4454
349
9860
7673
4452
7551
5507
10175
9227
10347
3964
8155
2375
10128
9988
8472
3420
6021
2530
2522
7681
2239
4499
9207
1231
6388
10634
8826
3219
7622
8630
5805
3773
6868
1496
2732
1525
8304
5092
2872
7836
2488
10555
2111
4811
5916
1266
9332
4097
3984
4001
2267
10243
5494
9005
8851
362
9635
5676
3687
4409
2754
2162
1822
9446
4267
2047
10111
5422
8157
7535
10664
4031
3084
2446
9160
7219
7415
3635
9720
5383
6367
9822
4325
3089
3652
3590
3361
3121
9623
1080
10501
10097
4214
9703
220
6432
1218
6139
3349
366
6554
9645
6273
8974
6741
3146
1949
4329
4364
9602
7920
10507
908
2114
1932
6971
5244
9600
1920
2586
1950
8791
10130
5443
5344
7643
3105
2332
5949
666
3103
2401
1465
9626
4348
10250
6180
207
360
4017
10251
4198
3290
4510
6623
2744
8162
6594
6613
2643
2834
1909
6900
2154
932
2730
4957
4268
3696
4633
1683
3670
7354
9509
5975
4639
8391
8633
9228
3835
10270
8422
6311
2882
4718
10527
5689
8890
7334
4171
2707
10014
4765
3288
8202
7237
4112
7130
3706
7220
10376
9578
5026
9459
7704
7478
2302
8732
5305
16
1423
9130
8796
1364
9905
2954
7529
2443
4341
2153
4597
9451
4420
5540
3011
5029
2042
8363
5127
4464
6626
4381
3742
7438
4187
5122
9937
7416
4090
6255
1286
10479
6983
8545
9520
2767
1472
4744
7435
10271
4906
4838
2431
9430
5015
7683
6392
4569
4514
5051
3357
9295
2904
7374
2541
9492
5830
3680
7370
6210
4393
10456
6648
889
9763
618
8924
5077
6658
6217
4665
2119
4470
5277
1089
6339
3393
5134
2837
7857
1545
891
364
1381
3885
1139
7010
4652
6644
6788
4370
9092
431
3737
8316
5569
3642
3401
6314
10601
2417
4693
4046
2740
9131
10571
6859
9519
5669
1717
3844
10082
6597
9269
3922
6632
8407
2491
8865
10013
1406
7921
5686
5552
4379
8399
10420
5626
1672
1995
10112
7377
5013
6042
863
10446
9731
187
2350
6293
2087
6680
1145
5107
7026
3314
2751
1666
10134
7284
4194
255
971
6734
3487
5104
9219
61
2953
8210
8146
4355
10387
6757
7279
4505
3039
10408
9878
4124
2850
6387
4721
5864
4695
7065
2836
8875
6586
1974
5082
3651
5986
6135
4458
1001
4427
2259
8436
1624
10098
4128
1569
1983
7954
2935
10644
3094
5251
3882
376
4482
4403
2507
3574
4951
1235
10414
3191
6234
6075
5866
7805
6842
5248
10591
5439
8986
9659
10245
4339
7991
350
6607
9966
4086
6657
771
3125
10543
2703
7963
8765
3748
10202
1421
7021
3643
9717
3305
370
2715
6132
6244
5635
9051
4520
7841
224
2765
5326
1430
3
4106
1573
9144
4376
710
3645
1426
10412
3511
9370
559
24
8629
5841
6727
7159
1250
6681
6699
4085
586
9916
238
1929
4521
10336
9732
2752
1063
2394
5839
419
10611
1658
4738
9093
4726
3345
7746
9769
1443
2130
8257
10042
1845
7420
7246
10330
10025
3415
5411
9901
5118
5936
5065
2955
10039
9365
4572
8780
3484
9271
2682
5979
6066
3433
8787
8106
2551
4448
6888
1610
9888
7345
3382
8859
9926
4527
1521
7214
5485
7570
3291
1809
9536
1509
3656
3842
4405
3156
1263
6716
1773
4433
2250
6319
6928
5570
2577
1370
1489
5987
7156
4375
7614
9368
591
3090
6093
9639
10404
1888
5148
1501
1871
6534
10361
4642
5350
5197
2419
3230
635
6918
4923
8724
6975
3057
9995
1879
5391
1202
1831
3058
3204
6130
4602
6998
8593
4668
8930
3595
7690
3918
4596
6798
10325
7839
4971
6640
705
1233
10500
9186
10089
6173
7395
3578
7307
5323
7976
5434
6276
9468
4174
7543
4832
3505
2462
361
2382
2532
7184
10584
7996
8215
6425
7479
8478
8602
9026
2266
8700
9723
2074
854
2057
2015
6036
514
489
6698
9524
4139
3177
4447
3181
37
10377
5802
10179
6646
7620
2761
10182
2050
4201
3845
8666
6580
9608
1132
3152
1148
1016
733
4204
1625
8441
9783
3915
10541
1735
5898
7402
2128
6537
533
233
3409
7208
6029
5224
3334
2825
7362
5662
5189
5479
1518
8424
2378
5018
1463
6617
8980
1164
6638
4713
6685
3562
2172
9067
10432
6811
10185
5607
6039
4982
8296
7126
1330
6027
4439
6866
9009
836
9681
1319
1636
2019
6790
7593
812
10099
7903
359
3823
558
147
1386
3358
2575
4438
731
6959
2145
9856
10474
6479
3365
7120
9607
7714
6229
8001
1869
7663
2400
2193
6281
9711
6427
7164
6247
3606
9196
2096
4012
9803
9380
9337
5275
5551
9185
7790
8814
6544
4332
2849
5034
4362
1143
4704
7964
10280
9866
9912
6325
3448
837
9241
2595
8635
7241
3555
2420
413
3892
2307
2525
9685
5592
8983
707
3787
4796
6628
1941
1025
1142
3465
8867
9179
8735
7861
8660
7980
394
4008
10627
7993
1021
2243
10365
7280
5933
519
717
4635
5111
9018
4698
1748
6182
3247
3569
3577
2174
4223
1732
1947
4666
2567
1170
2513
3808
4142
5022
5139
6271
6876
9082
4494
3690
5325
1771
1991
6263
5613
3403
4500
2485
604
4594
8099
3373
9758
1762
4019
8473
6450
2052
3485
3602
5901
7341
5040
2679
6769
5585
1126
4911
6437
4968
2064
7286
4978
5378
9543
7048
6624
2410
5742
7380
9782
9994
644
9315
9203
8701
741
9583
6017
3752
8549
1483
4415
5181
1935
3759
6498
2125
498
3240
6906
10065
261
8145
9715
2876
4762
3655
2127
838
876
2136
1665
4173
4232
3049
8276
3317
2981
10296
3629
6105
6252
5533
5618
5783
2463
4930
1278
10583
292
367
2561
3243
566
7238
7327
3965
10566
7636
6211
9210
8535
2455
2699
4319
8290
9792
8527
4928
2049
3837
425
7298
2862
5145
3007
2476
3036
5183
9633
3767
10063
10484
1790
6516
3034
9049
8068
10482
6478
5792
9897
825
7080
9229
9553
856
9540
10486
9764
1205
1259
1654
5732
3613
1151
10095
9039
3906
6707
9537
4626
7679
10338
6531
10506
445
10003
7467
1650
7209
6989
8267
2036
5825
7867
9242
9736
3497
5036
6907
1697
6188
8561
1378
3428
6574
7872
5053
8903
6069
5856
9808
3513
8334
10319
3227
7480
6536
5925
3884
466
295
8446
9273
5885
5971
4110
7408
409
9770
690
7316
7277
9800
5135
5089
2731
3708
2351
7406
1053
9212
2890
1090
1781
4756
5114
2367
7739
1348
9480
4434
6547
4047
10076
2055
2802
4059
9976
8832
2492
5353
903
10463
40
7621
250
7693
4360
1037
1451
8570
9277
8392
3763
5039
532
5827
9786
9502
4226
5454
7800
1646
8592
898
4737
8684
8400
9303
4311
381
2297
6500
1529
5056
5130
10657
6709
2548
9444
3594
486
5765
895
8823
1019
3689
4293
598
8742
6361
3598
4815
5985
7449
8135
7617
8840
4215
5650
5428
8218
3726
5561
847
7223
10561
2869
5158
3553
5823
9447
1817
186
3402
5278
9613
7960
9111
8180
9321
9923
1494
517
4368
5297
3908
6440
8946
2398
3087
7448
1921
7464
7745
3321
3133
9190
4829
7632
5746
3509
877
7579
6274
8588
6056
3477
2293
351
4109
99
5493
10341
5054
5266
4036
5741
8578
5573
1387
4310
1584
7250
9074
3033
7532
9022
8227
2006
3876
3814
6905
4027
3720
7072
6169
6187
2352
3324
4935
5963
569
9282
3760
4417
8093
7749
4416
2192
114
2989
7596
7768
6393
3599
9716
7015
8967
9412
6192
10266
5269
7537
1442
2718
5831
4476
4140
5937
5701
10599
9687
8351
8136
6123
874
5199
3633
4389
594
4890
2678
5347
6116
3222
9348
6385
1832
10514
6920
10430
5429
6679
3309
7359
3355
9589
9476
4755
3099
1262
8551
4344
5670
2073
3764
7868
8107
8320
9266
5729
136
10650
7153
75
5810
7708
6298
8806
4936
7017
7514
10304
2442
10585
2911
6994
6261
2480
9080
214
8168
1032
5722
1914
10210
7575
2631
227
2304
2653
3711
5981
6695
4941
1500
4084
9847
1434
5048
1581
9845
4236
2022
382
10465
10604
4132
223
6120
7073
4887
3611
4872
1433
7314
2726
7224
2619
6406
3899
10394
4538
9215
5067
5005
8942
927
10329
1144
8381
4111
4037
7581
4640
8398
2228
2776
4621
2914
9411
5704
9977
1953
5582
2624
4114
5143
5290
7787
6061
5795
446
2295
8534
8703
1678
1326
6898
2729
6160
7702
10441
3221
8448
3870
9452
2313
2461
2277
7527
2292
3252
6794
6744
7041
2040
3182
1903
1479
5617
691
4103
3031
7399
2161
6091
7207
1997
8092
1924
4983
3410
4952
3926
3369
4071
1432
3203
9001
2388
3131
6826
8434
6222
4388
9030
3866
4013
7137
8025
9534
3025
9983
4546
10248
2010
6033
9391
966
8860
4261
8687
4277
7541
3019
3316
1578
5228
6852
2327
8083
8105
3900
917
6095
5714
3185
9689
6382
4579
8457
9868
6
5705
8615
7565
3295
5651
423
7947
3233
3343
7911
10200
6535
10148
7797
10359
648
9564
5924
8310
2968
1925
8133
8947
2719
4073
9079
3088
2833
2627
10648
6408
5499
7281
3999
2483
2684
5858
7338
6714
4719
2921
6232
833
1685
2695
1040
3297
3071
2112
2169
5948
8722
6847
6053
2484
5796
10287
2066
6939
1283
887
4893
4015
10415
4401
1957
734
1054
5121
5869
694
4644
7973
8314
6146
5863
6542
6979
1892
7297
4825
606
10142
10522
279
2986
3283
4526
5826
4437
8939
5291
8131
8869
6197
5490
6677
442
6118
9894
2523
4950
7711
10092
4593
9893
7009
3672
963
7715
1035
5061
8244
3693
7810
5471
4190
9975
6751
3216
4435
1101
6224
2770
3791
9397
8720
8370
6184
3998
9088
7869
3376
8209
5894
7291
2366
10653
1041
8194
4557
7031
7305
8558
9262
3466
8956
5643
9622
940
5516
1036
1667
10221
6508
9790
7227
2546
9344
1172
5503
5510
5997
5153
9768
6204
5002
921
1200
8493
7398
7462
9668
2852
1544
3937
3833
4451
2539
7874
3276
916
4301
6157
3202
2654
8039
1069
1966
9362
6309
6117
7197
7789
334
8047
4530
7331
6618
9291
5608
3911
7458
1706
5006
9603
3677
5619
1736
3100
4611
2961
3988
8690
562
3654
256
5909
5798
3491
3368
3793
516
9338
74
9298
10536
10513
1907
10589
6080
3722
10344
1357
3671
4067
9759
6002
2165
3394
8648
2845
8359
3229
1996
2817
9301
248
7038
4431
9275
352
3886
5063
257
3330
3531
2084
1011
2828
6402
4790
10580
430
4867
6970
2374
3488
722
1307
286
8926
2183
4827
9235
6667
4658
9791
7612
7858
5075
1893
1988
4590
9680
10064
10028
9086
3766
9533
3475
3550
4986
8333
8850
2009
6546
1287
5190
8674
9946
8011
4670
5993
3348
4525
10011
7688
7584
6070
10029
8544
7881
5261
1346
3506
4598
6824
5784
3620
9876
4743
1787
140
3351
3912
8894
4907
9943
7678
4610
8282
1149
8938
8403
4331
8277
588
704
1358
200
2298
8150
968
2258
1743
4638
7403
6999
10109
3789
6555
7699
2585
196
2787
3897
8412
4137
5115
7290
7071
7146
3390
2141
5536
10176
1291
9538
3444
3669
9465
7776
2993
1456
8941
6496
5514
9572
5778
8912
7992
9594
82
6860
4801
1049
3522
3993
1441
938
4211
2133
6988
5449
9284
5684
3360
4430
4492
7936
10285
4573
2887
6963
2315
3600
5154
7121
3378
3386
7922
4659
8685
22
3840
7202
403
7591
3891
9024
3136
4212
7989
603
1085
3644
4484
7229
7061
5113
263
9102
7985
7011
3927
4225
2465
4898
8784
7956
7025
5835
2001
5202
8426
9204
2395
5931
10207
8650
5157
65
6810
6138
2131
1084
8042
3151
1657
8945
1603
5789
5915
653
5620
6215
282
8536
297
3261
4996
10399
2502
2774
7661
10364
5794
5097
4948
572
9872
3397
9152
4785
2547
3597
6871
5210
1965
2219
9059
2288
2002
2265
6603
3631
9815
8221
8188
7843
6831
1652
4473
9974
363
6071
3967
6270
6696
9483
6499
6096
10150
2868
9911
10303
4901
5080
9170
7445
3770
1764
7333
2478
3063
2007
9550
6715
1916
10576
6481
6802
7668
8238
1061
5020
7665
3109
198
9042
8737
10241
6937
9767
6152
7518
6566
775
5506
897
251
6063
10230
1580
5407
8365
420
3083
7244
8820
10468
3605
10190
6671
226
3082
4731
4323
6050
9834
10320
4687
3630
7530
8681
9991
1379
2803
395
5781
4926
926
9292
1297
6779
10149
1277
7785
2286
7605
7853
9427
8751
5623
3272
9985
2095
10545
10550
1302
10669
6598
4690
5730
8249
8172
2717
3200
9948
9455
4493
9187
8479
6494
3267
9646
10462
1380
5753
9033
6475
567
4955
4455
7433
1207
2676
4566
4717
9087
8639
4486
5683
10428
26
2468
8905
5162
4655
4479
6109
2895
3375
8507
1367
1904
1299
4072
5498
6484
6097
2129
7846
9136
9704
9859
10491
5090
242
3536
5768
619
3921
2399
6158
5821
6761
5394
2493
9760
991
4663
3556
6290
10350
10569
1351
5726
8330
4783
7099
9784
9700
8382
7917
4547
7638
5836
302
8006
3499
2565
6306
6501
10333
42
5974
7494
8889
2757
4300
1881
9643
10162
796
6171
2808
760
1220
2283
1644
9844
8989
10388
7778
9677
2620
3646
10632
2659
8046
5999
7923
3632
10132
8594
6441
9409
3102
1369
1047
10335
4812
7731
9697
8719
2997
4003
9621
1928
2404
2319
7240
3406
6459
1474
4298
2794
1804
5170
6189
2383
8432
7732
4421
2903
3268
6932
1096
7034
3919
2330
3548
9742
9615
5196
1628
1556
2017
171
6978
7115
3429
1609
6030
8944
3529
8931
10493
287
3048
1163
6223
3659
9182
869
10621
5371
1978
7165
2354
10478
10449
9268
1877
8827
5027
9539
10087
8805
3492
2671
3315
8882
4182
2875
202
8055
9496
3936
4614
4029
5972
9218
535
10272
9293
8999
6094
4847
3713
4582
3195
2448
2406
4954
3526
9220
565
134
1669
5282
3143
2798
10195
872
7625
3683
218
681
7900
5904
2415
6538
8579
692
1027
39
3045
1721
9973
3508
5926
7437
4761
10171
9882
10155
1391
3236
5575
10309
6528
4411
952
7674
5258
6806
592
2137
9297
10615
4276
4849
3929
8519
1622
5564
10080
7043
9377
181
5222
7862
8021
1306
2691
8524
7098
3132
8880
1870
3740
5451
1160
8251
3387
7958
5205
10647
5571
8343
9841
6622
3974
2950
4441
9064
4691
4143
1048
10445
1119
7392
7807
10609
3060
1201
4528
8932
3255
10496
3681
337
633
6338
1865
4588
8643
6820
23
7122
10101
5046
3540
4706
6765
6656
2859
8212
3066
7767
1819
10181
4154
4946
2722
4599
8783
3300
977
2210
8710
2305
9162
5478
2280
6178
9762
7303
1173
7129
1742
493
10223
5116
1901
2990
6943
157
6951
6161
8569
5752
1067
2227
5517
7722
5779
6522
8076
2858
10240
7418
1588
8733
896
6059
6914
6344
7417
8521
10509
5167
6106
7830
6133
2702
3388
10345
2148
9743
2711
1062
6583
6225
8327
397
3516
7822
7079
2206
10451
8864
6115
1531
4786
2888
7368
7607
10313
2545
9902
9068
3381
5047
6267
7534
2044
2550
3507
6009
8819
979
7053
7218
4074
5349
6457
8352
10219
10010
2377
3457
6435
9694
4274
4165
4578
2475
4044
5188
5256
3783
2901
2819
8033
8173
10389
8567
3098
5598
10440
9713
3214
2988
7016
1337
579
298
3055
7125
365
1131
5132
5296
6827
10546
6191
342
1103
2870
7932
2689
6391
2403
5495
1872
9012
2594
2645
2115
9159
2495
8734
10246
725
9157
6550
1052
6333
7007
1050
2221
5414
7259
5410
2229
2940
5995
5757
10262
5951
4837
8608
8694
8809
4842
4609
10118
7483
6383
1942
10348
7465
10612
7366
715
5193
7272
1458
551
8968
8283
4889
6980
4513
8335
5890
2341
9548
10605
6239
8005
9914
5545
5702
10531
945
9660
5576
9748
3776
10293
2025
5591
8198
1641
7155
10447
8927
9400
9473
6610
2262
3074
3068
3855
8476
2958
10473
8634
5294
2328
9814
323
8656
5233
8606
1741
6052
5767
10526
9021
6355
2416
3686
8693
2214
7803
816
9450
2777
6815
3797
2693
4535
8342
8895
9138
4524
3234
6509
520
5403
9078
4802
2952
2451
4283
9756
5064
52
4990
6348
2526
7321
7640
3728
1724
552
9307
3786
742
3877
9997
2501
3664
5852
8871
915
3939
2486
7851
3092
688
2880
5324
8891
4810
5773
3127
10284
10481
2208
126
3931
4077
4337
3101
4678
9908
7087
3785
7157
1786
9832
463
5597
5260
10454
4163
6549
8915
7528
1620
215
10081
3570
2372
7178
7827
8589
9515
5112
2978
1232
10006
5793
138
3738
6823
2857
3278
4921
4359
7716
3779
7263
6268
6102
7519
3107
3963
495
2107
6291
9746
10056
4169
10551
10300
7934
6433
5103
7203
2269
7097
4207
4172
4516
4289
7577
2826
7515
5419
3434
1981
7411
8344
5388
4869
4440
9349
827
985
1115
9201
8704
10153
1477
10358
9898
7863
9695
6257
8600
8017
849
7330
2864
353
8354
9874
8468
1690
8410
4224
10362
7495
7511
4725
2235
5645
6162
10133
4618
4822
2418
3990
6144
8508
4429
1267
7387
6299
6804
826
9820
3847
8073
9126
6911
9836
2334
3037
8020
10282
9850
5457
7831
743
8651
7104
1314
992
1616
5984
1873
3004
3467
9317
7100
9336
10100
4197
9604
1389
10470
8792
8627
7775
2175
10136
969
8910
2290
2323
4511
537
8416
3468
10074
988
961
4966
8653
8846
9903
9673
2196
10067
6570
8016
7180
4419
6527
2842
8161
9592
5003
2008
5237
7724
9924
3801
1405
3750
320
6486
2409
9236
120
2661
4220
1897
4324
2078
4181
6473
2065
5138
7824
1418
506
5366
10668
10208
4099
9434
7782
9846
7472
9466
9432
3455
3806
4127
9016
9044
6471
3138
4477
10656
1471
7271
4233
204
8430
2216
4873
9630
9648
622
6529
3009
8917
9921
5699
8475
3416
3774
3038
3667
1754
713
8026
5486
5681
3685
7597
3028
3809
3407
4857
5016
6121
10055
1698
9156
2357
3086
2766
7705
139
3852
4502
2975
9392
10403
2076
2969
6630
7192
9052
8848
10520
1078
3592
6149
8206
9950
10188
1834
4748
2081
7866
716
10371
944
9367
678
7786
5938
7325
9523
6567
5520
5268
3440
1617
868
8184
2945
2822
375
10321
6902
10646
3768
4976
10472
3581
2979
10059
5262
8800
5668
7503
4497
9963
7852
5163
6760
1543
5945
1522
3427
4563
443
1254
2681
9754
7309
8762
4918
8121
1497
3285
9570
3762
4270
8560
2686
6923
1722
2992
3788
1820
7599
4166
4722
6949
8698
5565
148
1137
6142
10391
9599
2441
7032
4830
9706
399
10495
7336
3794
2472
1902
5649
8415
8144
5186
6172
10662
2349
4616
5918
5590
271
2963
8789
9253
9504
4661
4152
7969
5292
8781
8091
10532
4466
2820
673
1691
1853
3816
809
7450
9015
5712
6251
1098
5038
3675
718
2436
2024
3329
5348
6037
5273
5438
8962
8487
6047
3617
8053
4850
8271
8205
5760
2662
4583
842
4933
7609
177
575
7628
4107
6153
6615
9213
5420
6419
6114
3502
6201
4522
3377
6233
7423
6805
4374
2108
8325
4545
5715
4859
7586
4351
6961
3000
5907
1189
2881
10041
4227
7033
5700
8556
5263
2086
5896
8254
8442
10425
6396
2747
5445
377
8872
4910
7916
3811
4747
383
8795
7880
5421
203
3875
1884
1072
4390
9707
1450
1694
7510
1964
6308
8192
6404
5049
652
5301
6200
2690
29
8387
2207
5502
708
4673
8995
3326
8632
8933
2464
5853
949
2991
7090
9962
1527
8993
8655
2608
8326
7635
374
9133
5842
4568
2893
5964
2733
1570
3050
10121
9084
6155
10138
8546
7282
5456
179
4032
5547
9931
7766
2099
5844
4221
7588
663
6426
7148
3596
2097
9341
4443
6629
4327
4456
4162
8428
3579
4278
10528
6641
2281
5865
1952
3153
9552
387
5144
10152
7630
6627
6358
4147
10281
9582
724
4345
3975
4216
1438
4854
1165
3331
6051
9379
8977
7941
9485
6449
3825
2658
1447
10291
3545
1828
10343
6774
2851
7142
7466
1755
7755
3604
9123
10367
2421
6336
3821
3076
4861
9837
755
2675
4925
4080
5862
2479
9644
3064
5535
634
1788
10337
4531
1894
6552
5330
7367
5797
8992
6145
3293
8801
1753
3981
3395
4053
252
9561
4082
8272
9611
5150
6893
3567
9588
7725
4346
10192
7173
9629
9563
5777
3626
5776
4292
4290
4900
9886
6060
3117
664
999
1643
5126
8260
471
156
8658
2347
7804
9346
8919
9128
4450
7648
6462
6054
3016
7030
8553
7498
357
7296
3362
779
507
229
4551
5384
5679
9933
123
6740
9595
7995
336
1676
7163
1111
3703
8119
9828
10342
2580
9670
8433
1281
9675
1726
6409
10277
6533
2345
5782
5042
5109
5818
5359
10450
5694
9739
4010
10268
7337
7580
6909
1371
1547
1637
6526
6612
9960
9863
9650
4410
10645
5642
5966
8969
4681
5595
1671
3249
7091
3419
8571
555
9585
7394
5106
2393
639
1192
6925
1797
6084
4600
4063
3411
5596
5587
7856
7691
9998
262
7870
3554
7185
4507
9433
7572
3179
4758
4732
5961
2511
8306
4821
2497
5184
4122
10418
6371
6894
7652
5941
6390
6836
6350
6349
7283
2738
602
1167
3453
1933
9557
1696
3070
4048
7788
10354
7356
4780
5680
1825
8269
312
7162
9686
4234
5102
9852
645
2823
8542
10413
10610
7567
4320
9900
8492
7813
10033
700
9683
6816
2700
4728
5030
1361
4271
8279
9076
9568
7850
4192
8072
4840
4734
2944
6743
2583
1199
3122
8887
3171
2727
6600
6004
10110
4361
3275
9843
9941
10582
993
4038
6038
6942
667
2885
7523
7555
1915
5511
4972
6151
1944
3231
7278
5887
9422
5147
5093
3634
9436
2931
9178
1107
9231
5405
9350
10603
4333
8641
4916
1536
7432
10037
9281
8163
6415
5546
1664
7150
3447
2198
5331
978
5272
2356
7320
8118
8644
188
7088
9069
7525
7587
6931
5518
5362
3473
2814
8186
882
7816
10660
1244
5980
455
8462
4474
5024
4680
6996
9124
6265
7103
10075
7780
8853
3977
4060
3241
9010
2942
5169
8500
9163
2601
8604
8743
7117
1670
8156
9319
7
2651
2552
6420
6960
8960
8749
2540
4708
8822
9324
10031
6897
9460
10144
6759
9096
6272
2626
3893
2344
8679
2621
5318
2452
4559
1930
3148
2860
685
910
8906
8794
