2553
4458
831
3468
4345
2382
2542
2575
2585
3895
1224
2434
2439
2617
1005
1309
1334
2282
2662
4332
4352
490
725
1030
1050
1091
1106
1326
1460
2608
2800
2851
2936
3312
3355
3838
4359
4373
4384
98
597
846
854
1166
1170
1530
1554
2221
2249
2321
2533
2538
2545
2561
2586
2717
2918
3128
3329
4199
4346
4395
4878
88
129
284
313
396
532
680
780
1098
1140
1419
1489
1506
2235
2458
2493
2548
2595
2647
2740
2846
2959
3310
3343
3351
3783
3796
3904
3979
4172
4187
4342
4392
4402
4520
94
140
153
184
274
316
402
413
539
658
803
1026
1069
1090
1313
1361
1371
1416
1442
1547
1584
1953
2327
2388
2409
2474
2502
2519
2522
2530
2562
2604
2606
2697
2724
2760
2781
2798
2810
2852
2880
2932
3017
3186
3307
3317
3411
3431
3497
3722
3762
3781
3863
4029
4128
4151
4164
4224
4361
4391
4485
4867
9
36
68
154
252
257
298
353
383
386
426
485
511
546
548
587
594
632
681
692
743
757
848
902
1072
1085
1095
1119
1173
1206
1243
1244
1257
1272
1298
1311
1323
1356
1451
1461
1528
1685
1776
1930
1999
2332
2485
2489
2544
2554
2559
2574
2576
2593
2611
2671
2813
2825
2837
2878
3005
3331
3347
3352
3775
3797
3802
3918
4041
4106
4111
4154
4181
4317
4357
4381
4446
4476
4602
4651
4727
13
41
56
69
116
138
242
249
260
391
395
405
416
504
520
582
604
609
614
653
702
720
744
748
762
771
833
878
948
951
952
1006
1010
1021
1060
1063
1100
1102
1104
1116
1148
1158
1219
1242
1289
1342
1348
1378
1403
1435
1439
1447
1459
1466
1467
1478
1524
1622
1687
1795
1933
1945
2020
2151
2157
2238
2262
2267
2363
2392
2397
2414
2443
2444
2447
2490
2500
2527
2528
2550
2577
2596
2645
2687
2693
2694
2736
2787
2838
2842
2881
2883
2914
2952
2978
3197
3296
3299
3308
3316
3320
3337
3342
3350
3358
3410
3467
3486
3511
3564
3576
3675
3779
3786
3792
3903
3957
4034
4036
4084
4097
4110
4157
4158
4193
4203
4209
4218
4279
4367
4371
4435
4448
4473
4491
4500
4534
4538
4570
4574
4655
4660
4686
4708
4751
4836
4848
4850
4885
1
14
47
76
111
123
163
170
174
187
198
199
205
210
251
279
308
311
334
336
342
351
362
378
408
430
431
484
501
555
561
575
584
624
637
722
758
763
772
793
795
827
837
843
849
852
859
885
895
939
941
944
992
1031
1034
1059
1087
1097
1105
1117
1124
1156
1162
1177
1191
1210
1231
1235
1239
1252
1268
1284
1296
1306
1307
1321
1333
1353
1360
1365
1400
1406
1455
1468
1471
1491
1492
1499
1523
1589
1600
1605
1609
1623
1644
1653
1689
1709
1734
1747
1782
1786
1793
1807
1842
1897
1993
2096
2101
2107
2145
2222
2290
2298
2325
2336
2355
2357
2407
2457
2459
2464
2465
2505
2509
2534
2549
2563
2565
2607
2622
2629
2643
2648
2655
2670
2674
2692
2711
2796
2799
2814
2819
2864
2893
2908
2938
2942
3071
3117
3129
3266
3294
3319
3321
3322
3345
3356
3360
3371
3401
3426
3445
3456
3514
3545
3656
3763
3785
3809
3823
3834
3916
3954
3959
3962
3969
3985
3992
4000
4009
4038
4060
4073
4086
4092
4098
4100
4114
4120
4121
4152
4155
4160
4166
4195
4204
4210
4344
4368
4374
4439
4442
4461
4462
4469
4512
4522
4542
4562
4564
4579
4588
4643
4649
4652
4654
4689
4728
4733
4832
4859
4872
4876
4887
4893
4901
19
26
34
48
51
58
72
119
124
137
143
145
177
221
236
239
247
255
262
280
295
306
314
319
321
327
335
340
350
355
392
393
421
422
424
435
438
442
449
478
480
481
482
496
509
521
528
535
550
557
564
565
566
569
612
630
639
644
655
668
672
704
726
736
740
749
759
764
776
783
819
829
835
875
882
917
918
921
928
934
940
953
958
965
970
981
987
991
997
1012
1028
1041
1066
1067
1071
1075
1081
1082
1083
1115
1122
1131
1136
1142
1147
1150
1164
1165
1186
1195
1204
1205
1216
1218
1251
1255
1276
1286
1299
1304
1319
1337
1339
1345
1359
1368
1382
1408
1415
1422
1425
1430
1444
1472
1476
1495
1511
1513
1516
1541
1574
1583
1604
1612
1633
1649
1654
1661
1690
1702
1703
1716
1732
1738
1749
1754
1755
1757
1760
1794
1816
1817
1831
1871
1893
1895
1899
1928
1940
1951
1961
1962
1965
1977
1978
1985
2001
2010
2031
2032
2038
2066
2082
2084
2102
2106
2119
2133
2159
2162
2192
2212
2241
2248
2285
2303
2317
2335
2346
2354
2368
2378
2383
2405
2450
2455
2463
2475
2479
2488
2495
2497
2498
2515
2531
2543
2590
2594
2640
2656
2686
2703
2715
2722
2728
2737
2780
2783
2792
2801
2815
2828
2839
2857
2874
2884
2896
2939
2944
2976
2977
2979
2984
3008
3009
3044
3046
3069
3072
3074
3090
3091
3122
3174
3188
3189
3301
3302
3309
3314
3327
3330
3344
3353
3368
3378
3462
3480
3485
3493
3494
3495
3498
3538
3541
3562
3572
3605
3609
3625
3651
3679
3706
3709
3719
3726
3737
3752
3753
3757
3761
3770
3771
3778
3793
3798
3807
3811
3812
3815
3817
3827
3829
3853
3859
3872
3873
3875
3888
3897
3908
3938
3948
3973
3975
3982
4002
4007
4015
4030
4045
4052
4078
4102
4105
4117
4124
4129
4137
4143
4167
4175
4179
4180
4206
4221
4264
4284
4291
4299
4327
4331
4333
4335
4353
4363
4364
4399
4401
4404
4415
4416
4470
4482
4486
4493
4497
4503
4509
4513
4516
4518
4528
4537
4539
4549
4553
4585
4608
4619
4628
4640
4659
4661
4674
4677
4683
4695
4700
4703
4719
4726
4739
4754
4755
4767
4792
4820
4828
4834
4838
4840
4854
4880
4888
4898
4930
4934
8
27
29
31
35
40
50
53
54
61
70
71
73
78
80
96
99
107
112
125
136
150
176
190
192
206
214
216
218
222
226
227
238
253
267
269
292
300
302
309
329
352
357
361
412
428
429
443
451
454
456
457
463
488
492
523
526
530
538
545
562
570
576
578
581
589
636
662
664
666
689
696
698
706
713
770
774
779
787
790
800
804
809
811
814
825
838
840
845
855
874
883
893
899
926
927
929
933
937
942
949
956
968
969
973
974
979
993
994
1001
1003
1016
1018
1046
1052
1055
1074
1088
1089
1093
1096
1101
1107
1108
1112
1114
1120
1126
1129
1130
1132
1134
1143
1151
1152
1153
1155
1160
1161
1174
1176
1178
1181
1182
1189
1192
1197
1198
1199
1203
1212
1222
1237
1245
1256
1263
1269
1271
1278
1282
1291
1314
1320
1325
1329
1346
1355
1358
1367
1372
1391
1393
1409
1410
1412
1428
1433
1437
1462
1474
1480
1488
1494
1510
1515
1520
1532
1540
1545
1546
1555
1557
1559
1563
1564
1566
1571
1582
1585
1587
1592
1598
1601
1607
1608
1616
1617
1618
1628
1639
1640
1643
1645
1650
1652
1659
1660
1662
1664
1665
1667
1668
1671
1676
1681
1682
1693
1696
1704
1706
1707
1711
1713
1729
1739
1741
1772
1778
1779
1801
1811
1819
1824
1828
1839
1844
1847
1849
1854
1876
1883
1885
1900
1913
1936
1938
1946
1952
1955
1968
1982
1990
2004
2017
2023
2039
2046
2049
2053
2057
2071
2073
2077
2080
2089
2090
2110
2111
2112
2128
2130
2136
2137
2178
2180
2190
2193
2199
2201
2205
2207
2208
2209
2214
2216
2217
2219
2225
2227
2228
2229
2233
2245
2246
2247
2254
2263
2268
2272
2274
2276
2278
2283
2287
2293
2310
2312
2329
2347
2349
2356
2360
2366
2394
2415
2418
2427
2431
2433
2445
2454
2469
2471
2472
2473
2480
2504
2506
2508
2516
2521
2532
2536
2537
2556
2564
2567
2569
2572
2579
2583
2597
2601
2603
2605
2627
2628
2631
2632
2638
2644
2646
2649
2650
2657
2660
2672
2691
2700
2710
2716
2725
2741
2743
2759
2765
2766
2774
2795
2806
2840
2843
2915
2923
2924
2926
2955
2963
2967
2970
2971
2974
2980
2983
2986
2993
2997
3001
3007
3012
3018
3027
3041
3063
3065
3070
3082
3087
3088
3133
3136
3156
3187
3217
3219
3234
3276
3281
3284
3286
3293
3297
3318
3328
3332
3334
3341
3359
3403
3414
3416
3418
3422
3427
3429
3432
3438
3442
3453
3455
3491
3504
3506
3510
3517
3522
3523
3525
3530
3532
3536
3544
3568
3579
3590
3591
3597
3601
3611
3612
3634
3641
3649
3654
3658
3661
3662
3665
3683
3684
3690
3692
3694
3705
3708
3710
3711
3717
3728
3740
3745
3758
3790
3795
3824
3831
3832
3843
3848
3866
3870
3880
3881
3885
3890
3901
3902
3910
3915
3923
3943
3949
3955
3958
3963
3966
3970
3983
3988
3990
3996
4005
4026
4040
4047
4050
4061
4065
4068
4089
4103
4119
4131
4132
4134
4146
4148
4149
4161
4165
4171
4182
4184
4202
4207
4211
4216
4246
4265
4301
4305
4340
4347
4403
4413
4421
4422
4426
4427
4441
4454
4455
4471
4484
4492
4494
4505
4508
4526
4531
4532
4547
4551
4554
4556
4561
4563
4566
4583
4589
4591
4592
4610
4621
4624
4626
4630
4637
4645
4657
4664
4667
4675
4681
4697
4704
4705
4707
4710
4718
4720
4722
4734
4735
4741
4761
4780
4784
4791
4794
4816
4823
4827
4829
4830
4839
4851
4852
4862
4879
4896
4899
4906
4910
4913
4923
4928
4935
4938
4939
2
5
22
32
42
52
59
77
81
85
86
87
95
106
108
114
121
131
141
156
157
161
162
168
195
197
219
233
240
246
248
256
258
264
272
276
288
296
303
304
310
315
317
324
326
331
332
338
341
360
367
384
389
410
414
427
432
440
450
455
458
464
471
474
475
476
483
486
487
505
515
536
556
567
592
607
615
617
619
621
627
633
640
645
647
649
675
678
684
686
690
694
709
711
715
717
728
731
733
737
750
752
765
777
785
788
798
806
812
813
815
817
830
841
844
847
850
873
876
880
881
892
945
946
955
963
964
971
975
976
977
980
984
986
1033
1035
1078
1110
1118
1127
1128
1135
1157
1159
1175
1187
1190
1194
1200
1208
1209
1214
1221
1229
1230
1232
1233
1247
1250
1259
1264
1266
1274
1277
1279
1280
1283
1285
1293
1300
1302
1331
1335
1341
1350
1352
1357
1363
1366
1369
1375
1380
1381
1386
1388
1389
1392
1395
1417
1424
1427
1453
1454
1473
1484
1487
1517
1519
1526
1536
1543
1544
1550
1560
1562
1565
1572
1576
1577
1579
1580
1596
1599
1603
1614
1619
1620
1621
1626
1642
1646
1647
1651
1658
1669
1674
1680
1691
1692
1694
1695
1705
1710
1712
1721
1723
1733
1742
1744
1753
1756
1763
1765
1766
1768
1769
1775
1780
1785
1787
1788
1812
1813
1814
1820
1821
1823
1829
1838
1843
1850
1855
1859
1861
1868
1872
1898
1906
1908
1932
1943
1969
1971
1973
2014
2024
2028
2044
2055
2063
2064
2065
2079
2083
2085
2093
2104
2123
2146
2149
2160
2174
2182
2185
2202
2215
2224
2239
2253
2255
2264
2265
2273
2279
2280
2288
2289
2291
2299
2301
2307
2314
2333
2337
2339
2340
2342
2343
2351
2358
2374
2376
2386
2390
2396
2421
2424
2446
2452
2456
2460
2468
2477
2499
2512
2529
2552
2557
2560
2568
2571
2573
2578
2587
2589
2598
2600
2615
2619
2620
2630
2636
2641
2651
2653
2654
2658
2663
2666
2676
2678
2679
2698
2702
2704
2721
2726
2727
2729
2730
2733
2734
2735
2746
2748
2749
2750
2751
2754
2757
2758
2767
2769
2771
2773
2784
2794
2797
2803
2804
2807
2817
2820
2821
2823
2829
2830
2831
2832
2841
2858
2860
2862
2868
2870
2871
2872
2879
2885
2886
2897
2900
2909
2919
2922
2927
2928
2931
2941
2949
2953
2956
2957
2960
2964
2969
2973
2981
2988
2991
2996
2998
3004
3010
3013
3015
3031
3032
3033
3039
3050
3079
3092
3109
3118
3121
3126
3134
3144
3145
3152
3159
3173
3205
3209
3214
3232
3244
3288
3289
3295
3300
3313
3315
3335
3339
3348
3349
3361
3363
3365
3369
3389
3399
3400
3404
3412
3415
3419
3421
3423
3433
3434
3436
3451
3454
3459
3463
3471
3483
3492
3503
3508
3512
3515
3518
3521
3537
3540
3569
3575
3584
3595
3599
3600
3603
3607
3621
3629
3630
3635
3636
3644
3670
3685
3689
3696
3747
3749
3750
3754
3766
3787
3788
3804
3805
3808
3810
3820
3833
3836
3846
3850
3855
3861
3876
3882
3899
3913
3930
3951
3960
3964
3971
3991
3993
4011
4012
4018
4019
4048
4051
4054
4057
4079
4087
4090
4093
4101
4108
4112
4118
4127
4136
4138
4153
4156
4186
4189
4237
4329
4337
4341
4348
4350
4354
4360
4365
4379
4382
4394
4431
4468
4472
4475
4478
4480
4483
4488
4490
4498
4506
4507
4511
4515
4519
4523
4525
4530
4536
4540
4543
4548
4552
4560
4568
4572
4581
4593
4604
4609
4620
4629
4632
4672
4680
4685
4691
4692
4698
4706
4709
4713
4730
4731
4740
4762
4769
4785
4798
4841
4856
4858
4863
4873
4874
4895
4903
4908
4911
4917
4918
207
3533
4008
4059
3874
3094
3255
3096
1262
1144
3974
3357
2894
244
2395
2420
4290
3659
2377
4287
4753
0
2779
3489
908
2902
1141
325
2302
1423
1751
3552
4927
3021
3892
3878
2845
2081
3860
3928
2677
4909
4256
1815
801
4276
3720
2050
2690
397
3022
1539
3014
4356
2105
2661
1123
4383
3114
3127
4679
1988
4400
1672
2203
2588
4334
4815
3617
3936
2848
2910
3551
2705
2025
2114
2451
2226
2551
2602
2912
4274
4406
2476
3386
230
282
3275
3139
1213
1399
3626
608
4793
3449
4849
4241
4013
2401
2426
525
3526
2624
1457
370
4170
4116
4601
661
3476
4527
3120
2790
3571
2782
4212
611
3406
3250
164
2206
920
1443
1748
2117
4853
947
1057
2072
339
117
734
4883
3398
4071
3084
3226
832
1481
1862
3202
1017
3676
1853
1328
2861
3509
4191
2319
4639
894
3627
1015
3487
1697
3869
747
4091
2547
2777
1312
2496
2115
1784
3751
4723
1009
3733
2097
139
2375
2793
4696
1281
3130
3539
3271
3172
4749
4028
277
4770
4122
4920
659
2616
3474
1469
3396
3760
3565
797
2158
1240
4249
3325
3606
299
1736
2669
2330
2680
3496
4262
1044
2570
2995
1845
3755
1338
2186
1923
3898
3554
595
2946
2271
3854
2305
2389
20
4837
1891
685
1832
2772
3989
891
4213
2189
3907
3697
120
4257
541
1045
1888
2118
1718
1036
2163
4922
4311
213
869
4882
4244
3194
1019
470
596
97
1625
618
2384
816
3162
867
2723
983
2385
446
820
900
4293
3175
16
799
3111
4107
3026
766
3602
3845
4870
502
3581
2951
2021
3822
3937
1657
1228
55
2888
517
4183
369
4502
2399
3664
3583
4300
1020
1781
531
3220
2863
2198
2074
3081
4377
2501
3058
2788
2707
4577
1305
824
165
911
494
2345
1586
2132
2503
4275
756
2143
3192
4725
2353
3138
4795
4267
1902
1556
4814
1387
568
1698
792
1485
2905
3623
2535
3206
3106
1275
2251
2901
3700
4746
2393
2895
3210
2306
2156
3193
3580
3680
3254
3006
2809
1475
3563
1764
3077
3567
3277
884
1914
4424
1048
3488
23
563
3477
516
1054
978
4229
3171
3663
4130
4010
2962
144
3712
4283
1717
268
1429
4578
151
3203
10
513
1138
4254
1937
7
2048
3097
4123
923
2153
2540
2652
3730
1708
3931
104
1336
4758
4248
4831
4
1929
3211
4533
4464
3457
4463
4445
118
585
1432
1998
4797
3800
4750
599
4571
4466
3724
4748
631
2098
1686
4409
836
1436
887
4306
497
1426
3184
2524
4457
266
959
1958
3182
3639
387
2256
2413
1856
3354
3616
3262
865
665
4438
4929
417
3668
1963
3527
4804
4773
738
3447
2352
322
126
4776
954
4644
189
4912
3500
3803
3531
4752
1396
542
1808
1479
3161
3939
1217
3040
234
2802
4587
232
602
2701
3208
554
2122
3475
4690
3292
1249
2416
1183
1498
2047
1463
3773
3036
2683
1950
1873
4772
3559
4459
4003
4778
376
2425
65
1401
4668
3003
265
4467
2518
2286
3933
938
3016
2609
2035
4247
3921
1792
1011
768
1553
616
870
3967
1440
1064
3516
1322
4095
4656
1261
886
3660
2448
1111
571
1944
67
1103
499
593
4788
2026
3075
1956
4176
2555
4074
603
3723
4790
44
4877
3715
2027
3402
1370
2432
4932
4671
6
3499
4307
4390
2281
1013
2634
1894
2623
3413
4362
4557
4214
1113
1220
3879
3961
857
491
379
2167
3323
957
3994
3995
3228
293
2135
3965
212
2762
4286
2876
4366
4080
2709
399
1073
2172
3420
714
697
1505
382
3852
1735
695
3098
323
2907
3241
2269
4669
4308
3574
152
3909
821
1561
3243
784
2889
1421
2440
2911
3542
3844
906
2667
2935
2847
1924
1327
3265
1288
701
4428
467
2580
3148
896
1449
4642
4408
4605
3461
1857
1486
3196
4594
4714
1731
2943
4868
753
2370
4779
3871
2292
4370
989
4444
4208
3231
3561
3030
102
914
3573
2173
2070
3596
1343
2126
2849
4789
1413
3283
113
4729
4437
3693
132
3784
2166
3235
4150
1420
574
127
3472
2338
1684
1196
3842
2747
866
2029
1752
3270
3972
755
2541
3223
543
3905
782
3614
1241
4075
171
583
549
3373
1925
4220
3956
493
3473
2673
1125
3543
75
3157
638
1303
2731
2200
4676
3061
791
3678
3598
3647
2103
3550
4378
4125
778
2045
147
626
4396
4477
1882
3632
3383
134
775
3777
1809
2094
2812
3772
4273
188
3048
2626
3507
2011
4326
4072
3828
4414
3893
688
4288
1414
4082
3043
1575
1627
3115
4271
2223
3767
4263
2887
4580
4231
1184
4223
629
931
2625
1374
915
4612
961
553
1595
789
1997
625
1789
439
2052
3131
1448
2517
3364
3391
2259
3273
1167
1727
4280
4916
17
2244
4253
2362
4236
1773
3024
328
468
15
1822
646
4219
2323
2775
4417
4420
2491
312
707
3218
1810
2453
1726
4715
1549
4245
3835
4230
4145
1791
751
406
3578
654
1032
3926
1535
1725
3799
1909
650
39
1976
4926
4260
1666
2933
3064
4314
3408
2295
245
741
4104
4759
3124
344
3594
1493
3251
1915
3430
4658
4812
3167
3818
1767
4434
2194
3701
861
2869
1663
178
200
4389
3548
3067
1715
3242
4633
2675
193
3340
1957
4806
1000
3814
4351
1959
3837
4043
275
250
291
3306
4410
786
2581
3642
1377
2054
425
43
3464
1602
202
2237
1890
1172
4349
3100
196
551
671
2095
1981
4924
1402
2170
3624
4801
1874
447
3608
1920
3667
3362
4190
1294
2824
1597
2131
4711
851
3699
372
967
2000
1934
2220
2304
2372
18
2720
1771
4844
4843
679
2300
2141
922
445
4021
3912
4460
179
3637
3080
423
2761
1477
3052
1942
3704
3388
802
3252
2613
2438
3089
3020
1863
3914
1800
1637
4451
2423
1983
2061
1629
905
3439
1581
3764
4228
4717
3935
4388
1947
4412
723
2859
3620
2877
4496
1004
1670
2419
4024
4304
822
1991
3727
1910
3819
271
92
4736
1445
3180
710
3977
3222
4115
3482
1675
4614
3200
3628
320
1238
4323
4616
888
4147
337
3107
745
4617
21
3586
3927
229
823
3110
4169
3631
1452
4312
1837
2945
4063
4033
343
998
3732
606
4425
746
781
2937
1858
4289
4376
642
2155
294
4666
500
3056
1548
155
3051
868
2373
1267
4875
3528
656
1714
2326
3849
1919
1931
290
169
2176
524
558
4603
401
2558
4222
2785
1926
839
3198
767
4817
1084
466
3702
4884
4046
1310
3377
3215
1373
3622
3886
2184
3941
472
2197
3407
2242
2467
2078
4292
1008
110
3519
2086
89
4269
879
3840
286
3529
4423
1719
1567
4397
4678
3484
301
4319
936
1797
2818
2834
3158
669
3465
24
4309
1688
1070
3169
1061
1340
159
1531
2404
1397
2639
3135
1332
28
3147
4135
4702
3490
25
1211
1728
1431
2958
1482
4380
1774
4565
3806
103
3655
4022
3922
3458
705
960
1573
769
3060
477
3920
2618
2776
231
4233
3233
691
660
641
2058
4647
2348
3619
4796
33
3865
4142
4569
856
4465
4921
66
4261
2428
1347
1121
2966
1056
2478
3714
3113
909
3646
2127
3177
3274
2398
3336
4940
241
4684
415
3741
1878
4757
3968
2211
436
498
2470
4777
3095
3906
297
4088
1434
3900
2437
3259
2591
2461
4035
2844
4845
215
4573
3102
3716
3884
366
1179
380
3042
3104
4756
3053
2056
4277
518
1079
4126
3986
719
287
3813
1880
4933
237
3534
4931
2689
2718
3380
4313
1743
3735
4489
1405
1458
2109
3260
3225
3025
4582
519
3657
730
1508
4386
3821
4133
1833
1062
4321
4066
2968
1022
2763
1986
3435
2331
2175
687
2003
4663
1879
1798
420
346
610
4085
418
2037
3424
3976
2168
4861
4440
2148
1390
2850
674
1225
586
4613
3101
2526
3742
972
3666
4174
3153
3725
3057
3466
3640
1805
4178
4077
2525
2483
877
4665
2487
904
4670
4900
273
4894
3570
4627
1207
3236
1047
2403
1529
3691
1039
1185
461
2755
4810
460
1092
3224
4076
4243
1501
1552
3195
3546
172
537
4318
4270
3577
1975
1966
1308
773
1864
1029
148
2075
3338
1094
2261
834
3395
3155
1777
4818
4819
3981
1024
3744
1411
1068
2408
1912
2092
2442
547
3847
4787
1470
4355
1379
4747
409
2699
3441
441
2614
3780
3239
3166
3049
4375
1869
4268
4094
128
2379
3290
3825
1254
3917
1606
2706
1591
3278
4044
1227
1927
2566
411
591
2320
3980
2231
510
2099
703
3794
348
3103
2365
1860
1037
3524
916
374
2142
3137
3638
4303
173
3839
259
506
4196
2311
1954
2400
1917
3298
243
1803
3769
2950
3857
2371
1169
1613
4802
1886
2008
2436
101
4006
1351
3247
3446
4053
4278
3891
3261
3269
3
4198
761
2753
390
4418
2685
2462
676
1737
988
11
577
552
3073
3615
4070
2612
3997
185
2954
388
45
1594
742
1841
203
4037
2410
4744
4358
4481
805
935
1465
1456
2853
3078
2816
2713
2236
146
1464
191
3245
1002
64
1700
4738
3248
2961
347
2695
4799
2161
398
1635
3000
394
1836
1648
364
4937
3592
1049
1364
932
1846
1796
180
2770
46
2015
2621
3076
1193
1201
1441
4252
4600
3864
3267
4282
4255
4833
890
2610
2989
3768
2391
4031
1903
4803
3201
4192
1099
2204
1770
2482
4251
3681
754
858
4514
1889
4387
1383
1904
462
2275
2511
3221
2297
3305
1922
1967
1848
79
901
651
1730
716
613
3375
2822
3851
683
62
3652
1994
2318
1750
4239
1534
3672
1317
2836
4017
305
2187
1533
1892
1258
3178
2965
2637
1014
4584
1270
3370
63
181
4635
1137
4847
4521
828
2129
2732
3229
3125
473
1027
4597
2260
4544
2152
1145
4259
4027
3862
4546
667
4258
224
4905
3470
3947
4673
1641
4598
1354
3587
962
4328
4225
1673
3263
4857
2324
1404
794
166
2875
2270
3393
2213
158
4429
4825
1518
1023
448
3199
3535
512
4623
1593
2322
2510
433
2688
3397
4322
4144
4504
2827
3677
693
3791
1301
4855
270
2899
4177
4336
2985
4811
30
1502
363
796
4595
1295
4886
3019
1133
2406
437
2681
278
898
2258
1762
201
3978
708
2987
3417
1292
1826
1806
1253
1568
2138
2435
3669
1043
4824
3479
1949
3698
4234
1537
4694
3440
1588
1362
2916
4067
3387
1802
2635
4266
3734
2756
3999
57
3291
4869
3303
3165
1215
4474
1527
1065
4865
2778
3246
1260
2994
209
4205
2183
1418
4653
1542
2210
842
2867
2708
1551
83
4226
3140
3428
2947
3566
4936
3889
2243
3501
1569
2218
2921
2334
2043
913
663
4925
3687
4737
3253
419
1025
3944
263
2051
1504
1080
4405
2744
2486
3801
2240
1512
3613
2266
4807
4398
1171
2087
2169
579
1163
4139
670
598
3141
3502
74
167
345
3774
2309
356
4447
529
2539
4173
281
1960
1972
3547
4316
3695
2882
122
1394
4141
3688
4227
3237
4194
572
1995
907
4217
4330
3258
3062
4919
2917
4020
1076
1040
4555
434
469
2034
4325
135
4550
235
1840
4813
2344
2164
2277
3112
2854
4517
2975
1615
995
3409
4892
4296
573
3505
2904
4745
1578
1384
3142
1521
2361
1783
3721
2252
643
194
4200
2412
2002
620
3227
3099
1376
3374
810
4687
1503
1624
1851
503
1248
3556
2891
1987
1188
2196
4430
1916
3896
1316
2018
1180
1984
1746
2808
4055
3132
4590
2659
1699
2316
1867
1109
404
1490
4297
930
4039
1875
2507
4648
4765
826
4662
1834
1611
4693
682
3883
1318
479
4682
3558
4185
3054
3382
889
4140
1202
4310
204
4890
3249
966
1483
3469
3213
3059
12
4586
2513
2116
912
3746
3585
982
3673
4622
1636
91
1509
3707
3924
727
4786
3867
1941
3086
4634
2546
1870
228
2682
3520
2745
1825
3108
3443
999
2154
4449
2120
721
2350
1287
1538
4866
4822
3460
3372
1507
4712
2284
3789
3887
4240
4891
1745
2990
3894
2992
1974
3940
3868
3953
223
4272
677
3650
3946
2429
1758
2411
2005
3238
4641
903
4545
4109
1921
1324
1896
2315
2060
4083
3011
2422
4914
2664
1514
4541
2805
2633
4607
2059
4235
3002
3029
1996
2791
1168
2752
2449
2012
2134
4760
3653
1740
2811
871
3038
4596
4032
2789
1146
3324
377
2108
283
4864
540
808
3858
2139
1911
4763
4524
2387
729
3877
3230
4433
4775
4338
4113
1349
1656
1154
358
225
3739
3392
211
318
2768
3390
2380
3163
3035
3643
2582
3776
4559
495
3919
2712
3385
2903
4411
2381
3478
2125
4295
4162
1344
1827
3257
105
175
3765
2171
307
4298
1679
818
508
1139
3034
897
1273
4907
919
2124
2714
1970
3149
3610
3268
4407
4058
634
2328
2484
3143
289
2592
3674
4764
4302
2359
2007
4611
4062
3146
860
2234
4805
1799
186
507
1385
4606
4369
1632
2855
2402
3729
4625
2181
3934
2165
1830
1992
3068
527
4915
1042
3028
4479
4495
735
3911
3333
3589
3945
1522
4835
3582
1866
1525
4721
3256
732
3738
3826
580
3759
1631
560
1722
3618
4699
590
943
2019
2257
622
1852
3437
2100
2466
3191
2076
1086
4453
4902
3045
2739
2492
700
1246
4436
1297
3560
4372
1634
4826
82
2113
3376
2982
4385
1964
2022
1678
4159
2523
407
2892
333
2494
3604
3671
1330
4501
2906
1570
2069
3367
4904
925
3748
130
3346
2195
3686
1630
2940
1677
628
3384
2179
3280
910
3932
2313
2930
4724
699
4771
2013
3207
2668
3756
4001
1935
3998
2684
4575
1835
3381
2308
4324
4499
4452
1058
3952
1865
84
2144
1638
3703
4081
2833
635
2642
4042
600
3123
4064
4014
4535
3176
4821
3379
385
3394
1979
149
2948
4163
3181
3150
950
3023
1053
3093
1223
349
4800
4567
2599
739
3105
3164
4056
3216
2929
4576
400
4766
220
514
3204
2890
489
2430
1446
261
2062
90
2520
3718
1149
3731
1038
3481
2140
4096
4025
2786
2177
588
1558
4443
1290
2091
2826
4871
4782
465
2067
4339
4732
208
3085
4774
4860
605
217
3841
853
2009
381
1236
93
3448
4809
2367
2036
718
4688
522
4615
4558
864
559
3513
3066
4343
2232
1818
1901
1265
3170
4069
3279
4004
3950
2441
2294
2121
1701
2296
3183
1590
371
3168
3555
657
4393
2898
3119
1234
1655
3425
4618
444
182
4238
2147
142
2033
2925
4487
2068
2665
2016
133
183
1497
2040
354
1496
3151
4638
4023
4250
4636
365
4456
375
544
3055
3154
1759
3450
3282
924
160
1887
3240
1881
330
373
2913
3037
359
4889
3212
1051
724
3285
3830
3856
4646
1500
760
254
3929
3116
1398
4650
648
3405
3645
623
3682
3942
2369
1804
3272
3366
1761
2150
3047
4281
1884
2934
4631
3713
285
3549
4232
1315
4168
4842
2835
4320
4742
2481
862
4242
2584
4285
1790
1877
4432
3925
4599
4049
453
1939
3444
3553
459
3557
2866
1450
3083
3311
712
996
2764
3588
1948
3190
534
3304
4881
1683
2191
49
4808
4201
2865
985
3743
4215
2188
601
1720
4315
4846
4294
533
4419
37
115
990
4743
3648
3326
652
1007
100
4450
3987
3185
3984
1077
4510
1989
807
2920
368
2719
1407
673
872
3452
1226
4529
2030
2514
2856
4197
3179
38
403
2230
4016
2742
1907
4768
863
3160
2696
1905
4099
4897
4783
1724
1918
3633
4716
3782
3287
1610
3816
2088
4188
3736
2041
2738
2417
109
2972
2999
4701
1438
1980
2341
4781
2006
2250
452
2042
60
2364
3264
3593
2873
