0.7359803672439038
0.5448061577126877
0.6104792495229202
0.8585251444758711
0.8774789750811404
0.6798008111198875
0.8506716862191803
0.7833359068546779
0.6658988172627459
0.5301488516420214
0.6837164310243405
0.6136983498421814
0.9144471850948783
0.6954605966771068
0.8814621798399122
0.9871285381403417
0.6989366796338055
0.6814277514506386
0.945240126534323
0.6589476470924837
0.8537836296122245
0.9387668114491532
0.5991768115154263
0.7107696039070868
0.5786780727577656
0.7475574492112365
0.9322607697246179
0.9635018681251739
0.6145492409934092
0.648138501059663
0.946481551531746
0.6278820239496177
0.5606615713682672
0.6299516435572969
0.7203142351246673
0.5258299428233238
0.6307421851016223
0.9871596206558697
0.5550352644331885
0.5251958977233271
0.5775288375078499
0.725507131180257
0.5422808976560258
0.6342486470389825
0.7443736807290047
0.5984621141974151
0.7906661815161764
0.8482442809211521
0.9254436438521241
0.7373598638890545
0.8803684228684283
0.7494451993761603
0.9943382868594539
0.5230276853771809
0.6482905111522208
0.7677961069880714
0.989341067189719
0.9294287375698549
0.9226346798575733
0.7930951146188085
0.9350643042237433
0.7982854352372699
0.8457040407994891
0.8494461067959358
0.7627076841450249
0.5825189664579804
0.9498759584373988
0.6027187330044818
0.8197077066353504
0.9410765732225537
0.7611268895285528
0.9267218880871242
0.6102412581319434
0.9514140535143085
0.6228717221523525
0.9449988673509797
0.5783527139320441
0.6002816907759825
0.7383192588382601
0.7308686221889891
0.7730697632602013
0.540881967512227
0.6401255234149454
0.8934388833563651
0.9473783127611122
0.7109875195550346
0.7790904557823661
0.8473915926288573
0.7156614984486808
0.9994617213096199
0.6125524470963566
0.6906014023343807
0.6592002014958984
0.6855466122732841
0.9466288406136891
0.6890131193753659
0.5976337465578634
0.8241940864645267
0.5712885948286626
0.5699691474285159
0.5606530158296827
0.6041775154697377
0.8814654997070739
0.545510654838185
0.7859867405491225
0.6427690909485244
0.7886223733598878
0.5760642846552388
0.8514926877733071
0.8418529500316262
0.9687062510301094
0.8023207172716704
0.977204381627093
0.7229694619680325
0.6476888973623017
0.6859968894913462
0.8220054189625344
0.7579591243341381
0.5266571003320847
0.9094958218258118
0.6268443327800932
0.7698442481560537
0.9996687532650694
0.8701681947097584
0.9086049028540472
0.9396511025114909
0.7774049648652179
0.6823428135647387
0.8552987432663111
0.8214169947255854
0.5095721023144764
0.6194120315836493
0.6749319904879849
0.679048512096023
0.7339815273204395
0.9556108788066755
0.7608591615043423
0.6830416405075781
0.7119549377351604
0.7822932985519003
0.7711263324828108
0.6143949427191981
0.920831366778311
0.8549334564931824
0.9893643192073904
0.9888556821094765
0.505369576771755
0.5148469172483106
0.885964190176532
0.644721870457851
0.7192441716266593
0.507613242617831
0.9437658000893943
0.9610664743336518
0.9380614915157157
0.5246090468056159
0.5494648731004427
0.9032494751599106
0.6766882663969639
0.9440414313017136
0.5329985660638779
0.6211646195242048
0.98258022748776
0.585020530489867
0.9357106258939167
0.9180663898518084
0.9317959172084889
0.932923523662406
0.761382258899995
0.5031688854560641
0.6080635351855879
0.8753040334719362
0.8954919963925068
0.5489278562543958
0.7884499265703764
0.8715477321452261
0.6485860883078202
0.6109046100869695
0.5329263740499042
0.8830072856444112
0.7973433366195236
0.9054031373474662
0.645510205177696
0.7099858865366471
0.7925336131292968
0.9434052251965617
0.9607604337331044
0.7646979975596444
0.9350273788539064
0.65348956420749
0.6346705040877642
0.7188642031752948
0.6936642001107869
0.9965832681350568
0.7154258724728035
0.9128921388765803
0.605363966727976
0.5167603277798115
0.690822429183416
0.6707059787868471
0.9603340902773569
0.9963937615507633
0.5950865787956138
0.5811574496745775
0.6212009356695779
0.5316470750433908
0.9430599977179206
0.5564105522283227
0.556280390475935
0.8996988283745053
0.8222502133376612
0.9956312946747699
0.5749074426246927
0.650312482158604
0.635629912573125
0.5798464019496625
0.8548517798708835
0.8265565758979201
0.6536269228005923
0.8052516159748369
0.5247453306121685
0.6420377914574781
0.9483693445423129
0.5572845690289978
0.8150147608095047
0.5058170950379561
0.9421424218273566
0.6150876786800694
0.7315012186774055
0.9314322734647911
0.9543202497829023
0.6757612115947657
0.5005274314020558
0.7225879455749242
0.8661777170797489
0.8242067911706271
0.6571398237367171
0.5917209971645978
0.8068690181958308
0.6599098978555755
0.7462942870120726
0.6012112821901006
0.7477687461041045
0.5955558866515448
0.9971247642125385
0.7172540075412391
0.7365914211144187
0.5632309587746294
0.6396753006919849
0.633404334771265
0.9675380780844263
0.6024433283960069
0.6926465880901564
0.8368223793331198
0.5685646981740279
0.7031311600268695
0.6509744784447187
0.5703412056245014
0.7008877000813698
0.6701742200406562
0.8226261731290978
0.5055330544160894
0.8308046410656553
0.7126177180427127
0.8606351109255717
0.9632154764907184
0.802875667712021
0.6224709630585439
0.9241150462523774
0.6961757609750832
0.9004829666061286
0.8251321787250768
0.9074601394999515
0.7408334815963155
0.6093508815254617
0.8700151599149497
0.8347863712863095
0.9257940129770601
0.9087265942791491
0.9440333341871492
0.7268225934835539
0.7436471137263551
0.6223069565441512
0.8738531194632838
0.9361146089162973
0.9300282896122982
0.9598012348359818
0.5956397515108083
0.5798107293457391
0.6890517639456742
0.9187669707807381
0.6726368616670237
0.606346454768241
0.5877082958948086
0.6042596925234108
0.8314908758838866
0.7136637420585118
0.9077140092542968
0.6252672868158156
0.9241561402575911
0.6798083322310386
0.6131354345152964
0.9376531553079182
0.6710384077551386
0.7656316935528539
0.7507595537902592
0.8730387211286036
0.9909038921646132
0.8431986807603813
0.530991638125057
0.6860505753892355
0.6303502322926302
0.9365718785022379
0.8444159293885278
0.6937523237542231
0.9665170580204148
0.9284721731728762
0.9734979434460787
0.6319028098899859
0.6150982888644824
0.6345850767278858
0.9675128060908673
0.7641594726173042
0.8445681370942426
0.5115990522545664
0.9815901597305032
0.578401823868306
0.5789737984571863
0.6767678779298991
0.8286225481311287
0.9508750734308079
0.7892391836585275
