0.726845621533498
0.5039013050283873
0.8041740343478683
0.5514396018697323
0.7992179766914163
0.8794907514012291
0.796357467467111
0.7382462431855474
0.5319376842730439
0.8861679087836091
0.89536717337379
0.7760927137068071
0.5839120583870563
0.770656279345436
0.9433090434319917
0.9044854149358108
0.5688366159901499
0.5822275136193061
0.8623327197262776
0.8151141938583111
0.8221970048978937
0.9246813148834601
0.8927138384313329
0.9687638821923295
0.9267117310235221
0.5366019946764344
0.7034266210805082
0.8125042832453261
0.5593630538166043
0.936754465266713
0.5589381812675509
0.5586461493076316
0.9046337848139695
0.8842523434453997
0.6908866682880119
0.7049160168565286
0.8213516818683383
0.5821271299229793
0.5375269728260461
0.8288654292862545
0.9848202694364632
0.5223238670998461
0.5693447032163673
0.6360022334717454
0.7066815755603368
0.9084706484841987
0.8198324638787146
0.9063960153699904
0.9533195892484642
0.5289309055376301
0.5542428564689289
0.5556364220814305
0.6883456447242833
0.5980208799944458
0.7013733278568934
0.8388205013803137
0.9106198855730425
0.8784249527695347
0.8041220582992936
0.8731297591019019
0.9341782921700954
0.7465827694705867
0.6313049176113911
0.7677986176530702
0.7641325048528018
0.6734495869961021
0.642502386632115
0.5860386890991165
0.9934322523651846
0.8544248237557068
0.9044759375885636
0.65335387412025
0.5896602388931513
0.962584453360701
0.9837866165875546
0.7154219788849189
0.5692882655331043
0.8904595092279703
0.5429184423559955
0.5623347647056869
0.967481342557679
0.5479061472345916
0.753551911158193
0.9094326238046098
0.6919088727952596
0.5488098133706039
0.9330903226984175
0.5762699062550325
0.5878849899509284
0.6631036393096781
0.9428968703845586
0.6959823143423451
0.6750573205812841
0.9165800712163622
0.5632463108225005
0.5290055414803342
0.5842736719423316
0.6962121247293902
0.9216754005897619
0.888706382484068
0.5475974195149663
0.91996920841862
0.5184718133543464
0.7711530300340663
0.663525301982216
0.9338956435228232
0.5556898968760469
0.8305837571404122
0.8877185678912151
0.9355562730635953
0.8042325110836213
0.8556564484117682
0.8948083147877541
0.6149084888295465
0.5834497431430394
0.6598249211709903
0.9860851939692293
0.5649589558416378
0.9570170692603823
0.6215624938129862
0.7816563519275148
0.7600548869696069
0.827290671590719
0.8815086212291674
0.6567902055155228
0.9690778924370818
0.8883222071920429
0.9565365231052203
0.6613355080245055
0.5995144305622089
0.9945249592412273
0.955058218971935
0.5161608534390084
0.5370306635532586
0.7067492565807594
0.6383350938211667
0.9423271761089382
0.7030395688819655
0.7460174475561261
0.8141517532828726
0.7097784735453351
0.5274178488827597
0.8947915962741335
0.9602469495841667
0.63296615700676
0.9753227521380687
0.950497783041885
0.6612258714357144
0.8096055520453929
0.8210575331944577
0.8605749163879528
0.8200529893256412
0.8921294130226471
0.5763444407852196
0.7032417719464213
0.753883997726738
0.778046326230821
0.7221763443248619
0.559472188947913
0.8343050970480521
0.5738175316460831
0.9120368957189473
0.5841748501799522
0.9560314217603705
0.7004392219519289
0.6634426771663291
0.8348792230691926
0.7763724266707552
0.7286099165568058
0.5900680091595041
0.6564376727119315
0.8915292865430021
0.9973348024031656
0.9437186115515318
0.8975168549046115
0.9946860075354369
0.5439955919626371
0.5714936041229526
0.8192593121973357
0.5676973184746352
0.5067348103310299
0.6535499322634061
0.8282796208317393
0.6215572392520269
0.7615852595390555
0.9068740259624051
0.7450479060777493
0.6462501437891064
0.9951723876928085
0.6453313719288533
0.657639657608601
0.6130820461243853
0.9546786228470963
0.6626882987310868
0.7707310595578235
0.5392559516354418
0.7075226208872537
0.7857384207451784
0.9120144056562565
0.9694493194512868
0.8111608368846062
0.5655219508634778
0.6417416239948235
0.7825018931692708
0.5405122229427936
0.7601664674734476
0.6980610270266061
0.5092843273738649
0.6499564010114506
0.5854091607940807
0.685641687805151
0.6815032453917571
0.7891038469910738
0.6313393438837376
0.7691392452593061
0.5906580705434368
0.9372300221784662
0.8723115771665633
0.5781334726442182
0.5517062140227555
0.6039260261832629
0.9203020516427223
0.6834442961730101
0.59370876591272
0.8018977734032651
0.7207523099507811
0.5938289718635676
0.7769214295175435
0.5103174129173949
0.6678694942972281
0.7725369846466883
0.6483253928620478
0.5281444218345399
0.9288526827647681
0.6351667175085245
0.5818568573185665
0.9840679595228545
0.5309344671541523
0.6771076344507231
0.665426168855278
0.6502091199947313
0.9427748668690805
0.854979729718898
0.8547980485330202
0.8261359747007129
0.5134617587544187
0.5197482008228174
0.7812464618850314
0.6378872019989249
0.857856249413079
0.8054024600288228
0.7968756942150921
0.6925354679527795
0.8640440643659897
0.8208493961424757
0.5787296329769613
0.9828217410059291
0.5022028715841895
0.7121364131291541
0.6371678657782192
0.8491821466690035
0.5194230445267385
0.8796598191003047
0.7625103775946981
0.554401016274529
0.9178875374516193
0.8271700511970228
0.8800853641716762
0.5343161988247868
0.7639286304497714
0.6974994199764879
0.8575811395730752
0.710489062651712
0.5365316612807085
0.7215605670209657
0.7456558994764084
0.6304012330471239
0.7469044409403232
0.5853540947677636
0.7695865643467198
0.762691215496881
0.7173438216223081
0.7871429919108127
0.9696154057461862
0.714541273136686
0.562618328031368
0.9735443865674032
0.9212836307516437
0.6049649823675536
0.7013388287153192
0.5955342341957635
0.7834098856710032
0.6382323063645396
0.7171998680715427
0.5059862699075568
0.8614866616400318
0.7505822323310604
0.7467464817574663
0.5050493442751378
0.828535199789534
0.955892425500092
0.8333253135510863
0.9678827024386121
0.7715521364473259
0.9627300338718489
0.6767780142196926
0.9854823004008082
0.8134572034350817
0.5293715674387144
0.5805290027882384
0.5562674373261809
0.6428418279175041
0.740474186891607
0.9798328152964012
0.7133453472888462
0.9665243668804191
0.677126528959132
0.5302474250031837
0.8363075240491391
0.503721191856285
0.7667565576320794
0.7803619484587303
0.8429778640864802
0.9153336944107915
0.7118837500599937
0.8374088092975578
0.9416546861429527
0.9604158486977951
0.8236286972647167
0.8432103203642933
0.5966575274538495
0.7388275439543985
0.789254543384518
0.65478312685055
0.7879159234431431
0.7242468870059596
0.506602027254172
0.9881062749633216
0.9530410286540398
0.661859617653362
0.5704501504497919
0.576685136423914
0.9121601470063239
0.5704374301939423
0.6476776491051504
0.586178301254356
0.8542000140143462
0.6073887717891686
0.5048611101040081
0.8402697606523701
0.7447330045013573
0.9824282820121755
0.7132820973133511
0.7044616213256434
0.6458646007603429
0.5059493074610935
0.7417904397018139
0.7146631773119801
0.691336259338962
0.7182892416847287
0.7484147030517689
0.9596619968064106
0.9558835150734536
0.9182155810280666
0.6376332327915242
0.8894673409753318
0.6176661609374562
0.5728223989904944
0.9425099508678033
0.618887479163653
0.5028067692287099
0.7883097234528377
0.5389059790836798
0.5596974104265973
0.9017932331209741
0.7999714452276769
0.6783141925262841
0.8284939331075225
0.8264630339580258
0.5232957700088818
0.5935575816338323
0.8978596043880425
0.6945967681613185
0.8181731639978176
0.8433945924987628
0.5777801307350676
0.5151322738871025
0.5176039159389123
0.7146070153908484
0.6222189326195313
0.5063560792453778
0.5675690297932716
0.5926177473395859
0.8534760023679984
0.8503845517638116
0.8060688781802827
0.641898366178909
0.9159635393099992
0.8712483195973756
0.948293997377762
0.7678897140814364
0.7625052712506142
0.894879145243171
0.6625148651915378
0.6181815549704235
0.9721647187221691
0.9854659901154563
0.8570211257985046
0.7574214401255551
0.7745797290935907
0.8760037778665093
0.8143193446637491
0.6150848697159106
0.5017764935983207
0.5125561845049789
0.764491716591897
0.8377409498642827
0.538293396087787
0.5438547582703916
0.616264547820252
0.6439792825337302
0.9804719433534868
0.6325020120927469
0.9395705347058669
0.9981495229823557
0.7256092864876487
0.8556855151391616
0.994402363561302
0.8965585522871433
0.5755026248522506
0.8528638824646106
0.9156560240169322
0.519233907475723
0.5208269070632052
0.5072454221306957
0.772759128581106
0.9052179372161504
0.6957687997775746
0.619057733087846
0.6384169960020737
0.5034443133018112
0.9755104980966256
0.5018349517571199
0.5673313880299613
0.9154469851107186
0.7820887182680966
0.9521644495187229
0.7617689100566891
0.9900915569946303
0.6222928318507788
0.619669655729028
0.5597285756093444
0.6332884686576168
0.9970274862110582
0.8340182826767608
0.7619613460069268
0.9273758222425028
0.655153955042903
0.7590589019177664
0.9782173439748778
0.8230023950548222
0.5859958460873298
0.7277202146740971
0.6851114834760446
0.9716541410671791
0.84531124477747
0.6847121411452648
0.81840543436724
0.5925309341321763
0.5339550806807294
0.6515554800055222
0.500044998786775
0.568878200576989
0.7425491027162247
0.8166119399482917
0.5144548693785405
0.8061894670447097
0.6262982925491926
0.8288583286374063
0.798614797095263
0.57746757002035
0.5576109593950298
0.5773942307852402
0.5183917519441296
0.777580611547622
0.8365267430427211
0.8729998598494483
0.8494038053679882
0.9657890147960095
0.8186638571174987
0.7344941944800567
0.9843222804698432
0.73150589883478
0.7845760178666485
0.5024355219892085
0.6396898365094245
0.7568153166189658
0.9177022376971284
0.7501176428771301
0.5704986539493397
0.5997643776720283
0.9887686573960448
0.8245079288935797
0.5877700959919665
0.6902833712840187
0.8114786288497265
0.5300759390766232
0.7923418633887918
0.5340985375573799
0.5412172787233349
0.8498980511632468
0.7641958023124549
0.6823588553807258
0.5808260150668777
0.6495709328790449
0.8432219930083934
0.9538067813716649
0.9767831779523344
0.5895178017405724
0.7718554951914772
0.662789696641348
0.8987211692350294
0.5174023556298935
0.6791130064597206
0.9217225728490551
0.9251674637753157
0.6214146939749869
0.887399140506073
0.6474355163319161
0.7924117519090673
0.8747129934766171
0.9298840615113846
0.9705315198796354
0.8474027947459775
0.7383204660277267
0.5074730004590322
0.6645192057666973
0.7420288229113707
0.6442982511740485
0.5103986822735467
0.5369755998986598
0.5793301210358228
0.72151829552065
0.5612028798689958
0.5651944919166367
0.6225612752188141
0.5348190469167993
0.9443025641347327
0.8481835065335237
0.9847968401433336
0.8416794995554094
0.745184634557454
0.8553894417036919
0.5922607415587529
0.5112355437828049
0.5865354361215551
0.5206952433439729
0.6899890737946186
0.7650445322117401
0.9471056486910829
0.8989544783514061
0.7261540536851472
0.6990807721135961
0.5330523879125262
0.6973671841521321
0.8115004091210636
0.5129318752187957
0.5436880725524522
0.6548534305545373
0.5913769579043309
0.9072712481069014
0.5430266931079861
0.637582630301112
0.542025540278662
0.6222504563352199
0.6185486457663306
0.9647748412174842
0.910541168831746
0.6342130075640964
0.6027279638514838
0.7668294262672813
0.5764488909544665
0.6585931094434561
0.5900751133614803
0.8429493751818735
0.5046216194717841
0.6758000971377247
0.6587669934588529
0.5691111375699063
0.6911199403196092
0.7088881667164966
0.9709494810827068
0.6949432985717454
0.8255847614344403
0.5857472461178399
0.7062716999339291
0.5993861652331982
0.5900332238441104
0.8902758711644367
0.93511574012628
0.8179019117547178
0.8783549151747847
0.8219801174654424
0.7978757258300787
0.7968621921775159
0.7539378017122446
0.6606243479579993
0.660468805611869
0.5602285177949993
0.9212247011311658
0.6128079327700535
0.5223996508691774
0.6385160001218049
0.778515121288071
0.8709496772323081
0.745482109874657
0.8731929375437555
0.9654591073715799
0.5199857485149302
0.7673798448291965
0.8388829318546636
0.9223692439210693
0.9698191557093178
0.5489574668422696
0.7788388007212566
0.7507838531498556
0.7888929968560044
0.8060025773992082
0.7270702212277662
0.9966914987226352
0.549930569370645
0.6233451791585745
0.7405707239780499
0.7772130111595912
0.843679135789049
0.9406399789362738
0.7959779305327577
0.6223733537972704
0.9492841287558574
0.9080096627598935
0.8590495208176607
0.6145055693350951
0.5237536160845471
0.9916133427670499
0.7565603617176819
0.9671107293617516
0.7297736315190255
0.9089770845909615
0.5132295031547299
0.7532871302763542
0.5087886184156877
0.8641156308188536
0.6670231313626174
0.8256660556660116
0.7136483973539467
0.5978893288550768
0.7903142816921346
0.831630625589771
0.9591407306748312
0.5339306913987791
0.7038225309482868
0.7574801068534285
0.9397305984869193
0.6251434512830052
0.7904807358522683
0.9765400181289272
0.8415541254590659
0.6501917418298988
0.5975754710857336
0.8969052266255784
0.864579821803092
0.7959043448328418
0.7290329333386651
0.98865122122312
0.5433343936850308
0.5937431625483552
0.818775131654031
0.9512442767842825
0.7926570077756445
0.559101374366171
0.818644314700631
0.8970039431579666
0.8354470227383346
0.6534755302568855
0.7752112762749284
0.5497258887042511
0.5998397157512769
0.6158629997903597
0.9508157545418399
0.5280911235044543
0.6015872053209709
0.6401409529459476
0.6908036198211965
0.7959229743894428
0.8171565830340932
0.7003006802200848
0.6189033278277668
0.9368304802920315
0.6866437914077241
0.7626670892306786
0.8268096829469855
0.8948419372976025
0.6306355063080904
0.5863325925078289
0.6539755079610736
0.7555744515162512
0.8483358251608306
0.9898302427000076
0.9114720113887127
0.6660647850150627
0.8880269345668277
0.8822940552882328
0.6369210832020845
0.753170049953684
0.6531203734253543
0.9967398315043394
0.9331019520910249
0.7341746602600397
0.5746883844374595
0.8531625620285006
0.5550935392476266
0.7941147017001429
0.6095756194887683
0.566296466939579
0.9251504273410147
0.6929001509192589
0.8165664211815631
0.6349767744742905
0.8252127877647577
0.8382846542838336
0.9706824982060176
0.8199251869486361
0.9908937521376546
0.9823793141986144
0.5254004169057558
0.870872348305846
0.5068662085757323
0.6853720746215697
0.8604934401066734
0.7252365396029203
0.559250487544924
0.7134693419783333
0.5588452973565812
0.8267215877387595
0.6455223165087522
0.6708116813701506
0.6422921966147968
0.758958813470726
0.9458431006033795
0.6455851556033703
0.966079793993562
0.6810571528994622
0.8579363227660393
0.786668267013581
0.7006993500747343
0.9468523752842211
0.9895156765173103
0.9415543352514091
0.6480738212068458
0.542854946430676
0.5417617927327931
0.8085932307035113
0.9532789076647639
0.6622266034481499
0.6573699989609234
0.840910089384334
0.9581742750592027
0.5177356584801361
0.9698553278675949
0.7483056612322178
0.810232460122048
0.6253361495275291
0.8324021209703834
0.8652282396721499
0.8373014004254486
0.5091452658505224
0.9476558133170252
0.9056386758867405
0.9755151556067115
0.5264852837695841
0.7396011978196497
0.9180210240050592
0.7067416102969266
0.7596446602805043
0.8742282996040306
0.5755111971831226
0.9079129500306438
0.7898348560712879
0.5916793051871727
0.6613266640286857
0.5637788382639508
0.5942121394154651
0.6099187712964573
0.8471530976678836
0.8514582812478915
0.9918855658056156
0.5777530608729065
0.8712642569043971
0.6530938547510774
0.5343789502998235
0.751849163552799
0.6497361098165488
0.610421306678389
0.5799788924873426
0.8703670176551815
0.768237207203087
0.529202708201663
0.5473254712110129
0.6852911027518593
0.8321996889956145
0.8150073299966987
0.5321607984067417
0.9518224981772678
0.5451503143309793
0.7072877815333762
0.9855984186349317
0.8446878147183527
0.946896221416758
0.5187279149790542
0.8217579772022441
0.8076997215180421
0.6407233635868885
0.5096740758987883
0.7044842256320647
0.6024177471812936
0.5588437298438227
0.8173155548477149
0.5187044314033953
0.5692192571514435
