0.9404027172036173
0.8051035931053783
0.9602611252516076
0.6765502141389904
0.9123194425655107
0.8161141065683314
0.7014253140376447
0.6639027421912274
0.6888258515102789
0.7824744016975256
0.8177257974739599
0.734242590441797
0.7259368808214113
0.8873990580233448
0.7190870900639474
0.9906944139685114
0.9470265227241657
0.6481048742093356
0.9269930730488675
0.9429985149366595
0.6893423798296151
0.9296118376583977
0.611116694849675
0.8454756186821479
0.8407598413538127
0.5101301510077401
0.9378713525630662
0.8463406593864977
0.6661604874958779
0.6803234051755009
0.8685758752636112
0.7833747901124688
0.7392179073178503
0.6842725191627809
