0.6728138547556336
0.6496885895360887
0.7906615921673779
0.8168110376578999
0.9259629062477639
0.7966455122691178
0.9060435802822318
0.7066797398188942
0.9185899989132764
0.916327799002706
0.9274239687287715
0.8890808812055623
0.8864819994545015
0.9113748713131062
0.8393447568237976
0.8372819453047495
0.9756242159731672
0.5832296849627339
0.6117959168292753
0.5834422977444895
0.6591766964431724
0.5073414085016585
0.9720217465350508
0.8278288501539742
0.915429993891405
0.7113988561354146
0.5852818430871082
0.7912011643597703
0.73417698611675
0.5240756336128449
0.5089224529215389
0.5787341503130423
0.9726551962371234
0.9771206337203249
0.6449677234371896
0.6462337071545656
0.6048946947512797
0.568912457682609
0.5300614067848373
0.8219260611137356
0.7960777126170184
0.7983824861468964
0.8388458995508782
0.9425753349579731
0.6256502466957816
0.5640523230125833
0.9966845733884173
0.866883348504693
0.9578055388879281
0.9303970179399874
0.6579718737511461
0.715683971584214
0.7493175128688121
0.6439993335759414
0.8592398228861915
0.7066143638768605
0.8743765828183738
0.9578022976936162
0.7559482535410389
0.6785326010714807
0.5865122836670401
0.9056636618681126
