0.5309232149176621
0.6691426818363021
0.5448636694160804
0.821251182741221
0.9570848830557934
0.7136924372288929
0.5797978401863035
0.973089284701088
0.5768178700949133
0.5884360107515836
0.7844140984994714
0.5182656881321555
0.5712610282705335
0.9270156061183801
0.6886938890269121
0.6381921403564979
0.9303512788471139
0.8567685592466623
0.6129462945493831
0.5602133185164084
0.9531666703018985
0.8544865889919666
0.7018121748958388
0.7378611026061634
0.7550433088213322
0.7792770655812262
0.9389676214516136
0.7188483105127148
0.5618864009786857
0.6971475690260323
0.5978436287732104
0.5726230187682138
0.9218925987335359
0.6934050067072559
0.5294250333832737
0.8906823099575336
0.7007811563820334
0.5803650799800921
0.7484440322530533
0.9578358402812435
0.9873245513543658
0.8573967793401975
0.5785180976825013
0.9957429985425641
0.7221547659007544
0.9314280616761186
0.5487573128363479
0.9289496090479248
0.7819704511963796
0.5580703092698278
0.5407534996551233
0.5727738013276924
0.59902680606899
0.7825093443450415
0.9130830352776175
0.7244138599826114
0.753405258961047
0.9485571290872328
0.8360273539059967
0.6239294559909265
0.9207161291394802
0.6664554478536848
0.9156470542329727
0.7476717822479568
0.6031288343165727
0.8431878037572973
0.9186729836219782
0.9201935171410258
0.7990231048385186
0.8743381680164848
0.5546200609302528
0.7030040611409181
0.9411396717677509
0.6855543182124182
0.7588998998380767
0.8534613705695455
0.7949369203797384
0.8626680095302943
0.6931718541926815
0.7282845931592281
0.8249843853977797
0.5309783010013965
0.5956718327050753
0.5436599216695857
0.8108578402214737
0.9634541287081626
0.593576660698677
0.7636299548356396
0.7344374730727043
0.9233608083569553
0.6252321460769019
0.8747070953767511
0.9556253063597302
0.655618499257252
0.8815696226852088
0.9103557244101377
0.7236884413418077
0.6855744460636621
0.9224545311160084
0.6475271532525977
0.7925987877638329
0.6996004945311216
0.9459209756412794
0.9369502731055848
0.5280940490007577
0.5402566128988724
0.6779496510899744
0.5658637713382115
0.5672427495663204
0.9954408431002946
0.5214809413100175
0.6050537287169226
0.6027589302004432
0.5614314581544435
0.9336558337895889
0.7575973992037099
0.8011895815162515
0.9625883647056062
0.8024925543376615
0.5829550098001102
0.5021230232282485
0.8971530547980218
0.954637113281394
0.6063031125881875
0.5547631801781663
0.5944375507351494
0.5153572753008185
0.5165228603418264
0.8261105462334795
0.6587496873096663
0.5452509685814384
0.5758348519748797
0.8358523447102331
0.6537341323417907
0.8782505778166698
0.8406522646355962
0.834241057265528
0.9827575596296112
0.5595176245338831
0.7887209705451164
0.9626741777415224
0.5660723742360435
0.5641660688529526
0.9116084516053081
0.5532687886296441
0.6195932203615777
0.6769314359188369
0.7589024293408264
0.8158178711958992
0.877479251370596
0.9081837319371482
0.8993841092650332
0.7283398523886185
0.9343337131770129
0.9702041654216973
0.5934306356204089
0.6017584817366148
0.583403094333028
0.9495331502168158
0.6548571154073544
0.8885347327084897
0.774116401504863
0.5061503664380831
0.500892088619266
0.8686634442955002
0.7462283752328684
0.8611321481773337
0.7893332209204041
0.5464751503071907
0.8154596027908081
0.7929116995901344
0.6240049344552165
0.7183428060624089
0.8231399381482523
0.6024559797440818
0.859572216284527
0.8916139779291977
0.5270298703968761
0.6107690528619895
0.6874030855090637
0.9760919971980535
0.7540175130290625
0.7815493132551009
0.6704034899501325
0.6313492170107093
0.6495684007712188
0.7071971578924596
0.913314335894144
0.9589608409900507
0.8643170047030134
0.7745831964628651
0.7533199786781306
0.8415772796647767
0.7139035975502205
0.7982861925052538
0.936656769362063
0.8132113693799943
0.9467409246785434
0.9216058619086002
0.667018187215571
0.9897633187903834
0.6742507798273507
0.6923492771004949
0.9015226777065286
0.6149853943178357
0.5330149582495849
0.5508268337010866
0.9197559582568153
0.937701985886344
0.6251125650133065
0.9417075440593687
0.6962638997007997
0.8784421552694545
0.8087024360787693
0.7395274636286054
0.561354487766621
0.8904308033600903
0.5330636094919068
0.9327879923839548
0.5672173172552413
0.526400702690418
0.5791538633290212
0.8491716973929255
0.9695537288987122
0.6149876235450149
0.9437718091000089
0.8284757364971651
0.9087588126684398
0.6642517328920553
0.803951448841007
0.6862101606332316
0.6120192117950213
0.7705641924412889
0.8774168700102487
0.883707808937589
0.5798259985984628
0.6897737257096351
0.6209018157020527
0.9092444913966048
0.82625443689951
0.5921913213044453
0.550910330833791
0.521216661726799
0.7967462777290508
0.6813573620080526
0.9571783258687043
0.744196033307924
0.6064408089157629
0.597229241685858
0.7068074030433225
0.7324096292232385
0.7415889496375963
0.9187938837994418
0.5416490644168255
0.9715405770816046
0.8951633926483221
0.552822252076665
0.8858224172309739
0.5819004565309166
0.5168426192271205
0.7877025737574815
0.5594342352365043
0.5569843819005065
0.9286691384240781
0.5841116282082126
0.7068180283011223
0.5612684766339558
0.7788590548552905
0.6138454335341084
0.9736018076207633
0.8369792427555716
0.7083614675557606
0.6018050889926521
0.7726348279063201
0.6202617486314784
0.8356764877205849
0.5962382297349278
0.9013306392607794
0.7960409959014636
0.6860402673159476
0.5399027618871581
0.7394281061818124
0.9380226704864754
0.6398206736132781
0.7470579308066272
0.5025093998961653
0.5617558050218281
0.7235064307130159
0.8143085940938564
0.5508315197651177
0.7330203466864109
0.8007419505226685
0.6983344541358434
0.5716108030986968
0.858839274355309
0.9517614289012634
0.7744828120596416
0.8689904467816554
0.6756897221866914
0.7323381373040626
0.8816085758394565
0.5859460295763732
0.7790999301581282
0.8898596865478214
0.7837398822569579
0.710438443802362
0.762022458656572
0.8836264944579244
0.8753629800457943
0.6609871133805076
0.7505703923924966
0.9422225865920075
0.6490324914760641
0.9839396052794385
0.622700561492342
0.947345877018019
0.8533177756466611
0.6042321269838216
0.8673723996106923
0.7085823199754753
0.7374126934014058
0.8418340881509268
0.5626873913208323
0.923748318080883
0.5110601503352308
0.7901786057241134
0.857746336659021
0.8218303815549852
0.5093261659971755
0.730519860600187
0.9614718448691922
0.5111177926100914
0.8580100625661237
0.9194597530666296
0.5654396817737779
0.6089228689412305
0.9497665263034596
0.7422600607015521
0.5314956302060697
0.8776889648864785
0.8072842637916439
0.7026109157244531
0.653341546490859
0.7163723028240409
0.5448324692408643
0.7653225420772043
0.8539600566306034
0.8206033807683779
0.7564897402776992
0.5488795728134206
0.8466029881058257
0.627480762916387
0.8603333257425139
0.9340467536837147
0.9800248499755246
0.5962050903782494
0.7634121961291447
0.8873241955108184
0.6840977714161978
0.5085388616818933
0.5286418253664017
0.9531161974845596
0.6200064300806523
0.511434101328264
0.9153059913479665
0.9507147508332976
0.5670928611746995
0.5850550175460649
0.5220632990334073
0.8825743136009649
0.9105285305998311
0.6161045545831263
0.8612261339720164
0.5779514259917553
0.8981975472088004
0.8251435438836232
0.529545933702789
0.5039890175103764
0.7644577765027736
0.8963250093311945
0.9011220674962899
0.94346401967534
0.5171688919770571
0.8911120214573615
0.5453124424211031
0.7574820173168573
0.8450068616438381
0.5818894385075318
0.9458130070258528
0.7740347018549237
0.9995810685801396
0.6245124388118584
0.7408899013647965
0.6956320507369473
0.5508708723903598
0.6875452847130841
0.7815207529288758
0.9067149000412589
0.794849835389502
0.6279082022089484
0.5298078578187169
0.9100506950855796
0.787947321821419
0.8284813150288333
0.8455658889705432
0.6135873840430007
0.8206335545991919
0.9458430805662841
0.5957970010581652
0.7498178981430983
0.7103766490085026
0.9147600145321695
0.8179954501504065
0.9218263700415021
0.7265291388468171
0.7465654917847317
0.7683183575587703
0.7584311682168612
0.5905944415539683
0.5234162618811468
0.6842508763568254
0.8887631889009351
0.8478986436748381
0.5888111717729485
0.6208540197873303
0.8861782111697432
0.9413304200886021
0.6873952477258253
0.8585224991270867
0.676774830070618
0.954436669697446
0.5127269905627767
0.7224878383892139
0.900543892252367
0.5755579906650525
0.8539920086760546
0.6000377820571068
0.5421806140758699
0.6974658419501376
0.7705329886711056
0.8603838297270476
0.8408873587480605
0.8919790274476561
0.8806335320374765
0.8016478104522542
0.7051460304653174
0.8029040150605321
0.8898095722780259
0.7571080557449772
0.8396471992358019
0.7224011523907035
0.6122107497713631
0.6446342854611905
0.8152403978284106
0.6245779804045706
0.7275836022183959
0.9636206519605608
0.9931689408703832
0.5841396282316877
0.8522566777218503
0.5254308644621878
0.5939330254243647
0.5509865185052125
0.8336058393609385
0.7609410005449193
0.9816766028150401
0.523267534326677
0.8379915626318086
0.7187295827828497
0.6530218405870094
0.7526174559534017
0.5441933353361256
0.9382450565976654
0.7300900066416645
0.6681322563575305
0.862921360760325
0.8640479243371457
0.5700029991497337
0.7141326129888865
0.5892421339140788
0.7796281180398023
0.5068848048267879
0.7363182598394407
0.8846017900317028
0.6349224402648395
0.9175637818020486
0.9910980041947426
0.804735127758264
0.6224194236242345
0.564712294238519
0.7686914053271554
0.9241263177110046
0.6395139088951896
0.9686197915379487
0.6922037003707493
0.7080849870300456
0.6622733247139279
0.5682879551258744
0.8319777256069165
0.8317273366602099
0.7430202103012417
0.7845111792824208
0.8577624764830857
0.5446080174402534
0.9008127246017723
0.9870325349666522
0.9204895128482047
0.5812182727651497
0.7533343115678438
0.5547899415946178
0.5372450259237179
0.8475375205489939
0.6233653044159884
0.7590272979439783
0.7383032528730277
0.5779255882558207
0.5726755013649807
0.8241090587582955
0.8106154941103607
0.5861914715327645
0.7055481934430877
0.7673163478436662
0.9279024367001363
0.9354385067012043
0.8209757201153093
0.7484943768909226
0.5887508644949518
0.8824193531236246
0.7147897071855627
0.892524073074175
0.7626804174240043
0.8496187880455306
0.9580447214957856
0.8599793735063912
0.8815022227401708
0.9800178979953057
0.8105829659383909
0.8006611525951084
0.724784435956801
0.6402451593597465
0.5439787730348569
0.9375184128979466
0.8433660762572592
0.6207647587212459
0.8718573148847422
0.6244280935741963
0.8376224941061241
0.813939703290366
0.6351501354417449
0.5118654650977448
0.6069514036946905
0.6696203866569073
0.9317090235019603
0.7536789140794943
0.792411123098757
0.7397105017104175
0.709707658203838
0.5487832074281269
0.6977159033339104
0.8390574990494166
0.5386716025126767
0.6906393435186424
0.7466319121720271
0.5688664750332939
0.5608314094523419
0.6231973368123581
0.5090407449145704
0.9726942432703438
0.583160152824753
0.7325997254525028
0.8331723805904558
0.761192981171717
0.9106672529855799
0.6423895311436705
0.9817072145627336
0.8928043791922746
0.7543698518879964
0.8083833278762997
0.8731073531741436
0.8912162116533684
0.8878870207317656
0.9523324883822865
0.8915166786698515
0.6822714877527014
0.5742006136097743
0.9993353193079556
0.904054833711424
0.6737020536452893
0.7556835540469072
0.5055632828730741
0.6437415862636231
0.5908001640916207
0.9988127562475586
0.953844062627554
0.8638224739920602
0.6895036480472558
0.8993737573212361
0.6431636532186187
0.6834906848359761
0.9112021001142956
0.5614022346108783
0.6656844042584464
0.9639938798778254
0.9179064954865199
0.900932409408872
0.939252771402826
0.575799994847058
0.6222159566971367
0.7336526559559853
0.7186211013229653
0.602384816948733
0.5064146980146647
0.8945660344771891
0.6456336618549094
0.5220555401192588
0.5874424692007287
0.8115953431888726
0.588595962992474
0.7194783586836087
0.7355119891301017
0.9136145208816371
0.5908338433391822
0.7602308282162873
0.950281063908259
0.6514219850533667
0.7631438777235704
0.9481036711047861
0.6959070872288243
0.9020720213017124
0.8389424230259817
0.6597422858320956
0.5670763491475679
0.5792609360329095
0.8036689293140686
0.6892811572182904
0.6701507842511092
0.6959763667903
0.8158802582923188
0.9760318649721271
0.8056724239262816
0.78573573437459
0.8417685540756065
0.8891995672342653
0.9553020445296692
0.7065332733355537
0.7014589144246843
0.807166569351304
0.5342322542559704
0.7326798457446786
0.7639888110896838
0.6712941002060839
0.9200579999091851
0.9151365907216698
0.7996901548727685
0.7128976179758788
0.5370138336693897
0.8411914736609565
0.8748247315030351
0.8974187187376823
0.6954354126737582
0.6224121047201784
0.7648879423904134
0.9534960720315291
0.7394355165164552
0.7251441155124496
0.6754802143415617
0.5810215158695289
0.5093292610359481
0.703874532859351
0.9230825953240267
0.7270534772604131
0.7205409347049774
0.6411662055332444
0.9807556676585409
0.5081502797101685
0.5604224491777203
0.9045752349416967
0.8650134515104106
0.7245520250701095
0.8025313829537193
0.884765376246939
0.8080379803819124
0.5331019519452231
0.8847786399510589
0.6457689163846473
0.5829599001168826
0.9847853906629565
0.8616972226044521
0.8506987436062228
0.6370351661599318
0.9394404167011875
0.8470737976398264
0.6193227787970164
0.582046308760666
0.6037827947851239
0.7996824528317314
0.6508236911551525
0.5096977610701451
0.7552898930799836
0.8124760146340086
0.9164927679509471
0.8006598678990628
0.7517085315378906
0.6728255661121902
0.5862779995811616
0.8951722254966961
0.7678043579399814
0.7461737078480508
0.9071746587643827
0.5341790255359021
0.9923474447819176
0.8666429822685566
0.5644884626518676
0.7292868993450377
0.7570960913996827
0.8604756322408292
0.8830778564125037
0.5122586332753722
0.7253320951889292
0.7808180911304816
0.8035115882430668
0.9687674152690242
0.8503232703034287
0.7087639464739284
0.5211745222030302
0.6430967193972228
0.9345632392402938
0.890671364419762
0.7490059102054829
0.5624532414266483
0.9763608294647607
0.8957650112227642
0.807207571472465
0.5642297031598031
0.8194673647891582
0.8244814559811682
0.7410191438204998
0.8379282425491724
0.9064276266785839
0.9760486864706917
0.7748598849059565
0.7070801794684898
0.8340318325614733
0.7158460643528852
0.5293759555676433
0.8676201910858516
0.6948414999024995
0.5036750866223378
0.5906431048003422
0.5110059109008198
0.7770937636193717
0.6848010810909018
0.7807023363597285
0.5699369075730246
0.8581220447088713
0.8565918221651755
0.6888070474533885
0.6684052879721467
0.7686565549587807
0.7780409291210064
0.5327908401633028
0.6012533759004837
0.868579778944586
0.7321828434682367
0.6192070090201768
0.9958421392038515
0.6674970360944178
0.8511926585334735
0.5898998816688417
0.8975620394632516
0.7197290894732886
0.6894610693184067
0.6524955059925024
0.9812668786775016
0.6211875973352063
0.9356972507286354
0.508465168253336
0.9789626265716797
0.8799690744011522
0.5999143189120303
0.6656586163627022
0.8557677115071534
0.5212371477361717
0.6842102107252077
0.6542811717376081
0.901692626003398
0.897135137922136
0.7715663272566724
0.7607972500925433
0.6084578875452464
0.9650843848230972
0.6169826054781277
0.7798289547529766
0.8166915885997095
0.9676178560122164
0.768901153076683
0.6331002295148773
0.6805072690598477
0.7042792866913719
0.7934578582012206
0.7747448401872636
0.8396389241372355
0.7437783996478271
0.5073984712882558
0.9785024733992961
0.916224612709404
0.5763648236790777
0.9733668760385856
0.6213491998560143
0.5654055563046299
0.7578219790306142
0.8627554341622377
0.9451887744215315
0.7383721587952183
0.9011713128112997
0.6667299065279897
0.6040254323310295
0.8434478896020972
0.9652517822266352
0.8760581889254615
0.8524219733810083
0.7259689956775692
0.715237367950571
0.7498437976592798
0.6347234960633037
0.7538883244021758
0.6709516319533348
0.8109050144283803
0.601009991203592
0.9163219730347603
0.912336476557269
0.5224104685119919
0.5834557548310818
0.717815452347148
0.8426214870567926
0.6404133197277249
0.7453823912481072
0.583789958876793
0.891073846423537
0.7763900100549561
0.8452413302038861
0.9781569081118378
0.7966381184959774
0.8325342284246109
0.9658865065364108
0.9979685177750319
0.7601805430397827
0.812976435900426
0.7300099836041636
0.8319590855410086
0.5388429881051968
0.9331220049392193
0.5426352344008024
0.9785911683632444
0.9406409988331266
0.9792912146258117
0.8056943508267569
0.7997132170023658
0.7651565350689099
0.608869234882951
0.8344884566501097
0.938986036804114
0.6412712740472784
0.9092891588538422
0.713168118972718
0.6295223146522284
0.5909231870803653
0.9586315938903494
0.9060081698594342
0.7027920461478477
0.5515280970460934
0.6251709697358228
0.5501572106611465
0.6070156981492544
0.8815784374678628
0.876010337110372
0.7837644864159836
0.9637908939292344
0.5151260472977497
0.6326565389412881
0.5772338088042241
0.7404125709796857
0.8035144175716653
0.8748970533879881
0.848757614288093
0.9705351233541206
0.7848231210103223
0.9727656346499723
0.5280291049706717
0.6987582608642534
0.6738180748419802
0.9400793835411881
0.5331068877040419
0.7542971959260206
0.6663941185100759
0.8744421776620852
0.7440879962528788
0.6956899991111717
0.8038056114805462
0.8274004657742019
0.9940211433093944
0.66489405047847
0.5150245705149417
0.7616437040592359
0.7474742516015785
0.6532669692968429
0.8643463674312479
0.813094716377467
0.5221704771492847
0.5939174314246614
0.6073349479904548
0.8858002678289002
0.550171455147733
0.9467722260600471
0.8024204214050941
0.5267082256967781
0.5370406591978794
0.5807498370529716
0.8176471716782938
0.9613134943344674
0.7421035299078025
0.5422654740829014
0.9926655718900878
0.9185577076327822
0.8784323727266536
0.8594595477126123
0.6551552062081863
0.965332642345082
0.7875135847159137
0.571934737099532
0.966215535777142
0.6470918604192755
0.7613516777825458
0.5661655907196099
0.5834836405278285
0.6821720423069124
0.653965212488296
0.5690758420959183
0.9089051355577199
0.8979614556647899
0.6578784791976053
0.7518773321914296
0.9430206043356375
0.5858052748352559
0.5453748885882739
0.9715040675901798
0.7875257566340702
0.8118569827589488
0.6084929490040835
0.9512610134913253
0.9327932795837008
0.9850125614845091
0.8332188030179198
0.8632986714622048
0.5596536287163072
0.6381602565233803
0.7126109993054779
0.9341452338229719
0.9412633724811377
0.6967872564183668
0.6073596422005412
0.8788392662620694
0.9744046467643332
0.5319560834456696
0.5425069202672355
0.9353859034352636
0.7777740065396638
0.7792644379382807
0.8609416553018979
0.6173696222225897
0.6636330186990869
0.560900777857479
0.6652982231646876
0.7270007926258553
0.781800094000038
0.8211614596069937
0.8479022224369742
0.8256056176626048
0.6957649156612205
0.5202424423431868
0.648565584314721
0.978407525919931
0.6162933838313478
0.8334534589317215
0.7286062131719467
0.6844551439553742
0.5500195620233885
0.7423657283344713
0.6837459273487179
0.5850021337019924
0.8507316946091029
0.6364594066769573
0.7817507313409977
0.9877656207586407
0.9915508269239253
0.6629408645171952
0.5034382374049933
0.8336206977435501
0.7950531204418779
0.7193336809692985
0.5035324408773999
0.6531697175866717
0.960114694997136
0.5781545696673284
0.9471031247055905
0.9426309371859536
0.905015207677264
0.634900576887853
0.5553009358362044
0.5375757371808857
0.6477357791387148
0.8028141339622463
0.9968293529206864
0.5065573792754375
0.8784706764420147
0.6654349711217779
0.5938806687122707
0.8755297272886289
0.716192674782151
0.9302382709598706
0.6026169064628806
0.5974110722937023
0.8074547906010172
0.5645436576252374
0.5992865495076241
0.7295049088764151
0.8438944100596482
0.6011290708280848
0.5970410958552099
0.5782338729522046
0.868684455209652
0.8770167998830893
0.9124291380777847
0.601570890541488
0.6477761289717744
0.787175129210794
0.6373704646554601
0.7679394713000443
0.9959005698355947
0.9834694886911507
0.7213553433414885
0.8617115726814639
0.7218209148706207
0.7038329161904961
0.8358446745852712
0.9754662850540381
0.7393091649158343
0.8228573864186488
0.9611935511922245
0.8970202385043402
0.8089595937033696
0.9586377388013179
0.5099525843990527
0.901433348338836
0.7391224098768198
0.6057315831218135
0.8889876929665304
0.8555907011905224
0.6395981737905226
0.8023403965300535
0.8399412991721594
0.9972829085023723
0.8540916428716283
0.7101269459257682
0.5531214789498597
0.8959830411848465
0.5220536378615513
0.7663499084205889
0.7869054100218983
0.7612895109610465
0.8619268777587215
0.603728743668596
0.5400030190269429
0.9738885901023306
0.9112475738229813
0.5423406973615938
0.6513878589640356
0.6755722194977627
0.8889544541278851
0.9332410659234803
0.8049931503083614
0.7811977991537169
0.8146962921087261
0.9770354539376878
0.855695206037493
0.8869644048385525
0.5164905604486125
0.6741726133462967
0.9284881152400157
0.8055945119304726
0.6809955751188652
0.9529314146332404
0.9278525637150028
0.9599919337922616
0.6418045981396789
0.7675299010806406
0.7627805401921792
0.7189062452158602
0.8218877212206517
0.628993652665967
0.6882118877789566
0.5266073742834404
0.9873326017032562
0.5582328780196195
0.733897774009827
0.8106809954915833
0.949743822368053
0.5866094906298733
0.8526540918602978
0.7074287060431893
0.9206949286773121
0.8213612891454702
0.9127700748972485
0.7388634682599631
0.7021497701777537
0.6011450535569733
0.6114354290202201
0.9181193855889458
0.927644770403955
0.9919949021707729
0.9684239557408436
0.8400249807860011
0.7705702152463533
0.6455982640447833
0.865257696722873
0.5272958286767375
0.8877328112079413
0.6490679382785507
0.6974559776579966
0.914977117663266
0.8562275617660582
0.9347753036983947
0.5172427300339264
0.9450410203265944
0.9637213142487051
0.7585307289344854
0.7899442522930247
0.7086524818036686
0.8328258412045595
0.5069864460050397
0.618803038714647
0.5858675862945948
0.53918030553517
0.5454110409341089
0.7525407176288834
0.664589041690427
0.9695125624943576
0.6955418710566806
0.6096226193326897
0.7092720264929468
0.6413291442903054
0.912060450917404
0.9348444370666619
0.745501426802388
0.6522709797370777
0.7527874854145622
0.671729102102613
0.6922332836035368
0.9557613819707449
0.9411665093801305
0.6190410096778574
0.663478271732981
0.9470081626611495
0.7174517786420429
0.6813520641678573
0.890784775963863
0.6687955549609261
0.549218962183712
0.6252687714756209
0.5507072825260257
0.8649787444525165
0.7292435115741321
0.5755100297007144
0.6203248650099459
0.846607091484801
0.718494982939518
0.7438534394291192
0.5512587869798227
0.990553511101359
0.543107173083716
0.847628464027352
0.930825181331881
0.9949961950860852
0.8339182644987511
0.6934120990557533
0.51313473727884
0.9959389579950674
0.7381291382091564
0.7249731824970709
0.9535931784691962
0.8196839944756413
0.5870045565204751
0.8016656814999763
0.9565602620108746
0.830464464697932
0.868981911754039
0.9773324790409537
0.6913410592673366
0.8814957309300616
0.9729995510491548
0.6642265293961964
0.8903648478530225
0.6931182497934506
0.7586664670299643
0.8309923458462827
0.7914509851678384
0.5371952599227875
0.7176341254994865
0.5056840222184991
0.7249779307131206
0.6725296703229144
0.7917638892615795
0.9971985229422919
0.5814335144356556
0.5145493735188114
0.6807059652560479
0.7568384692220024
0.5255356705641789
0.9933573515919045
0.5932055588541802
0.9510201535407571
0.8635568290140083
0.9744309865553586
0.9272028459324874
0.9965395429660885
0.9085625425748056
0.6594885980192537
0.9997151335982484
0.906519223548081
0.8108707598992392
0.923282680721544
0.5412262949219425
0.9099009067198176
0.8551320931318983
0.7247449005308092
0.5745355941259874
0.5859976747193176
0.545592861843383
0.5584851707586158
0.6204610312792063
0.8245626576444285
0.7296184034431238
0.7959233690373511
0.7175361765463135
0.9137134847634959
0.5962197609178925
0.569907023334991
0.9719705124967077
0.8830306349858691
0.7852268485318705
0.5513354293155572
0.8979665604513452
0.9678891395351872
0.958090720418615
0.633508733129374
0.804267994441052
0.9549063091085459
0.8110232821173826
0.5772533310802234
0.734074161032302
0.6928624335223738
0.8100373888999837
0.8826032539313369
0.8386283591592041
0.9414657320321898
0.6206131569493731
0.9457779728344049
0.8786924479988871
0.550409613130847
0.9324881261587212
0.9059662460296845
0.6896828125045229
0.5261407799462071
0.5404992673243408
0.6813038399623672
0.7464543013529825
0.8008221495771289
0.5449979878788405
0.8899577441446932
0.8968972908923982
0.7084505973768491
0.864783345004926
0.8876495954768668
0.630071436667627
0.7002303270619836
0.6887743604932847
0.9570072626918948
0.7469761197611482
0.9153815605155569
0.664012671193157
0.8298174445815468
0.7680991118162781
0.7775213005730695
0.7078920894623386
0.8227384988524412
0.8019193725730847
0.8756626874329679
0.7673351301890903
0.5328733353989243
0.6211098703488928
0.9232091106466306
0.6778385355487002
0.7182436351089105
0.8769505898833323
0.733774418943185
0.8826404785401949
0.6883092854540023
0.5687726092467604
0.9750176115950674
0.5352325746044538
0.9046990455309272
0.9860539500969902
0.9281632742907602
0.838390794082505
0.6493975247971004
0.8927782697536424
0.6988863762854265
0.6071833699119207
0.5691522054927155
0.8645232137375443
0.5234773144684908
0.8053663652116836
0.6689487127150822
0.5905351797906381
0.5751566546963481
0.7571092108945301
0.5878704244437983
0.6772208260956989
0.8646663923769997
0.9430854761997403
0.6618471572838076
0.8365945646624461
0.5132016580754575
0.8304359756118762
0.5780123125982337
0.5963917499312922
0.7061543274865721
0.6875438205486677
0.5171396708650902
0.9488791852747904
0.6042224824388984
0.5174123070182335
0.6712632001261554
0.7344908795047211
0.7908839979789839
0.929060937727292
0.9750983561065305
0.5344958736733003
0.7092026711814037
0.8251625442233436
0.8028042826546704
0.8724643281709968
0.6412832355627984
0.7819526593807791
0.8503543726433983
0.8611455793351411
0.8155157877536371
0.867465361699864
0.9851136340406642
0.5141096886234691
0.8309977741486051
0.5535019081284687
0.9255086200684677
0.6836158424579281
0.6760366904725287
0.8302800834664489
0.8400288270130418
0.9260019181631316
0.6556354356882541
0.6845731961720927
0.8952073416677272
0.7934106233962448
0.5226668309101941
0.9289127352342024
0.856380269534943
0.6138126384015874
0.7315472383716983
0.6243242267545299
0.7846794672672535
0.5693569529638157
0.835351800140529
0.8751031734617907
0.5018116651751962
0.8159822484054771
0.8163724077799535
0.7189799924124148
0.818776166057029
0.6948073381874833
0.5785992655761366
0.885964363075459
0.5695776729760246
0.7519138403662673
0.6129534120501468
0.9632505635023412
0.9730933774011308
0.5779669899214175
0.7133977802299721
0.935830220605129
0.9803916640986335
0.7189955040858633
0.5397764615614478
0.5665457818796826
0.5520682410395026
0.8946811157818417
0.9995512517699987
0.9280756683841132
0.7216520002263221
0.8092033102202967
0.6812883851108502
0.7794488211839683
0.598705324187709
0.6786039294472272
0.6262795463190591
0.7955174269144575
0.782044689089106
0.7871601441153915
0.6012682438048988
0.9356365085577456
0.9026200545016622
0.987001896345945
0.6034920214123622
0.5968060520268635
0.9797360730506532
0.9492601558313636
0.6694613552685933
0.8853492753910153
0.7818306794018257
0.582421464663984
0.6757812746838808
0.594367819791336
0.8938137458724547
0.9149788315895422
0.9521857401946836
0.9936213888266003
0.8657133211723176
0.5525664996749784
0.9175613537521927
0.8417601664727901
0.7593011897818307
0.5648869115912449
0.5798470155121731
0.8560752494994495
0.9973879542749717
0.7828975535044578
0.6763257493359962
0.8320840818968837
0.9728672192568886
0.8002307424770027
0.7984041940833987
0.838123300096135
0.9980220513586073
0.6662290218021008
0.689771369735709
0.8094742740709365
0.9217012631787963
0.7213272394816681
0.936907382134025
0.5430938610827658
0.7811009929713641
0.6636437742155984
0.9412554615594675
0.6164755846169672
0.6442082783301379
0.653704710003937
0.871473228985976
0.5947931807408393
0.6418052693110476
0.6530915103734597
0.8326840419729347
0.6954341048458217
0.7738803217995205
0.7667745142486293
0.8079678266537851
0.838559210623272
0.8262087784307135
0.6278109969439029
0.5668240135927356
0.9286174266821361
0.8747100696980934
0.5775964839830797
0.7206535279687535
0.9929779537113352
0.9860130632597581
0.7025076179071268
0.5013942402521734
0.9463837467873061
0.8795558396333915
0.5767083648566214
0.8644223192836953
0.9949322770201245
0.862234364753588
0.5893432955174979
0.5079255901595293
0.9210754909436427
0.6250365133437477
0.5060051412831057
0.6063216087631975
0.9991554482318621
0.8967336252003124
0.8419095273300838
0.842929056270231
0.9482431326253984
0.6311011330563789
0.5352624340825736
0.518121555397212
0.6922314984909077
0.5205976020128027
0.510887790804448
0.8608292731278204
0.5123708554455755
0.9131890770281188
0.5957365850425382
0.9561673822374981
0.9449187447221394
0.8968224198047794
0.8797567289167629
0.7533076701044165
0.6353576583073367
0.9572598817176579
0.6330545536868122
0.8362598325700166
0.6605839620572982
0.7252580811271071
0.9438713448925848
0.8337772986424576
0.7048386398092714
0.5373237187996617
0.9480757795026765
0.5704815979139803
0.9327135662925408
0.8114804208406008
0.8736426813982752
0.7636400038326916
0.7922010283446961
0.976761913048255
0.8974783425432944
0.6004640598516267
0.8767594368670795
0.8717095645910008
0.5561095408370457
0.5597569167761685
0.7321332795381044
0.9890319768279336
0.8887325058150052
0.8736816238425646
0.6601029793349504
0.6261480006843867
0.7511651787946121
0.741009224026715
0.8528383137669432
0.5806480154567715
0.8481383523398813
0.5724244483551892
0.6938257242217978
0.7595798361113145
0.5165483620626505
0.9389899790087559
0.87942914902907
0.6183689213734878
0.8569645226488791
0.5095461495899558
0.8764502164914716
0.8476201849653535
0.7785831979284421
0.8915923877237452
0.751264610660726
0.8216211995611666
0.8875969463037112
0.6202410063863206
0.5488103533691218
0.5608412425878601
0.9479844749938788
0.6304853935459402
0.78376033007472
0.6165067101458989
0.9738293325595926
0.9192020172885212
0.7444260136699365
0.9450959773952969
0.9200450640056277
0.8740831836629236
0.6558686667415058
0.8715593999957327
0.8265792727259498
0.7129216993081611
0.8455183496837959
0.6304941020269724
0.5058933480454273
0.7790994483412653
0.6033589247399005
0.7656870072942845
0.5194373542023807
0.5392854840454047
0.6444844138621526
0.595009448398871
0.608068909116497
0.9879270460399749
0.6737249626954491
0.7012621317148032
0.7611774861174481
0.97265508071774
0.6663481023867226
0.8072439903786159
0.8717793099807811
0.5211949205874433
0.7671106176295992
0.6400265764809117
0.7280059426246706
0.9001271990010871
0.8499051704880409
0.6700751475918914
0.6300572591620898
0.8070453329244938
0.506660996756152
0.9403989270283994
0.5256050328142158
0.7039881826017964
0.888194682854569
0.9391127541417494
0.8412980441863647
0.6862264369370059
0.9581250677332345
0.6512220945331433
0.6848955934509714
0.6044585595183106
0.7503508756250777
0.7280033473285221
0.5645304478931865
0.9060029967844294
0.5955975264318066
0.613013774175633
0.7671355977433028
0.9525580487702754
0.6767984352025421
0.7724848632276959
0.5722353756174718
0.7997257836639977
0.9446640410949895
0.5747761191958631
0.9946576770981607
0.6368157693860008
0.9041051265722722
0.7720999685042612
0.5110655461890122
0.9138592932903409
0.7037236930204422
0.8876659005457215
0.5123273056177535
0.8545992095005573
0.7939893077862594
0.6416272431601622
0.5503307155241093
0.55894777772882
0.6179706928019524
0.7123964948664463
0.8684159370633319
0.6451887641932648
0.5584260324665384
0.5864930903260805
0.6302414302259097
0.8476752154005107
0.9346842249718508
0.9089573343410677
0.7779259100647857
0.944550631714858
0.9762306690508016
0.9862671856737429
0.6551865631691766
0.8790890110751158
0.9318282673994056
0.5231298923688608
0.5484655265185858
0.7895467422305666
0.8719298748985077
0.8389129198207157
0.5843447165462217
0.8312842504073135
0.8367823429705012
0.8434662572784453
0.5573654054923346
0.7519115447198959
0.9375489273380677
0.9941786772586124
0.7861112553842309
0.8452158417077437
0.763236487709563
0.6182300832321035
0.9562230561623332
0.7671648773548929
0.5902907520840673
0.6960484283830766
0.8410547051696212
0.7020036326698808
0.6937291132742309
0.8417743604952115
0.7622308025547699
0.595945613475576
0.6407560351440144
0.9529747431957082
0.8180833825264012
0.53621638229683
0.6437295753591639
0.5898808101490718
0.7338260365330005
0.5005464269240061
0.5406678479822524
0.6912022740817308
0.9365116648775841
0.7356062255502984
0.8668989735461035
0.9490239859774652
0.6438340375127354
0.7962022109703939
0.8386497370105112
0.9791799794623811
0.693118319388034
0.6761701928802585
0.6842118645258646
0.8243003474153512
0.773391677322492
0.633080105602379
0.8003344568942254
0.7260369728981251
0.5353603914318241
0.7835237569570448
0.9960003572894917
0.7359263798246551
0.761662593565946
0.7856825224027886
0.7334717580853304
0.881777567817875
0.9232395139949294
0.5249174860219856
0.8012896337053119
0.7775570641782026
0.5231617037386405
0.8695725948962617
0.9592369922333746
0.5113544087443553
0.9691127010261158
0.8676724167988082
0.5039002294011301
0.8391980975236681
0.5622290956229375
0.5289267484801156
0.7879020193657948
0.6671600487707001
0.9502784333533421
0.5966011345755615
0.6349366556176657
0.5139585956168173
0.6872239653220984
0.5151151138875225
0.9979702616295762
0.8991248815480618
0.6823956854934057
0.7403966542779675
0.5057456552872446
0.7633575338874463
0.6341957443476467
0.7398789645357097
0.6964097108850826
0.5704946302635963
0.6830759228439212
0.6706454848794812
0.576964065737267
0.5953079464273302
0.5246388101669447
0.6996073373931333
0.5214092956935985
0.8384185228497295
0.8185462744793932
0.6570394279571938
0.5193385654116944
0.5261763523762195
0.8430233974426173
0.9361324177901033
0.7786583402842239
0.6287907915536335
0.8008639455052262
0.9201837636368839
0.8840320371053572
0.9995813166227816
0.94137921158077
0.8760497297856638
0.6952670129828349
0.5550449994927484
0.7472857804238644
0.6548486128902458
0.7542826672449654
0.8969910664068247
0.5495276687764652
0.6994697572600352
0.5488963717939562
0.6810319896232228
0.8200226376289668
0.9852010190321561
0.9426339053969379
0.8826467241957086
0.9589927430044567
0.8897415637779996
0.9858118552411059
0.5596790248389194
0.817134196800543
0.5186175216050191
0.8676899324934884
0.6493781762446034
0.7157945208824249
0.8674897563369925
0.6918664672501667
0.8683165806205844
0.8683741107837183
0.9868590403048694
0.6471095843446517
0.9299941627903541
0.5798704920328801
0.5249668289597554
0.6779726050911867
0.7171417867349894
0.8726914623776176
0.5777837392586125
0.7797295492827437
0.8874855419775265
0.7625319569088754
0.7248772592803447
0.7402786549751013
0.9216091308208706
0.6869583505521268
0.6751922738714858
0.9809003057796046
0.7843065283381159
0.6225422439049694
0.7062607566617576
0.6223905740954095
0.9064373894353179
0.9627234480818265
0.5217369075593612
0.8618256766911945
0.9663153746590019
0.9535260564536259
0.8041397501909329
0.691036927490563
0.67613366042386
0.9968681835878717
0.607546393513734
0.7973314972450783
0.8399850921469214
0.9413585647533285
0.8746269574643619
0.8878807241794732
0.5480003938432023
0.8258906213691372
0.5585583240897335
0.9922012656345192
0.7172512003294628
0.6527407102447771
0.7605241574873528
0.5341759115565025
0.7197988133841235
0.9325875646263362
0.8340456150377469
0.5721887862199997
0.5622298825381371
0.5913495851098608
0.8893030491307018
0.9846091119378051
0.8431619565560352
0.9545136061055861
0.6570168073255855
0.9326325474649007
0.600007405377304
0.727060471825404
0.8480301528931726
0.6160411158468111
0.5061364636026933
0.7998678347663274
0.9935207286044587
0.5091976178849563
0.9556639866166456
0.5318502592731564
0.7434511234629336
0.8017837162939049
0.8525788126116995
0.858098737942314
0.9179185449406089
0.5429493889273038
0.6143202530165803
0.6596047846118842
0.8720587337873983
0.7766253221198802
0.9050573740988339
0.5080095234929838
0.9001848363326137
0.9163777545107723
0.5591706670969872
0.6424472386493252
0.9414204106119018
0.5169892350649525
0.5711741134498572
0.5634310055098193
0.7831930116219715
0.7063997885186573
0.6209714495558247
0.5053383816461761
0.6772323343548292
0.521205875020397
0.5451989085960842
0.6697620715359021
0.9103371331870509
0.7012631438192435
0.6872268262512106
0.6577543964391623
0.7579323485110422
0.8365718257966002
0.7310120590990254
0.644057414740457
0.7803313391026131
0.7483910962302689
0.5566369226676025
0.8499097649678177
0.5493825043396066
0.7607475809808324
0.6204831481954669
0.5384722365850863
0.9640235809089505
0.9831161313621795
0.9772844628279
0.9439776744066654
0.8427281760946248
0.9050100692798708
0.9182521223925273
0.9307330263618032
0.6436130495803842
0.5943047574124926
0.8132092634227445
0.7092984380952171
0.6667461228333846
0.6503694929147148
0.6248116204292264
0.5348105064454562
0.8125196063990722
0.7470500809088799
0.6569217189377794
0.6451694254592386
0.6975110087336176
0.9271749502850792
0.5409355162867251
0.9520309783077472
0.5440740888960145
0.6440032515814738
0.7896939896434152
0.8913927921719442
0.6736542025752097
0.6342554266187901
0.8651367758580011
0.8511344620099593
0.7001360770938572
0.5030090554585375
0.6761029767033078
0.7664913281812195
0.6415208513923942
0.9446640367447066
0.5761382343006223
0.6911093056440674
0.9708941977355302
0.9523746922576526
0.6595489792658632
0.970475209616632
0.9976169315976489
0.8135058280039031
0.936445759635343
0.7985777198841939
0.9314332032695276
0.6179778125121628
0.9373343182109823
0.8751699507447912
0.9910777216321862
0.9334112432686115
0.8044909096172187
0.9793587764092365
0.8972262260469328
0.5273862980038002
0.7796008848701337
0.8965111086384865
0.9708812247389706
0.6548020959474681
0.7845807500066591
0.769684594315174
0.6344894430810356
0.9606684223441109
0.9075428977596837
0.563142926155405
0.9775935849314679
0.5187133331338274
0.5282964046164049
0.8795698105303533
0.7239486728470665
0.8969573650034672
0.8002785413411788
0.5716909878345706
0.9852569013400096
0.7639037079456199
0.9984237288596685
0.5032069756379777
0.5175975701008619
0.8916578567336817
0.824478414612382
0.6671659330149012
0.534264935164031
0.7642302079491576
0.5231245601686779
0.9714282001644192
0.7652906500060499
0.7075059174315907
0.7032644485113284
0.617636489520102
0.6575907932583978
0.7408565624057324
0.905571095698189
0.5970853020475904
0.8333690173176843
0.9680377042574211
0.6832485072428154
0.8834657811745139
0.7449647527621808
0.8924823069559307
0.6564702123869067
0.9088987967042288
0.8959799987586127
0.9387801040785364
0.584056604930601
0.7146975902713153
0.709022764248123
0.5778418806357923
0.7465105151310603
0.9639108549107943
0.9243772811202503
0.8028676971923531
0.8702789060006666
0.5076229965745933
0.8915954061065879
0.9245616493531941
0.8257292940351371
0.8066023290410463
0.6020262036308113
0.9579292213527
0.7845545348438385
0.9983331404039788
0.8482176400185832
0.8339354210928656
0.8485474967494016
0.9276534632418556
0.8206623912677384
0.6074171283040506
0.5664634919382779
0.5722502506235876
0.5848471064791577
0.9729198605955045
0.5459859424655509
0.6328421594502288
0.607442813323028
0.9876519654701127
0.9946129410266709
0.8799577775643206
0.5447446576699646
0.5877740203089569
0.9070281619978913
0.8393055132198564
0.9484525417223374
0.5907137325454511
0.6976704153092346
0.610626975244337
0.7891852958690043
0.91932471479973
0.6613231161512351
0.5518971662968638
0.7996300849709953
0.6639196166317352
0.8870754966159862
0.6585334136154093
0.8072414961471226
0.6065178373563698
0.5454735991692421
0.7498101960475463
0.579545470342193
0.8024900111632967
0.508632333581366
0.6244355871700681
0.9882637601389088
0.6968400658081099
0.8126803487332097
0.6278028753030065
0.9457457616536511
0.6709106843007736
0.6193774980205449
0.6079804086844901
0.556776584121349
0.7057158211072849
0.7413941741550132
0.7024672790499082
0.6167631007990266
0.5678324049318657
0.5179450714481604
0.6181172113020161
0.5044357571976179
0.7994588920139372
0.8655801328090278
0.9009911033532367
0.9825225636539053
0.5231458520024586
0.7878833442402198
0.5256115501972296
0.5268078086924524
0.6565723613298078
0.7414546031715907
0.6488131506468067
0.9902804618324805
0.9288205018461351
0.6901501410000763
0.531246529303739
0.5680989015081033
0.7395054467098672
0.6608917329088355
0.502400548055345
0.725471849267034
0.9716395491545907
0.9061167402616446
0.9966695317429142
0.8279824794902959
0.5709762638147255
0.5077469129224317
0.6109565375621582
0.5989701858149471
0.8616952121092196
0.767919270927476
0.6916650251045656
0.6014856176613675
0.600406417042283
0.8437083998803815
0.5403287224641427
0.8842985201698097
0.530300899559321
0.5557524653104388
0.5432317600460245
0.7647758327386001
0.5208346852029513
0.699378061608773
0.5309109731492594
0.8919072251690925
0.518365198471299
0.72370314786447
0.5331517885941306
0.5367808075759232
0.6424356395500466
0.5524401225883255
0.5202298660359808
0.9599181078948258
0.9186281075856881
0.9111029822535659
0.8789216346343214
0.803107294651427
0.6201071570687743
0.918928317588593
0.5808181762162903
0.60048989902381
0.9977695896029475
0.5894628198821164
0.7697969290986569
0.6203028919295298
0.9373279194504878
0.8764951757452761
0.5185631335166199
0.6327309479561909
0.764495552006947
0.8295294559856009
0.6710115423446257
0.99880174013605
0.9090856583792469
0.9735288886598067
0.7765931968431365
0.7555249349895625
0.9980683621221922
0.5744042967603911
0.7688931306345053
0.7755954286610964
0.7841854390551074
0.5202093918488033
0.9351882188936781
0.8378612162322746
0.7239318391096117
0.6606031156499341
0.8425276239396173
0.9763131233859571
0.906688444850811
0.5109217493084659
0.7409812527575863
0.6844898477115315
0.943498416088365
0.9157701775442719
0.5375257627781371
0.5366447811202442
0.5330430745676622
0.9541349111635756
0.9364753789867262
0.6922912036703217
0.8801948159466106
0.875639208407045
0.8297646013969993
0.5366246286526125
0.7429610779425935
0.9462509537650465
0.6206163086012347
0.5337981790305983
0.7493813775487839
0.6488366208851737
0.663231101094476
0.7125835196301941
0.774207308202295
0.5149019990477179
0.9114993351960711
0.8634353347627075
0.7754231385187613
0.6865718807566077
0.9762644911321956
0.6968420086226281
0.864954934203919
0.5328301569463516
0.666087311361453
0.6320238599373031
0.5912131284666141
0.88786682511468
0.754351858972919
0.9202350125480356
0.9907079917358472
0.8231870889935604
0.8901814607280383
0.8833803360553845
0.8451842577996731
0.8226706997705157
0.5423358191835306
0.7394895693355692
0.6959333222272622
0.7885383204851351
0.5827135394623396
0.5559088622380919
0.9486537380741147
0.9545916835924966
0.6590068555364355
0.5298878201892937
0.6865314479241886
0.8116715995899471
0.6337271182259367
0.5176248224487161
0.8138048104359737
0.8422937325066111
0.8490815488728645
0.9380077153512508
0.7577347768363538
0.6914848376275224
0.9740357040464356
0.982771824505144
0.6940555041209518
0.8535890285684014
0.6649773288251877
0.7489045943877686
0.8533101187170427
0.9507718397229614
0.5944885581573078
0.8811949147173659
0.8543445302217876
0.7491809766151051
0.8996520275605834
0.8942419905059873
0.5314752172675474
0.7631676395336137
0.952682859252659
0.9160147584061054
0.7881339168158081
0.6627311944705201
0.6818006016245123
0.5750919346742941
0.6010544231794699
0.9224607777711815
0.8352937773973874
0.8248110019972952
0.6556593758699643
0.5860933356467601
0.839407883844576
0.8787112452175514
0.7936759700617311
0.8840839389870996
0.8710671843241984
0.6195411754520539
0.7275516138891229
0.9279612663269348
0.9633832068910279
0.701593134528702
0.9841539182550119
0.522632691517587
0.758137327363197
0.591451380269358
0.6232455406344832
0.7198348417785791
0.5739406416893182
0.9014444989144798
0.5916292079579142
0.8858488134723941
0.7029757661552476
0.6539950182242925
0.6125999179582196
0.7081855327696147
0.7477628998658745
0.8556980792496705
0.8200667915876093
0.8202573555790336
0.6758503482261675
0.8299416516605949
0.9371412083080224
0.8393006029542271
0.7123763085329933
0.8475091628422565
0.6770936750507026
0.5992490482108987
0.9593984739213901
0.610814969181254
0.6344527818953067
0.5355977998573678
0.7663849066186239
0.6913540027734033
0.917902991245239
0.708715706735663
0.9856683933545196
0.7124503709598193
0.8007497235185885
0.847086101120959
0.9239753140862843
0.5722282847168852
0.7088495316149024
0.5481563924705605
0.8511035723009579
0.9153473223761932
0.671922997973103
0.8287442455890024
0.8453451560083494
0.8015963746661047
0.5665133210011271
0.8290674947612601
0.8433623977806042
0.9921356418932512
0.5244646770529224
0.680221757369632
0.8345800220025154
0.7707068864789893
0.7321065624815681
0.7393466171359231
0.8603301398987251
0.7415002920172777
0.71145526732398
0.8113404178182712
0.7867602729730423
0.6673918473729247
0.8320877604151785
0.9663344809029498
0.9664836824444545
0.9790154901575552
0.5426951762456134
0.796707321471061
0.5335595755873064
0.6686011823567288
0.8956157128876274
0.7456894135509495
0.904445708331288
0.9413196412747249
0.5148419336257617
0.669270963932753
0.5818479033600342
0.7266587244869647
0.7880884221066996
0.7676436821977578
0.6064906689313683
0.6339214864137954
0.7772858401312331
0.8206441066968788
0.949368666214405
0.6874350700417318
0.5158507232616729
0.9293846668771375
0.8498828040576929
0.5234495750808572
0.8695344593032792
0.5781113662042663
0.8914810018022882
0.8794401799954034
0.9042428832084355
0.7345236205400655
0.670770760077597
0.8171088337432164
0.6798281564397881
0.521857377194445
0.7759229528099847
0.525606787026638
0.5304686120305311
0.7392495802236587
0.7779496910430368
0.9968549192054066
0.8695924908276649
0.9307544031805172
0.55526473771009
0.6706634175157471
0.7541416174108118
0.9273993159514148
0.6880752658361744
0.801408894724172
0.5638274790465271
0.7269243969666894
0.9875857635016619
0.6744863273029663
0.9270525291553785
0.8994185751703194
0.5812375635559199
0.8410020387551558
0.7732275551135754
0.9266398952837603
0.8424516256361537
0.9446669493950102
0.5067267416427595
0.6246930780505395
0.8670685728586788
0.5715120566003302
0.9501675383603398
0.6557976053306283
0.7680065815255668
0.842059927898331
0.7598070387811795
0.5930231698014201
0.9505841080347155
0.6541089390624193
0.8788804110757007
0.5865598294634669
0.5750422283395751
0.9363902105325503
0.6133538917845399
0.6137184491265493
0.9200936160724942
0.7538326240857081
0.6377208428176068
0.9964330010952418
0.6829079847596701
0.6685200924768726
0.5020890806751555
0.6775762878243883
0.7608143528166944
0.8660783994869186
0.8513476427470392
0.7282168896736876
0.9256671834878158
0.6204709384877347
0.7006524095420645
0.5932225362994206
0.6788664899965857
0.6003411457837848
0.7760328198794102
0.6278401420021105
0.7913455575026654
0.5679125410764757
0.9728040264473283
0.9019166389153901
0.6087661252994654
0.8587673294041623
0.7479973918764093
0.7398382604684957
0.811457702004871
0.5918798095933809
0.8335171191710411
0.5793478944427581
0.8590817145975345
0.744280881471763
0.9423010355045599
0.5395141660951412
0.9061027324882942
0.8531393958847957
0.5502178652521603
0.6240861441233865
0.8323730647705301
0.5868645852009409
0.7866369809829183
0.9131479036085517
0.9197118702871969
0.8865329780437478
0.7771147255867519
0.8749393150365325
0.5959555843913192
0.8939347128785482
0.6807074135773286
0.6286050832992849
0.8761364084966923
0.7933769921043432
0.5413035324706408
0.89403724115466
0.9280601064045461
0.5951707664810892
0.7394306082586629
0.9717268482804361
0.8089772909648505
0.7566225927415746
0.5764713326127666
0.8962549380211002
0.8933992202879754
0.9334114610176638
0.8092336558013198
0.7602490159467007
0.7702761994678025
0.8122106757263614
0.56052484462143
0.7473306232455068
0.9810195339131228
0.6746350907458567
0.8622706853995967
0.7350106292325216
0.9568046876397693
0.7195001120490228
0.6555955016756179
0.8119987908442937
0.6981338355854461
0.949102899762262
0.6396196662112821
0.7297674648315544
0.7379943536212556
0.6859439701254416
0.9030197377213798
0.85759522988965
0.7124957275332597
0.7474397114006448
0.830952920117566
0.809065667448246
0.6272915862791288
0.5444619604708669
0.860179741227429
0.7310480389992458
0.5651426092038159
0.6968344429003164
0.9954673433851544
0.5927359392482217
0.7215733396316247
0.6939483168128082
0.665256589620924
0.8071197271414272
0.958770359009272
0.6572546162239106
0.8542927307599184
0.951132017772891
0.5343943030524938
0.9539650691885073
0.8641315289689597
0.6851798270277738
0.7884843138656987
0.6623629301418218
0.5291455972063517
0.9094433721587667
0.7432454411937413
0.9825179747017962
0.8467643964236854
0.5647757673219884
0.6989764858316041
0.9822101327956811
0.8568173031066612
0.5907576577147944
0.6143197858914693
0.5800870263995574
0.9269784487000411
0.6183381641108423
0.5319809773419267
0.6202730660153424
0.9819392457101871
0.5886492250057414
0.5914879310973995
0.9818712054343512
0.7202993217057071
0.5192586763796131
0.625217195570928
0.9115353451001342
0.9718138202650485
0.853082688930078
0.6775014765114571
0.9221164814965048
0.914312083699049
0.957751942738106
0.6241525644304511
0.97933961722192
0.5053372055997685
0.8522810405799668
0.7161511514457172
0.740631757620551
0.8715166943075898
0.7777582105403553
0.7008077617764307
0.7687841059429066
0.6950215076942047
0.8349517314663844
0.8359077961299102
0.5665743492334454
0.7641779089255691
0.786189887797385
0.755734532330574
0.6284683076021471
0.8532272096516222
0.7929811875003717
0.6231977441492015
0.7801664307106424
0.7657937130568608
0.8032564275685611
0.5560360870486808
0.9270539078934237
0.56616917570753
0.8040181140608551
0.8739467355416828
0.8988300205510997
0.6838884199886565
0.9412747939351203
0.5852681603790394
0.9609302556680065
0.5950832207536797
0.9138147142131352
0.6779003376369406
0.7247063512154928
0.8126891494628713
0.9846633829712762
0.8092751601709594
0.9375455528548772
0.6831855238892433
0.9723939666810288
0.8980357960240406
0.8748850584561243
0.787244222794169
0.5706035500326267
0.9975402042656893
0.9497304903528643
0.7068765356130207
0.5835158456595189
0.9542331100851469
0.9450103191196675
0.6692860579089082
0.612454512610558
0.8446707070265517
0.6433097053561723
0.9229537148859219
0.9180880414687705
0.618462815325383
0.968537889609095
0.7342156415459435
0.6929772689061625
0.8077839733708296
0.6528023256569544
0.5638715935084082
0.9404131772665056
0.9108887692858048
0.7027228664730905
0.6342856159632262
0.5266742252951271
0.7744866156685983
0.7082393096105064
0.8262566891404433
0.9298011485156572
0.568980118172324
0.9546250552887563
0.613341988182549
0.5922242353058351
0.9347207518883525
0.6795748785837545
0.7162500941745106
0.5320405010153326
0.7237111777274547
0.5516252616828412
0.7170084486640773
0.6715707394278357
0.6913509313896546
0.5553932603080703
0.8605215732787369
0.7872721973743905
0.8486454249752988
0.8005541809545318
0.5155243546475368
0.7566292334318099
0.9056778910514252
0.9092517231745302
0.5995478566812282
0.795705097212766
0.9390975053233608
0.9730303565289127
0.6223535724307061
0.6894327672944843
0.7671715320516421
0.9749394979680309
0.6053424129679008
0.942909675745672
0.8096430459264166
0.9945686240359155
0.6371950946396774
0.6251090268861799
0.8451875808852738
0.8938778224585195
0.5402563003018164
0.5852584351086194
0.709455663182025
0.5401332678199835
0.662509777525393
0.7507734673568398
0.765034849549275
0.9158296622405425
0.5784603839885671
0.7462404313295119
0.7965285974813812
0.603505954024425
0.6741564170918083
0.6391945526245089
0.8594115219209939
0.600040225533835
0.6923274230351644
0.8003421150525412
0.580786471739575
0.9970658271514092
0.5509746476076616
0.5445517380468625
0.718654573808107
0.7223172605480304
0.7595856254399895
0.7002404606111055
0.5663216013437695
0.5248531415947333
0.9668347307868296
0.6008606997729485
0.597308444143547
0.7482044338821543
0.781434834476624
0.6807832496814246
0.8126923387175631
0.9855234106477878
0.6462067420541941
0.6305372502509792
0.9543464762413757
0.7796758885782534
0.5307485010268844
0.5002870606244096
0.6663798750577151
0.917847592294504
0.8636508167803244
0.648228340766471
0.723280315069609
0.9494872748480743
0.6551552572255412
0.7108277085438648
0.9095268467003694
0.7084743658056889
0.5160455041924689
0.8371836891969147
0.8458933716622146
0.9733295574763812
0.9201016873503314
0.8266822400791292
0.9157591040775329
0.6839551605188167
0.7986690094803115
0.7496805568879744
0.8320095672692327
0.8995251282042782
0.8105174454604496
0.8389730861078151
0.8588937196118508
0.713229961737524
0.804241458099846
0.7476080889536786
0.696071471976053
0.7016553301931613
0.8253327735456026
0.9398668569977435
0.8704863275255159
0.6616356457162145
0.554206641646662
0.6756272144487967
0.7545021803014132
0.5051049159592579
0.8886363616562177
0.9794499783733768
0.7600570666921462
0.8772174555050831
0.8233354606457534
0.8560790287199885
0.6011992847646577
0.6969740417032939
0.9863621548800099
0.7324285371557108
0.8466678949935664
0.8263595596972746
0.5226989268669858
0.8202488721614185
0.8515404402002698
0.6240004913034549
0.6952192282402636
0.6512234293982819
0.7683563023821773
0.9581837995803355
0.6884948482092943
0.9502858716939386
0.6359157511963021
0.9698908306503318
0.6395653388437437
0.6509906274832489
0.8360363491465006
0.757291001766595
0.8991653646420382
0.7840782645908202
0.8515237254917376
0.5271763926011854
0.988701803386759
0.9031594885739
0.8111084047883717
0.8916775410366466
0.964409328785061
0.7795111014224996
0.9342097204547422
0.9299673959567221
0.937243809353395
0.808714390373041
0.9146538063633218
0.5557674117470552
0.7112844015381843
0.9800833076680422
0.9809649072573676
0.832458240632074
0.8048486208505763
0.9460164492109462
0.6387064910924669
0.5022377179199871
0.8158999585547227
0.7473813166842517
0.8223350414252999
0.8408635844286345
0.6853031377209505
0.9884197687333177
0.8324811831832002
0.6648887848107231
0.7235827416527363
0.7801913462205826
0.8362611829889701
0.6340199292255556
0.6480808006661032
0.7716773684866758
0.6928076549245001
0.7801266729223686
0.7611656857890038
0.9682346275076225
0.6575167939019644
0.8317722297375001
0.9008848134914076
0.8415439739833812
0.9450999359471803
0.5345089222264863
0.7622468548552122
0.5086926361285278
0.5144087401512245
0.6262716980710255
0.626345760293133
0.8838009170246877
0.6383322914890319
0.9483612876908756
0.6891805948358203
0.74414827133339
0.7526510829799042
0.8568951454020743
0.6756112319905727
0.8640418580917697
0.5988977282271468
0.9784066992595045
0.7298036987765868
0.8580930148153053
0.6964267763046914
0.7843791092970758
0.5613225897882561
0.7712496537764966
0.5911211713448825
0.5778646507541871
0.6108205168955012
0.828221330047432
0.7263161069147384
0.8096633694728549
0.8550586396638483
0.5092702113085448
0.8084098002298946
0.5681069819248195
0.760059412958543
0.9696011036208713
0.65116132098056
0.9608361941873741
0.9173738148697737
0.9860129697805404
0.980517278526841
0.5194849525320875
0.923017825665202
0.647497405344452
0.7441943998029169
0.5223894593398034
0.6182039837935729
0.58813929293876
0.5184180190267005
0.6622997336086085
0.8387347643632167
0.9675931184619069
0.8792141736407374
0.5191649110670722
0.7666065186172712
0.6543050078900206
0.9144278569514808
0.8416682381108438
0.7964999564205124
0.8613244407865459
0.821337995068629
0.6382201709594797
0.859659200109743
0.7497214032440132
0.9406263842597429
0.9664231707550643
0.74804547688375
0.5823122250433754
0.5303772906791755
0.9109750362715014
0.8059496520407148
0.6173970770374386
0.5540535525587518
0.501496562126883
0.9206383689453927
0.5016424939219608
0.9054640628303544
0.869752403787371
0.8948605955118982
0.9295682315516427
0.7332801900698322
0.8499083956389234
0.7109510621708433
0.6790235269346385
0.6530659626166813
0.6017758809275986
0.7081139249700417
0.6454360784411983
0.801946302433873
0.539218811248336
0.7644280559388779
0.8536653824931552
0.9927561469687166
0.8612275387481994
0.9168558591629778
0.6030293938262876
0.6764476024729287
0.566421938879403
0.9538777383149185
0.8957324335144518
0.7996497380276266
0.568257377913954
0.9370951614941425
0.9838224470481065
0.5998089088740761
0.9605766727160205
0.6285777946677058
0.6905058192693416
0.612447597626363
0.5839490445736932
0.9880306166498243
0.982008269085824
0.6513402954111678
0.8170296214009046
0.951101235032948
0.9481380855708311
0.689540413338765
0.9002744680674415
0.6499467033473755
0.9057398684429796
0.8169324001755501
0.950180350465497
0.9338593949875258
0.9917431026659788
0.9190759782118328
0.917164274304261
0.6484942484356613
0.6722108128914712
0.6886156212571066
0.9037480705070252
0.6021790136267753
0.8937191072442948
0.5772377852774376
0.9808594027112943
0.5750484175715074
0.7443707773632564
0.9818877967807648
0.9943693841183444
0.5461600440790196
0.5225976312435758
0.931637947506861
0.9255909219722787
0.9251589455796588
0.8141356104494076
0.8557439996095766
0.8425292999805805
0.9782544950588623
0.5274103881268078
0.645488332711253
0.9918160962937501
0.5980040802721189
0.7156738761697972
0.8602287538710509
0.8379149723069039
0.9245680107120591
0.7991090511803405
0.9020353735314254
0.7474245620143227
0.6598285356043274
0.5743838184458643
0.6118311781740138
0.8822594636633702
0.7643309608927642
0.7311708166646478
0.6146583195968665
0.6680257859549619
0.5670734409840372
0.6989504686939816
0.7413396983946341
0.9749878765663306
0.5044065010786878
0.877431208205551
0.8893924010255724
0.8684753187396497
0.540872632131291
0.8081966727464844
0.7171622649366798
0.621833473483671
0.9843903205375568
0.5938402870185118
0.5070401752183471
0.7318361025813128
0.6705098027686107
0.932835185039014
0.5268994727878515
0.7224186174268669
0.6097137022175831
0.6434830817900965
0.9902251309601598
0.9578209902214749
0.566200393778342
0.5229658683617242
0.5919536132360006
0.58997852482675
0.6074698514789449
0.9957206689863574
0.7855198277612139
0.5765012351254133
0.7949374281872581
0.7512959172259649
0.5921234750224346
0.771660005044597
0.9684978640848037
0.9226540445131355
0.5967225257117847
0.5978731918553251
0.7652367139434695
0.6797944919190271
0.685590156463658
0.8824197858410463
0.56873594944549
0.8902367246804122
0.7339745131577287
0.8178621072152893
0.8254044254325803
0.6937619549398317
0.6915648229608351
0.5735552666929664
0.5475988905538041
0.7688738339780197
0.8063392565505956
0.9982046950060073
0.6698797202566067
0.7275969014639321
0.6960174989655843
0.5897850279956067
0.7183019827094317
0.9886568389692548
0.5305767572077873
0.5514967237534261
0.7090306669642799
0.6767198047139356
0.8406799247390946
0.5630965480593276
0.5180110859612004
0.6127275402163921
0.8751508510194759
0.7900456926155812
0.5590389322112903
0.8473865045425713
0.7352364291709765
0.9313135815207829
0.9424341826590872
0.5608432016329192
0.9421819843494811
0.5276626815161856
0.9598196570952625
0.6551170256652374
0.7985198597847529
0.9206261389696194
0.5187228283898953
0.9007908653439689
0.7502879653457102
0.8002476784875178
0.542152637566008
0.7690894418576608
0.7595052306482745
0.6139577042777395
0.6483194460243782
0.6331009922364859
0.7220713793594682
0.9051849477364703
0.9874286297118331
0.805994741453292
0.5720721385579706
0.9418903454645524
0.8641488445302048
0.8218245785861122
0.5045241111444256
0.5257536024601802
0.8051367276918198
0.5935158673501737
0.9385855048481717
0.7852712883864479
0.9793918944612412
0.8935585547203717
0.6315876197454389
0.5852962922731584
0.5006635224827343
0.6467096976650195
0.7798755366388735
0.7485719017037004
0.6456414918680813
0.5171836815697809
0.7267644760016123
0.7043785604731365
0.9108817612862838
0.8864648975011862
0.7105696371852881
0.9796244968155428
0.787439386078028
0.526049167198454
0.5543830342016829
0.6457233904974385
0.7418793807685
0.9482778518149613
0.6229836926916417
0.7055719460322515
0.53806375361425
0.7984867431881115
0.8057084416693177
0.6639111433067446
0.8834763958063596
0.766490460751209
0.6050292083091118
0.8837927730263577
0.8010781884842768
0.8857553006805223
0.8773394556100566
0.6616896691398051
0.8115221748419228
0.9396275761754229
0.8966414104468815
0.6910424102590143
0.6561372964928173
0.8943178862350794
0.9038860995900695
0.8919658625898512
0.848974436459702
0.7614023926340976
0.9723912654754218
0.6629738760490853
0.5926601531823871
0.5940194581763378
0.6372079131793191
0.9011470799238088
0.742366048541971
0.8014947325581452
0.5657807758138953
0.8870849275738366
0.7394350598292992
0.5854030310139597
0.9447037283159303
0.6599129042121032
0.971104979555429
0.9472334038848098
0.6489929615665366
0.8421881615869498
0.6443254219593749
0.5940094725578624
0.7179994277264204
0.9761016910406668
0.9554488307829188
0.6251839165377624
0.5569211383061174
0.9359586706514866
0.8410105899423661
0.7677707211310324
0.6538813744044686
0.5388364676330107
0.7295527081996165
0.8091307897379989
0.7621033755741812
0.7831946856049445
0.810048666723379
0.868861876519288
0.9959306468501304
0.9638942884160286
0.5511300590499923
0.7476264394690291
0.7531825526266739
0.718984061286466
0.601159416961845
0.7261792826594258
0.6070483783008672
0.9161418162045285
0.8194818528170221
0.6676870244080665
0.742106562676075
0.7294643966938841
0.6693963633630682
0.7468174000393155
0.8895471170668687
0.5898016068840781
0.7772133853662868
0.6661666458556946
0.9156579993143354
0.7428407372682544
0.6128562472843918
0.9944257332871791
0.7458588850055836
0.6701981076494721
0.7340596147691081
0.5101588411403892
0.543866389336999
0.6854110509604824
0.5066952417957152
0.5489595120443945
0.8610791790141321
0.553161184546624
0.7444622765569335
0.9485946310874676
0.90383280115154
0.6483506948737368
0.5558755595410804
0.7890783004759668
0.5378441115068782
0.62974990677182
0.7992542606273456
0.6586460625836487
0.9039399602875071
0.6951419369776537
0.5514551050898893
0.6799189923853192
0.8067970872758234
0.9875296838555453
0.5385491965827289
0.7928384565579781
0.9529992782141967
0.9854833719963092
0.8660618464665729
0.9313916904010294
0.6883097088399757
0.9847072408278794
0.7637826658599793
0.5196126543693601
0.745736992400556
0.7163239241185004
0.6338965472143934
0.565732042575127
0.6633753420314223
0.920588007641576
0.8119600549587106
0.9610757983168022
0.5239610678848516
0.8504245911730662
0.8701099914766768
0.6198900306677196
0.9201221542707695
0.826560456233338
0.5727463930522669
0.5237260307322171
0.9249591626971412
0.9088700116583392
0.9593688688772993
0.7073123985184095
0.7886200172703373
0.9429395315253277
0.7668104744980158
0.5225604045022885
0.9694020369887788
0.8683932014763577
0.6109602944214652
0.6429610303247026
0.5674048908530139
0.7247747619639056
0.6005317759853429
0.6436687325437851
0.8283626749418984
0.765972136762757
0.8233209122892311
0.7117668103951292
0.5696302289538913
0.870358099162528
0.9130979631892635
0.6742981111490696
0.6220993677529427
0.6904927419617961
0.5333852391543008
0.8551702653647131
0.5620362484141439
0.9280613526032166
0.5773461503899107
0.8287027709087427
0.5156360790237693
0.6856983502838592
0.626450239675216
0.6706364318096599
0.8297589002879076
0.772458424768182
0.8818781818618422
0.6770759981050012
0.9266163256517237
0.8226960839152717
0.8483298829935642
0.9982126186882909
0.9897630780840048
0.6026892424679989
0.9694667487664846
0.6977950347075125
0.5629319866532704
0.8723579208695357
0.5053445125007145
0.8552741188116388
0.977741382481315
0.7803310125297509
0.7917797491094773
0.7494370195017475
0.6710650718667643
0.5092989648845839
0.8903067846559236
0.6369358354033106
0.6169105156511356
0.7239786620928412
0.8916515706824246
0.9417282847496182
0.5174517742807428
0.520800963826749
0.9580077909553137
0.8522634055587024
0.7703418572111462
0.7958947880038665
0.5648581778967141
0.9588894927572646
0.5437016227464562
0.7172877527682411
0.8389958462544724
0.6927406044109584
0.9152170471197829
0.9318591936202747
0.8248940561458632
0.8864078140589455
0.5117019224286374
0.7394458531929728
0.9088729187617075
0.816212152541552
0.6673080842213106
0.7091567557047366
0.5200912423293733
0.7568768496440204
0.8185593733103678
0.6210882298315543
0.6211129540239415
0.5750927210525916
0.9015320411023154
0.5205301213891969
0.8645912466301904
0.8426137066960024
0.8545196189460917
0.600066248196182
0.6352239851478948
0.5618278017511094
0.5829139503476278
0.6489472518007828
0.9663200502661107
0.5287548703734111
0.6097182329326202
0.7329316479679231
0.9104352433348959
0.5552286016735531
0.8070959744765349
0.9632462135547941
0.8836373094647112
0.6825128702416354
0.5559689071620735
0.6343144313777376
0.8432859705529246
0.6531194417022388
0.6265971620271682
0.8702915348709
0.6034514141052993
0.9235241986597817
0.515504749735314
0.8588658780238694
0.9661440710241747
0.6521799865933848
0.8008826920965488
0.5119035891448915
0.5136149202618893
0.5597234905288361
0.968025989100171
0.6531849387234661
0.7421826028662164
0.9714583104833578
0.5062390820668552
0.7331599481664683
0.6134077906521065
0.6171069492295338
0.5569914832340601
0.8594934389369286
0.5878351859814179
0.5148404364249317
0.6307582437718938
0.9663082796927294
0.5710824900309348
0.6011614548574088
0.9632880895240137
0.5361666619439192
0.7232832736608287
0.5543263400779147
0.7521775003444569
0.5737019539311468
0.8581875548372369
0.5043017446187593
0.6674444323147726
0.6396937009459034
0.6202103216961923
0.8799096327666907
0.8787988135973515
0.6878184516259774
0.5664270142935619
0.8085232299745614
0.7529045342758088
0.5388821173269873
0.7053172250412276
0.7056856885891665
0.9800116383378539
0.8706295455680885
0.5217652308495768
0.5678150377487445
0.6803106117202284
0.6140071667679735
0.8346813043700612
0.931350403562021
0.899271893592311
0.7759527985819499
0.9094260399635616
0.5477543258835191
0.8274163595061146
0.5304546011069339
0.7400903658533748
0.8125560740850142
0.8234672938893624
0.9830110174734278
0.5888001683164217
0.9273334547435714
0.516771922493535
0.8414189189184086
0.7018475340806398
0.6809776774193238
0.8913800881836008
0.8904090834920284
0.7759754966981878
0.5552770543773285
0.9424130182032573
0.7317462962513328
0.6457986305835834
0.5013327524319329
0.682573848337263
0.6380104343418214
0.5715674263475004
0.624751676225015
0.53214596792729
0.9992549772054604
0.9014392616850597
0.5937937657786632
0.7056758708838184
0.9035915976946786
0.878646161765408
0.6555352725008783
0.5950014732128126
0.9530712673211204
0.7992494157246465
0.5230514976548436
0.6625786499022299
0.597470689008835
0.5454269273633754
0.9273650956029934
0.5442185948824423
0.7260515343356339
0.6008259909145979
0.5893101069165831
0.9882035222016349
0.90794783190649
0.5179404964287173
0.9069171148042808
0.5696497888428282
0.951788574406565
0.7758390409410758
0.6072337838218503
0.6895312492822633
0.641342211947853
0.9087265534775222
0.7324094984124752
0.8174558712220459
0.6535185291439942
0.8588666713792305
0.6267495415871156
0.8976627292473567
0.8538659614211674
0.6792624432062457
0.5817842842342759
0.5353890185230077
0.7004803589236015
0.972734628268588
0.7270796968230595
0.5021473664143117
0.5752719517739497
0.6482122606393286
0.763981482316926
0.8335901945796278
0.6847616653598032
0.9425835906881253
0.8538315694096705
0.5337730271866687
0.8121375568314422
0.6469138149458764
0.5728188949228695
0.7334320902823857
0.8838077846357759
0.611062200032766
0.9396525301039194
0.7871318398688303
0.7927124060432927
0.6466460328245587
0.5573592713832681
0.912641277865109
0.6068026536014026
0.6708427291551752
0.9731068190637638
0.7952762017089181
0.9527706523190687
0.6148741803943327
0.7502976093929514
0.6855182159167796
0.6776861121530824
0.8285673747295723
0.8650703841697236
0.6427912944659067
0.6804139288625517
0.5728644022547201
0.8517048897390613
0.8456981878356169
0.8427460422382959
0.7483394177197762
0.856268630417014
0.7132431145711216
0.8389874579425594
0.9072462490991811
0.8739841419676702
0.7258000313135611
0.5236288502772849
0.627959125401448
0.8856995125361555
0.7007012755527916
0.9659757087864111
0.5136916646493912
0.8690462708330147
0.8079865314358072
0.7967766090987389
0.7463878666737829
0.833571122616358
0.9916305198580306
0.7127280410315979
0.7320940336663777
0.6132975306189421
0.8543762487385467
0.843743938454345
0.5274986153838613
0.5325818031756482
0.579272098570734
0.8776736850577358
0.5824538493509659
0.9963830892880398
0.9880632004377081
0.6075612809842161
0.9418884728614492
0.763112505213625
0.6151707735025924
0.9300212849805921
0.72210788483708
0.7354369719651739
0.6999064950505909
0.5929352599596487
0.5843450855340496
0.803559613925172
0.659291357024754
0.9417611725766506
0.6331478326967063
0.7998292200438641
0.7227716875816372
0.6405268050190276
0.7072224491732069
0.6564922486316451
0.7481846926514151
0.7000000432540063
0.9805165679529602
0.7796035583139593
0.8496095499754002
0.6851434236913925
0.5240859175200264
0.5980389994242261
0.5791554491167774
0.5420699402106168
0.917807630567715
0.7450019240528325
0.9770260504354848
0.9365751584916074
0.9158123263273155
0.679937798044739
0.8501307443874658
0.6724645185277696
0.7424078599265126
0.9783206215779388
0.8992797573186311
0.8234627340107795
0.8832738612493543
0.7770007812974865
0.9344264403542204
0.8131516054826528
0.978420412913394
0.77458616716958
0.5316283320137373
0.5464647095588571
0.5083225872939553
0.5157298059209829
0.6726060118941393
0.5669739204387061
0.7011533552373157
0.8524036048825866
0.5951824023258055
0.9983012506211861
0.5384733861750957
0.6491226921624803
0.9806885756555928
0.9598373965616249
0.7123036524769815
0.9198555311766322
0.9039525398553011
0.656878571414787
0.9261425315662235
0.5905163985539656
0.7366912051619483
0.7401650040655248
0.9223484486666149
0.5859214922895128
0.9992916149273557
0.8524952739978987
0.5090266407170967
0.8146687736681917
0.775701400917455
0.7140111577839108
0.8463817646059646
0.8662351933384445
0.511455571652015
0.8100433742337563
0.7432471464954757
0.5705151461777405
0.9011479536477269
0.6905036989028481
0.874640958569539
0.8563894908781658
0.5951762103937857
0.6461115751923923
0.8412604376655697
0.9001919452506258
0.7264445475130439
0.6528267006762762
0.5045797588719203
0.9032913578362702
0.7778903846870133
0.7937826983131364
0.7206877930452376
0.8808821506712861
0.6178694687627744
0.5985266065999665
0.9312885800741177
0.7064636393860982
0.5719131868134082
0.6173326687044183
0.7534292824367379
0.8031375093497211
0.9131426999150697
0.6496571396910911
0.5772492272306826
0.69522980225827
0.9076228851590193
0.7950165457566387
0.8345474907765404
0.6453343769783308
0.9589060342704808
0.8296336391094574
0.6792821496802022
0.9380342037062539
0.5441512965453523
0.7327473171913477
0.9575767923670713
0.5372918390557246
0.5423918045870774
0.7043934579464419
0.7776988079186613
0.934349436303019
0.886822439635133
0.8724918631845576
0.7648534726034721
0.5955482273557653
0.9256109083228446
0.7255394755431421
0.5146928958479529
0.9051563518676109
0.7861911397895899
0.782105640147009
0.9392018266802988
0.8736560961554828
0.9786857252643828
0.9542168425537121
0.8395632394281736
0.7326249455707939
0.7972043705812226
0.7090971100612042
0.5633384016860419
0.7755946401966383
0.7723635208889746
0.6450713096127959
0.7033986308255903
0.8931691965549244
0.6319431864871916
0.6281772863837545
0.8811240078750608
0.5073056641517688
0.5157213587651557
0.5792621477528683
0.9797501238300526
0.9651768325394642
0.7776814765655926
0.7843741239533552
0.5972226727938745
0.8329277869525059
0.6799697897114416
0.8327817202684875
0.7602674977796787
0.9226435070771002
0.6172050607568169
0.9640213524100101
0.8991349424616506
0.7585973206111207
0.7716209082258287
0.9772410096886059
0.7408597312870634
0.5385638539291178
0.534199803209791
0.9029827916996837
0.5299444550019292
0.895462092846653
0.9449135858888056
0.6661921925564904
0.5589406776161361
0.6952289743442881
0.627133476333313
0.6932027934068246
0.9281786443163516
0.9763373817943162
0.8860599509163966
0.7280936909143071
0.6064839176938241
0.5304471610172942
0.8175534494984354
0.6534702341698025
0.7258247279638568
0.9785126111867266
0.7418645561812641
0.5795648346018107
0.8765657739675727
0.9527060949740832
0.5744492335914186
0.6213659014418317
0.5276727753013082
0.9689328808433337
0.7453468132522247
0.8057683547492402
0.9248468744073343
0.9566535412310737
0.9475298742373037
0.5361048906637509
0.9849726901232625
0.6024748830193909
0.5867555587813271
0.9037976731403982
0.6764152321275319
0.929178655285119
0.9134467647598443
0.6352161610575187
0.6420798850328495
0.94977323428226
0.8974916304521781
0.5321649709743885
0.912936425911284
0.5332825202663092
0.6276395470582645
0.8490311748039475
0.8163390982548122
0.5537411767365568
0.6790452458147793
0.6314420755728372
0.5932655715794729
0.7000444735982398
0.5586776517271864
0.6839267313512952
0.7181622393065263
0.9170320300356591
0.7786196940285879
0.5336169785390301
0.993797914840127
0.8562266067809886
0.601714041635556
0.5973357243755555
0.9715374488403716
0.6304983761022479
0.6536465040609681
0.6942711288594008
0.745605663738723
0.7877289350014101
0.6016958123544438
0.5088301038966128
0.7169371241755922
0.5018104140491285
0.7573522414112139
0.8966267037180193
0.9164427903325061
0.5180974524939722
0.5291538941385242
0.535838006970379
0.5639075647373439
0.9000857030857348
0.5618609255844839
0.5298367047342689
0.8781187405270863
0.7694965087828483
0.5050266133780328
0.6132243708931313
0.5502862909996724
0.7084829100059356
0.9110338657160233
0.7627231739323592
0.5944130258614408
0.7754647257017584
0.8645153087709188
0.608860717986877
0.8600546407417051
0.730633024596794
0.705007807804841
0.7636893945622288
0.9835760264815112
0.5300011936883169
0.9627644710904537
0.8980633669477915
0.7249091659192366
0.7819651688252705
0.7908159435415798
0.7028288821720996
0.8959356032338256
0.9097452940239595
0.6031430330670883
0.6620946510309436
0.7478294298851182
0.5313790873078714
0.9473604277234055
0.9029497014360288
0.801413587213075
0.6808323848887136
0.8123036059045543
0.6148870479071691
0.9185805557348061
0.6564596967490712
0.5394876788172764
0.9637326823308277
0.9340633935971536
0.6736348533117809
0.7210883371325147
0.5177142388525973
0.5912573504335574
0.6455123258169048
0.8330319760203813
0.9282172187584612
0.5358366197084461
0.7010840313086018
0.5858454550325949
0.5644290431023191
0.7315366943339259
0.7931946352645314
0.8988888031688615
0.5507469985918438
0.7170678593862669
0.8482017383019016
0.7206524630685255
0.8804667710588584
0.5025196284824165
0.824320314294053
0.9343320299881546
0.9877734800340358
0.5073716810903006
0.6349619676720968
0.5451356731679867
0.9624639367562746
0.7906933699913495
0.5992327184292661
0.9932011098269722
0.6973815775896448
0.6229993840517873
0.7131761708580506
0.6395647178002495
0.8179163197935724
0.5041797009346378
0.6371543967782298
0.6793646018145125
0.7629483022841741
0.833177960823574
0.5307600513470736
0.5776148337099181
0.5011237611492481
0.8782724815713292
0.9591568320126953
0.8214030605490972
0.692080196797518
0.7474009400785762
0.9243724115865489
0.5325020157921896
0.96575560254725
0.6171001699417896
0.7831810304727115
0.7700685191774809
0.6275121333665732
0.6039499429120178
0.7251043977279297
0.9205051022252937
0.652321854084559
0.5035464647389378
0.7833846413304489
0.670544795537244
0.8746055642858399
0.9187320452200676
0.532707690600404
0.7589657865275231
0.8101876001215275
0.5128866832533039
0.8937421582734077
0.7443333921153317
0.9605761720765702
0.8764490936322071
0.5207293475709196
0.819071949380594
0.9085369605098023
0.729600833960419
0.5974470509131693
0.7502832952272315
0.807378767941555
0.5733451540294996
0.6436458728761085
0.606899322687692
0.6305793219181424
0.8818628678282474
0.5148213881084691
0.9923077471400702
0.925582573110772
0.7561895511616719
0.8495333862229979
0.6943939573052076
0.5506936905248248
0.5454554378630092
0.8405989006963159
0.6632093984175204
0.9702582886420026
0.914183075425161
0.558849609470986
0.8169605531104152
0.6947233046926471
0.933750029670543
0.5263029708078663
0.5364902753450027
0.6419605526574943
0.659881115906058
0.6876389858321255
0.8060644594887962
0.505061443383784
0.9086304589271229
0.7286212547539621
0.868058337870097
0.6453436966280772
0.6768944443697658
0.711297273394849
0.9425522078927188
0.7177196226713481
0.8107859301198681
0.6673970097492756
0.5867275263320336
0.633016775217788
0.8668181218670654
0.8135869526444119
0.5029971624419378
0.7060586234193951
0.5987091134139448
0.5210829961270891
0.5499540506554008
0.8304839000939804
0.511362128617437
0.778283447991393
0.6486781454822004
0.5459040343280797
0.7672046861666966
0.8571943989284041
0.6420978710060172
0.6799627211512745
0.9258708858289743
0.8859998844205771
0.907053009341632
0.6556248336703834
0.9314723512632099
0.9357084405641624
0.8203164869419484
0.6957666237792199
0.5333481422375396
0.9464183105955891
0.6476140800387166
0.8711438260381807
0.9264223872069984
0.62708758002696
0.672532566760456
0.713088855198579
0.8908526049602478
0.6779735810406732
0.9852569860539345
0.8727505039123998
0.7680415497782127
0.5417400725558574
0.7600200392538079
0.7073014603304576
0.5490566452341183
0.5901493995837397
0.5830391583625487
0.6755630713928931
0.5267436732601591
0.7514482228997716
0.7047691906006797
0.796319803703237
0.8243633724176771
0.9554297603843023
0.930667603840317
0.733739953773259
0.8346355397579355
0.5767820591065129
0.5704764260798001
0.6417751518497868
0.7036645184264794
0.875349967307034
0.5524922202934255
0.7307633830739191
0.700433246592965
0.9937240867370365
0.5468687069349452
0.5650950333933829
0.7726468722036519
0.8274678050177418
0.5011625494018087
0.6699675183073099
0.6199436830581535
0.9827404883658881
0.7080712995745199
0.8677232450751244
0.5766778576672009
0.8175339500959828
0.7722293869482557
0.8138287480880427
0.542874273546111
0.568491768033083
0.7013280633957832
0.5667193904289616
0.5235501763046744
0.6288350637257117
0.6831374326591089
0.8603538511231488
0.706536765102382
0.6192020175090298
0.7928941284256251
0.8788713786683706
0.999232701530095
0.7551502164142834
0.743329887315743
0.6747683954817786
0.571185617737005
0.7259992019855434
0.5837606795467201
0.9566476272214209
0.7231378678408722
0.7650347319631223
0.6670389299987074
0.9470342660247943
0.5979122271790576
0.9587570524864027
0.7454344708930093
0.9071134299062696
0.9758101910420136
0.970653193601205
0.7348149565757094
0.9470178874217434
0.5245570071823773
0.6801114494567271
0.7823355598257299
0.577417492774994
0.6398547446569385
0.7802136942260305
0.8318344868494952
0.600309540835058
0.9321063292806371
0.5755767444703368
0.6347013664388503
0.7273274806936502
0.6333175818227078
0.5690242431710975
0.5718664833830117
0.9877204768454653
0.5369672587400252
0.6605515673802789
0.5013989579280225
0.7665899913379267
0.8503225955269327
0.8735386061464843
0.9373122565271998
0.8401760906503826
0.9065682086022832
0.7684185197342971
0.8959735900559395
0.9180970655552232
0.8586858678651152
0.8300770909372865
0.9773013350098065
0.8418783661774059
0.8135895173531533
0.6710698459823996
0.8693249347739757
0.6132049835750297
0.5230801337930548
0.8752144325670682
0.6064991493536002
0.9789087560162353
0.8084176246756805
0.5058290808202518
0.6736355503903336
0.7984844324702466
0.8951692360254253
0.6750349253723036
0.5994733852553515
0.6243315681259689
0.8196698729988031
0.6107217861953285
0.624275703315254
0.9045563156980571
0.5224638769078316
0.8025531286186818
0.6747376155438785
0.7723437184840709
0.9117677174026189
0.9385035700824464
0.8381007862377488
0.964517180430485
0.825246073627216
0.6159074098035986
0.7154822842900728
0.8526840367849398
0.6909481853204482
0.785723844498359
0.8828013021046048
0.8650480001455341
0.916201919208494
0.5155203196194893
0.769034895311806
0.5811492568160567
0.8235527552919267
0.7731353605878702
0.559125174160439
0.7648959225667481
0.555272229760807
0.6024018717234262
0.8482988749673652
0.6219223994830392
0.7523053303147781
0.9177342742513132
0.724862122661654
0.5179436285251986
0.8648898739352024
0.7028848178185585
0.8632521788321077
0.9356842412637977
0.5419146554268282
0.5661512564765587
0.5730482978445233
0.9217645191705596
0.7890804474320565
0.5607100842774027
0.6287957175922596
0.605437303322495
0.5247777839490526
0.6632340271555034
0.73259132056545
0.7882632918408558
0.5528114844474055
0.6650323664838751
0.7847169790234287
0.797848658851708
0.9854433233593896
0.8085123476081271
0.5356873070486302
0.870633194543607
0.6422604915462944
0.806397532976876
0.8487758847872564
0.7747045988049186
0.7976103545634243
0.6403815845388257
0.7616424928494697
0.7146387657540968
0.6383976370183164
0.7721536190252192
0.7238431703729211
0.8185286252757236
0.9777198364987802
0.8778525008327589
0.8765936793889753
0.5492051439074421
0.8220682437166125
0.9255507724776839
0.6417884730669259
0.7562898679964151
0.8442845635525615
0.6366848225704187
0.9399569666240066
0.7828173575874481
0.9063809922787613
0.8507911622142874
0.5117774007645133
0.8443693071990068
0.9161325137100568
0.5797650153592191
0.7862529716842976
0.7094665549461021
0.9938076706949563
0.562433621326342
0.5806236568362393
0.5540445845990194
0.6271932279636458
0.8434277758512474
0.5427376968901418
0.674418036723181
0.5039827285088364
0.8825159271824253
0.9363216801431808
0.9591766607648788
0.5863868292520429
0.5822758585910737
0.5050790860037873
0.9605174338641557
0.8011117423615077
0.6975791744154767
0.8207787716502637
0.7295341001814175
0.6496489474698273
0.829227467530482
0.7605148685659688
0.8061156459490848
0.6766914043980878
0.9559074533357703
0.5871434120902826
0.7005768581557998
0.8043771277464764
0.8059620678048667
0.5191202817618423
0.8504809427849547
0.5449190297525892
0.5933160672993991
0.8455520917592623
0.7463023168515681
0.7248347513711435
0.6078174525185194
0.8027595729094433
0.9824732572447314
0.8747277172322742
0.8747535801885111
0.9780069616690281
0.6765254866511505
0.6803077349221343
0.5654851127726027
0.9608555169864768
0.7087659204809482
0.7751048121402844
0.7763999671671722
0.7469226140626049
0.7742386247066442
0.5411722587210623
0.959138139505658
0.5275975725074751
0.8500201712311068
0.5015098439982582
0.6052522244506946
0.7722528728598581
0.6411407842100165
0.7201888629420111
0.5683322200911372
0.988074763788994
0.5223059083892174
0.8821237149662292
0.755800673540749
0.8415997582404671
0.965912097268508
0.9702817391133838
0.7150882669978313
0.9851588019833248
0.9366397293793731
0.6589467584315538
0.6068637731965156
0.8703200028910651
0.8562196172189593
0.9420172395868778
0.6771517745932534
0.9664304351287033
0.6215091901205492
0.560368087000939
0.6646763579851651
0.6178457770167058
0.9792175713654525
0.9702168331689593
0.5506840882950544
0.5665097848270712
0.8486838405315079
0.763935798009797
0.724941482524804
0.6892838649224245
0.9497766959171595
0.6211449783479224
0.8758403982600641
0.6095451379541581
0.5028627892375299
0.9013491969576986
0.8219768147543496
0.6153524594401131
0.8332778914281416
0.5033837812075388
0.7900658955071662
0.7292797560795603
0.8834859113611859
0.952552566444721
0.9343710156400897
0.7747896696297338
0.9494100768311196
0.7393315262772256
0.8258420388869414
0.9124036811272718
0.9696186260829582
0.6961034582612298
0.8344021086142437
0.6145854000043272
0.927556213027877
0.9432385370355365
0.9018309661626992
0.8614954602054095
0.5814442620238399
0.9176231649486025
0.9612474787746855
0.8367588351176186
0.7430701222972869
0.6073688869637567
0.7411610805141937
0.605802630858991
0.6215166678283239
0.9210704989352254
0.5328538942568617
0.6955598308344312
0.8127857444096664
0.9653080331150381
0.7434885987347121
0.5925501616040921
0.7709810125756993
0.6814753500316526
0.6263781100798598
0.6904823447834956
0.6920423632422048
0.5376648522438039
0.7000680842397697
0.834730239647808
0.620339208753026
0.8480127245476916
0.9452542359130105
0.7133788278875965
0.940554666381163
0.9802110147390644
0.7927145278684941
0.5940955927614395
0.6286747065000796
0.7230380810472075
0.5982243583814542
0.9362751982105886
0.6531647511655604
0.785709520160789
0.7543556530908396
0.6531946418927583
0.7105859284726541
0.6080958660366469
0.840049463096146
0.658796828511687
0.6965634065410841
0.8316176395381295
0.5917016921841336
0.6574533475797333
0.6132039542627676
0.9923804956741593
0.9163215821827116
0.5009641845266659
0.8283148190802614
0.9157486458604303
0.9167895979658722
0.7789857495467214
0.7814455285910009
0.5106532879653018
0.5068732659344279
0.8295461937728466
0.9079425582958639
0.945113504195173
0.7636592970650817
0.8159015439822832
0.8709978514157987
0.7750347465085412
0.9568936801220229
0.6996591877410976
0.8848591131515723
0.9134898565537999
0.575497573500444
0.5170774848404455
0.9977646539396774
0.5419784622177698
0.844231493839933
0.7768125532338386
0.6416722544408267
0.6801884400168136
0.6629703070217405
0.9567538902782053
0.6374784034625123
0.5883493145100389
0.7699873157308603
0.8278104306217233
0.8132736267083087
0.879268485638987
0.6691091498071364
0.7879736222852907
0.9568276689524824
0.8391356851525027
0.7623899315748581
0.7019625898898441
0.5545504526678315
0.6688953061621477
0.681778921311774
0.5129180162025744
0.99990761631895
0.7999112452622996
0.7523052969390276
0.7599203818438222
0.7427473048727811
0.9057595165187164
0.8309655793674273
0.8761123022694002
0.7659733890794362
0.7182071359657726
0.7088162590410081
0.5101839508273871
0.8519784885992274
0.5433673817026641
0.7840469985418432
0.6794563233683494
0.6157149041397522
0.728147171866361
0.6543613030203003
0.9169394161957852
0.6308067454315192
0.9637152439571066
0.8207300022374244
0.6066215815557383
0.8228229778223071
0.7800634058447447
0.6154765945427373
0.5976171429771067
0.9521778718391065
0.9438973227879635
0.5482474649562044
0.5263173642561132
0.8016880002646396
0.8014489628495006
0.8262500563480253
0.9530040254428233
0.7272957439681642
0.6838769778394006
0.700719381257349
0.8506124904647758
0.5306434653761836
0.9602291117489048
0.8523503052015979
0.5893946463053652
0.7399342152952801
0.5611106918581593
0.7155915382249511
0.5004941075111444
0.8207068192845115
0.9805411329010814
0.6993165441341888
0.8507771386202445
0.7481278636835162
0.634851257317478
0.9971887406842606
0.7419464055751124
0.5060213374391593
0.9666550898896468
0.5862952420285019
0.948208782231448
0.7135706814987686
0.8009937410818015
0.8854062322372798
0.9902218141978079
0.9820594385897798
0.5745788453547258
0.6502558728240643
0.5248106928604142
0.7755409468918871
0.6162470240599154
0.7827340494469011
0.6609161270133606
0.9567417253102977
0.6173432446189342
0.7313769305640916
0.8132742404328268
0.5403761685400024
0.7785664164046449
0.852766656791619
0.6044571109597461
0.6667477520448744
0.5992616232286843
0.6125053112481316
0.7422570827511008
0.9385385801136612
0.7590525414518847
0.7272589764252659
0.5336669286477616
0.5911951779914599
0.959664158269353
0.9836359753173822
0.5970519681382281
0.5948369273672616
0.9304720678442033
0.8688714503360413
0.735144988053278
0.665001792874178
0.9098479314091374
0.8765444113301846
0.8634528442119871
0.7697043111291293
0.5435577343341353
0.9030100428998072
0.8735769532937189
0.9501444613288023
0.9572195846066078
0.8183929933814791
0.6391548623058336
0.9020342516225487
0.5205586894113761
0.839489884871693
0.5975013251120612
0.9713943710005952
0.6382979947050529
0.551850724839176
0.6094532534115298
0.7627060441145717
0.8750082675631927
0.7820262071668478
0.9154940763224616
0.7580994458541533
0.669100204211332
0.9961256577421292
0.9346627787623749
0.5609155192266871
0.9400328379082943
0.9630709383279143
0.9525992232487023
0.5665455156366112
0.588469863149313
0.5631230808611816
0.8710501823279899
0.6154814781834843
0.9044331475958531
0.9048705709744229
0.647072530743985
0.5623274932583449
0.6342953224490206
0.8022483514133407
0.9796958132083353
0.6292792230840141
0.5894149218935484
0.7694929870851517
0.5084155005425224
0.8516267751593292
0.9481118529599137
0.678040920006118
0.9122075948747925
0.7444593011965928
0.736559103433344
0.7813759021797841
0.685066015496014
0.9516662694139836
0.7917280522941098
0.6457039733896055
0.5705164732066459
0.7591526473799166
0.766663350859381
0.8168692421869983
0.9103164818858362
0.8193899504481141
0.9761919293551673
0.8518582228125173
0.6789597946529362
0.8896741966480886
0.5042683969202355
0.5074385640479975
0.6892224435390785
0.6892810755090797
0.9859155895336698
0.9103020895471412
0.7820639057076908
0.569250522930461
0.7121739628718
0.960922033282009
0.6529788261432836
0.7603928016832098
0.9879272692424679
0.8857270149639205
0.7169787713357486
0.5419966377728008
0.7040818666902398
0.6053030454254258
0.8416291732112319
0.8443607264571288
0.9205330340190401
0.9168107794101468
0.7852541640071264
0.7368874954352268
0.8244676739418122
0.8951423991981846
0.6567390599905225
0.7662451085117369
0.9293031248233146
0.8487330475899144
0.501869275611574
0.5704216870263901
0.8069999256609646
0.5738790233004563
0.6241015055105475
0.6911558230596462
0.8362560154692135
0.736117730376763
0.8755534058657622
0.6403362295272672
0.9637156070691992
0.8042767309847222
0.5210593250195354
0.5881314099085151
0.9264907506697359
0.5809939988687882
0.7260413964801533
0.7191989342219292
0.807153304682956
0.9506940132571404
0.86221360012761
0.9787530315312862
0.6760883626098904
0.8394573280351882
0.9941343577576439
0.8267585541356468
0.7581650102014953
0.7657972418545191
0.8412378123079168
0.9846785720726459
0.5372848561799485
0.9881121345176088
0.5539314042906673
0.5209663269037461
0.9312541984448388
0.506415475304208
0.5502116141606754
0.8974722570276263
0.7523607393518632
0.5375775520965296
0.5624378626034002
0.9537851711808264
0.5248309113170349
0.9147983854732239
0.9468539779843459
0.5699774670417898
0.6874182153536799
0.6409301458756917
0.8561446201958993
0.7506493451798799
0.7954754987987862
0.8754845569946123
0.9050398090537424
0.9987567378010975
0.5326661782687944
0.6854317881189123
0.7620303999820056
0.8452770760527581
0.6548243633369064
0.8127812475161182
0.6715782134352595
0.6041708255486453
0.8752745973531875
0.7006941770076425
0.6695827291637195
0.8778723665772976
0.5797082481492783
0.6500677007426687
0.7772900282915081
0.7726532020236947
0.5271578978210816
0.8126572834631072
0.9433040790202312
0.7463774076354768
0.5922415441831714
0.5258822669712176
0.8691644474747348
0.7144481861648635
0.8541754435783271
0.654575726608002
0.9875089379071373
0.9542704628072745
0.6108732456657099
0.5032966225612305
0.9288480326898779
0.5965249282302887
0.6786129600844124
0.5726094064990138
0.5243141236411142
0.8339972435989744
0.6591607042378603
0.5148044176338128
0.9510078746276354
0.5436037084762142
0.5689018588056065
0.776030170908171
0.9630644496412367
0.6008478697068251
0.905314811897143
0.6006046036993591
0.6561670760047327
0.5152325442393837
0.5530761522251982
0.5375686858542359
0.8956240539578599
0.726769318434231
0.5926154597240848
0.5746885805455494
0.9738617311750571
0.6005050557657938
0.651683513586673
0.7890915431031236
0.9972375207889617
0.5891801777380605
0.8135756017296798
0.8812734523189116
0.6455017231046929
0.7089580717504618
0.9212713633929067
0.933764640202244
0.7553662289852201
0.9413315118670753
0.6075089185066669
0.6220671655812464
0.7799555151839106
0.5322089837233952
0.5972298443719097
0.594691945423458
0.6694176693683973
0.707118132132709
0.6832133544996778
0.5913327444693472
0.566141450710389
0.9816719103046456
0.6413683744291955
0.6778694165226318
0.7504903485692125
0.7993852917194901
0.589085291921193
0.6536058690058895
0.985672063642322
0.8027845677292935
0.8555588954445472
0.7603240236411605
0.9266839245510843
0.9120895593524901
0.7735008460490966
0.9503423534904696
0.8427672377610522
0.9175201768145305
0.6092708733108122
0.7672557096019607
0.6940384047987502
0.955196121503286
0.8006267075484357
0.5571248299047074
0.7962438368226835
0.6617843257142448
0.7320897472629337
0.564774974940329
0.9373639754498713
0.7552770306335923
0.6883072950791352
0.7984210429570187
0.6029249799474143
0.8104330899544508
0.893136859028654
0.5736859275595827
0.7470325234473514
0.5263364172453331
0.8778648471523955
0.5829206877505844
0.9561332740083944
0.8314016391199642
0.7334462130459383
0.5398378153278065
0.9269396533461813
0.931422366154742
0.6884437293079229
0.5998809556397564
0.5844147789498007
0.9618295133802126
0.9781634221312356
0.9667852954624487
0.9610672613907044
0.5515520635721323
0.9367318186664554
0.5079628112479815
0.9178574515895117
0.5104401618147448
0.7890061823858672
0.8777922914474388
0.589893144495947
0.885697185700103
0.8128337537468469
0.9150317398914558
0.8443424731369581
0.6546566093032076
0.93087548278851
0.9426339916329325
0.89049944485817
0.5309851495111342
0.6229061836386314
0.9915575732546158
0.8072062997052631
0.9683507740929551
0.857115141678157
0.8646519488432235
0.968857958216029
0.7554533849022738
0.6725788624978097
0.8753379916117423
0.6036860653110871
0.56464101243972
0.8085452882749578
0.9638192046508337
0.5833360344296719
0.8360310856416735
0.7189727870583253
0.5662334459469542
0.5499235629955473
0.7901468351134362
0.7489108185152806
0.6927348078987541
0.6829563304323067
0.883416595927021
0.9213174618773472
0.5793851181145284
0.7751751929489556
0.505856514899387
0.8651834342948748
0.9721974969596944
0.8682888541622608
0.6201833597913532
0.6835276033405224
0.8881951385825835
0.9036751385368686
0.9356038157202047
0.5113426715356613
0.7610568769061181
0.5983528891771572
0.9545096128185573
0.9271391751347657
0.6707954160342853
0.5871336818645394
0.5040561206088736
0.6664289686814433
0.5156776838023365
0.592267646780569
0.6946650895936217
0.6953722011802544
0.8343839855815129
0.8374923038185833
0.8460748784864454
0.7319089251101994
0.7848066493837678
0.6782610231441317
0.8170996521960652
0.8198663402466144
0.7543496818344007
0.6298377360532097
0.5040820273070403
