117
260
254
151
181
229
165
66
111
200
146
143
292
175
161
257
247
46
216
220
298
145
173
64
176
218
310
108
178
7
231
149
130
300
262
12
295
166
44
312
160
261
141
202
212
122
82
182
93
25
61
196
315
59
81
70
309
283
255
49
74
232
118
287
280
54
58
171
245
115
129
136
320
272
191
265
326
8
306
94
67
72
142
201
296
215
217
170
241
205
282
0
35
9
16
32
30
39
57
62
48
56
65
273
132
119
100
84
99
156
147
275
248
317
328
316
3
2
5
22
15
34
29
37
19
40
252
75
77
135
124
95
139
103
90
101
102
162
180
228
138
153
123
321
299
323
270
219
194
235
269
