7
260
200
46
117
181
151
165
66
257
143
247
254
64
229
141
218
111
262
292
202
232
228
160
132
175
216
161
231
146
176
220
166
93
298
173
145
295
178
130
291
122
108
149
283
300
310
320
312
203
44
81
306
182
100
70
12
82
212
261
142
129
255
25
196
245
59
136
272
61
58
74
215
315
309
170
265
49
115
205
72
67
287
282
37
54
57
241
118
101
275
248
326
8
32
39
191
84
270
0
34
9
16
30
62
48
171
56
65
94
105
99
201
156
147
317
280
328
316
3
2
5
22
15
29
19
40
252
273
75
77
135
124
95
103
90
102
296
162
217
180
138
153
123
321
299
323
219
194
235
269
