260
117
7
181
151
229
254
200
165
66
143
111
257
46
292
220
247
146
161
175
64
216
176
173
145
298
231
218
108
310
149
178
12
130
300
166
160
312
295
262
141
44
261
182
212
122
202
309
82
81
315
25
70
196
59
283
255
93
49
54
74
115
320
265
287
232
171
61
94
272
280
282
58
129
245
326
136
191
305
118
91
8
9
67
217
275
215
170
72
241
55
35
205
201
119
139
0
30
28
19
60
45
273
299
228
96
84
101
138
123
77
269
219
71
97
36
37
194
187
29
34
135
27
132
23
53
252
235
31
319
102
47
121
304
270
153
163
52
321
1
2
16
18
21
5
6
128
100
79
142
169
124
86
150
65
311
317
318
92
110
99
313
314
316
144
147
157
69
68
56
140
148
156
329
328
327
307
291
296
258
248
