814
1
424
55
219
109
152
355
513
38
42
13
61
111
412
160
154
77
86
87
403
473
714
114
35
36
213
224
78
94
335
27
591
186
276
107
151
658
189
343
695
694
18
66
45
49
96
59
413
241
530
514
404
261
158
23
689
395
290
434
73
369
535
244
145
289
728
380
501
441
250
28
34
50
51
299
496
173
479
81
205
128
571
293
766
344
796
188
296
332
451
270
16
32
40
60
548
62
331
342
312
378
76
397
103
532
576
150
242
220
315
127
203
314
235
300
10
21
39
41
438
43
308
113
71
325
79
377
82
85
93
787
398
115
118
810
396
409
333
295
137
405
180
211
215
216
599
201
292
641
247
370
256
387
0
9
22
25
57
161
379
423
84
510
341
159
155
323
110
374
489
383
125
440
351
414
511
512
240
283
156
165
381
181
231
198
202
218
722
226
309
294
253
320
415
2
5
12
20
29
30
37
319
210
360
53
56
373
69
64
67
691
262
364
399
271
492
88
313
98
106
108
176
237
701
266
612
233
450
236
486
635
291
135
232
515
243
217
443
444
248
358
437
168
204
170
531
268
191
206
208
389
763
487
483
539
534
317
493
433
297
349
384
348
457
529
4
19
24
33
47
498
52
185
286
353
356
357
72
485
281
68
129
288
544
330
264
508
518
90
273
91
346
182
99
105
762
536
540
209
382
665
117
157
251
121
318
566
307
436
122
458
316
422
427
541
130
538
467
468
472
488
528
345
636
164
167
773
245
661
172
174
175
503
504
214
193
392
393
542
310
338
456
500
372
502
452
