814
1
424
219
55
152
109
13
42
513
160
111
114
355
154
38
412
77
86
473
61
94
35
714
87
403
78
224
213
36
189
694
186
658
695
27
276
290
96
107
343
151
591
18
49
66
261
514
413
158
530
404
59
335
241
45
434
250
441
369
23
501
689
380
395
73
289
796
728
535
244
188
145
496
766
571
50
173
548
128
34
479
342
62
296
28
81
293
205
344
451
332
270
76
150
396
576
220
127
32
16
51
532
242
103
312
300
235
137
315
314
378
299
203
60
40
303
262
53
74
599
383
118
115
641
333
787
201
216
41
405
542
231
317
387
810
215
409
211
10
79
71
325
331
85
295
43
113
308
180
370
256
247
662
46
37
510
155
489
351
294
105
110
57
164
56
93
206
106
323
218
415
181
374
202
161
0
379
2
722
529
389
165
397
21
381
440
512
398
320
340
298
782
360
100
368
322
494
414
84
39
253
198
240
309
377
438
292
226
527
338
64
482
480
471
120
808
502
33
763
500
319
52
172
515
423
419
233
685
382
364
487
175
143
547
310
549
636
307
436
827
826
279
665
372
518
357
663
764
358
751
534
288
536
564
116
724
544
139
141
142
291
345
286
488
159
393
392
715
167
171
174
324
540
539
538
130
537
267
121
443
584
773
508
228
72
432
70
596
765
375
265
266
69
68
67
281
499
498
192
337
573
330
678
362
31
626
316
91
607
258
47
89
19
20
486
523
634
119
185
361
318
691
472
798
655
586
704
117
457
442
7
8
29
30
183
222
234
632
633
643
659
661
193
136
721
313
252
509
82
168
444
239
260
102
469
101
566
97
399
268
156
140
170
204
326
134
785
311
248
817
768
600
269
770
717
384
217
341
582
580
371
437
574
123
329
461
190
692
147
149
476
620
477
712
635
462
505
511
153
577
126
706
699
435
243
122
491
490
450
428
433
54
166
232
22
418
58
352
583