3109
9134
1655
5617
1054
99
2416
6101
410
1056
165
263
5598
453
1536
171
4097
987
408
4496
127
2265
3556
261
2485
407
1198
4673
1890
989
412
763
3761
699
1164
345
131
1537
4057
1551
1971
2096
867
348
1535
147
566
889
5673
812
1943
1456
260
1534
794
819
696
765
1116
3802
988
1529
781
961
344
495
1579
1322
1503
2787
1058
2364
314
984
648
1091
133
4609
4094
3060
1176
2927
1055
1255
565
4870
567
167
3913
714
2484
2196
2195
200
397
168
1904
205
8308
5315
1252
405
698
6323
1657
129
568
296
223
1185
149
220
4054
128
1021
5026
267
347
3297
10043
945
1553
3075
1883
693
132
2197
3076
8458
1968
1186
1282
1962
2181
3881
1165
1528
1697
443
329
5884
1598
2975
3530
2853
756
2365
2018
92
2658
346
343
1050
669
170
2904
1922
1614
1959
2415
1324
1031
1884
130
753
148
628
411
1356
2396
97
3253
3427
6479
3772
2952
3181
1717
3578
695
3743
3101
1905
2268
190
6426
137
340
4077
4353
1143
1552
4765
7400
3344
2785
1504
2710
985
766
487
93
2091
9720
761
2863
2283
3093
1354
237
664
1003
8342
1764
2810
8195
94
4403
1151
1299
1506
982
4987
239
390
2602
252
2527
642
1963
192
638
2387
630
1217
2389
2169
2674
3643
161
7428
266
1747
311
2145
4643
3158
2813
754
124
1663
2989
2684
2331
2738
10231
1919
90
4352
121
3484
2433
315
1814
545
5903
6097
7858
796
5403
3798
356
1382
856
2580
2320
238
3065
7483
1203
5064
3765
118
5973
4166
1057
430
850
2931
2552
125
1323
2836
2212
2144
1042
1824
2564
4465
4159
4655
75
2584
6822
1527
923
2734
3199
786
4996
288
2976
3384
515
4035
1632
1765
4139
1315
4299
3958
2127
1934
120
9547
970
2634
4687
1533
649
1711
4794
742
5329
3780
3565
4611
3066
6139
870
2882
5216
2543
1306
1347
4699
538
6519
2993
5149
330
2819
1367
3767
2672
650
3247
1026
382
1141
3574
6108
860
3941
4798
3858
5861
633
5152
1927
3925
3826
6453
866
1107
952
1053
1398
697
83
2412
2763
265
824
7023
5728
1900
1194
3377
1229
7453
2221
2570
2204
1699
4555
3305
87
621
189
1101
162
424
5580
1574
838
1105
5979
1550
4391
185
660
1079
703
1685
467
3047
592
4729
1155
65
328
6077
2620
1014
6679
3222
4682
1932
5206
1633
5742
992
7629
3274
2182
174
4142
1258
547
7724
4525
2866
5920
3128
3245
986
2662
5406
5288
1391
7359
4315
5941
7439
3592
4664
1327
71
8773
275
3890
1334
2854
550
5976
1805
6405
582
505
2661
8625
6567
5694
381
2840
3763
762
1940
6647
993
5651
8331
2532
3281
4020
6190
3908
1809
2915
5096
0
1766
5284
1166
3651
1863
3885
1787
234
4249
2343
637
2062
743
241
4226
1613
5081
1401
1317
5686
1795
1472
2403
4386
7461
3966
1072
1408
8232
5589
6841
91
3396
8097
4488
1718
1785
1670
1658
1168
195
2747
3263
3627
2565
1491
640
5733
1639
1330
3135
8348
7894
1665
5488
4711
1487
5519
3494
1073
3369
6255
512
2505
9110
826
1826
904
935
5821
4173
1744
3300
6008
3167
409
2513
4694
4224
1933
6154
433
4631
946
560
2359
4769
1440
694
429
3453
3698
58
4617
6088
3216
2017
9696
3630
106
1652
1774
1483
853
5385
5372
8484
2458
4342
1626
1340
2518
846
2444
6248
1295
7036
631
4947
319
4078
5844
5341
3355
7008
4526
2383
6184
9002
7595
4261
6440
4407
6691
1592
1625
3070
4086
6201
7883
4065
2533
1867
1202
6428
5811
7038
5768
10022
5297
1455
6017
564
7002
6945
4505
1974
2236
3727
2112
8545
2867
931
4462
1353
750
5631
3734
2067
9021
661
4085
8743
217
141
6451
292
7999
727
3094
8307
570
2660
4417
590
1807
2400
9849
581
9860
677
610
2811
2912
2028
7651
5873
6722
3078
9707
6656
7255
855
270
2146
3210
983
3901
5285
788
1421
6293
5442
833
2531
2546
911
4362
9
6992
3311
5453
925
620
6250
6469
6168
4728
5184
9702
8984
25
1008
3568
7692
1061
4731
3987
3481
4955
1746
2914
30
8564
3379
8868
6122
1015
2151
2316
4864
6169
7007
3837
3373
1755
3989
180
577
5143
2651
290
2789
4819
466
6452
1248
39
5577
7318
4223
2483
54
3299
614
5192
4937
3815
4349
206
644
1377
5478
9003
1675
851
9884
1656
4524
8338
5769
7529
4030
1428
2034
3560
5909
5130
7112
3264
6937
1218
2007
2515
5088
3173
1669
10159
4274
9670
5615
9319
9960
3684
3839
4355
977
3572
3223
1502
4286
4147
7876
2605
1396
7338
254
8120
5696
66
23
721
5416
4191
5570
1201
3546
308
1365
5089
7830
5292
6294
9302
1130
2823
2837
8725
3413
4268
5837
561
5539
5209
657
3729
1199
236
932
8124
4006
2888
5254
44
3859
6161
2179
1062
262
273
3164
7687
7551
8995
6953
7601
834
2447
10111
9022
1188
1538
5642
5798
6327
2639
2026
7349
8537
1
9300
562
542
4190
9153
6204
5079
4583
8832
7836
2351
9370
789
6087
709
8042
2603
6395
3378
248
7496
1903
9635
4606
4336
3525
4039
2624
4546
2159
6150
4610
3485
3742
6098
3174
5850
2078
4215
1929
6180
9531
2695
705
5897
6193
498
2873
3924
7611
8897
7236
3212
9892
4420
1562
474
5376
7530
8559
9946
7343
4959
5109
5894
2977
2475
1868
1808
2996
3534
3399
1549
9636
9722
6120
6891
7922
832
6577
4111
3391
1140
3292
1858
1332
8977
2469
2421
1739
2579
6802
7796
9974
2288
2796
8641
3502
10063
3207
4560
1386
2607
3229
277
3531
1157
1025
437
605
3638
604
768
730
6240
5503
8843
1758
5663
1555
901
3184
7731
4957
1664
1516
1451
5086
4980
4002
8888
1493
6560
5908
4780
3697
7565
5335
8228
6299
3542
963
3607
7438
1837
3376
1375
9614
4121
920
1581
5135
280
2467
8267
6514
6696
5258
2157
1799
2587
6676
7029
1175
3757
2137
2326
4681
3537
7837
9346
378
1145
358
6536
1300
9374
4128
7083
7326
5456
4364
1102
3581
2264
1845
835
5480
5310
3004
6886
2419
2855
4727
7405
5568
2162
811
5499
4192
1588
10508
7592
1489
7019
2124
2363
2560
9880
7669
4690
9490
3856
6324
428
7118
2775
295
7743
2597
744
2448
7171
6687
8375
1294
9214
84
2715
4977
548
4862
2319
5520
5128
7567
1433
4536
4437
2244
1568
8829
3876
5346
10047
4416
3676
4374
5330
1719
1740
2323
1849
6300
5693
4691
2790
5771
9152
4868
4137
1712
268
8500
1687
2414
2011
2517
5172
6636
5630
4480
4254
4184
2995
1909
7335
3639
4575
6225
8744
8461
5505
9282
8972
4036
9055
5546
2192
76
2663
9634
2709
2701
3220
3470
4451
4331
8098
3338
4779
1752
81
7549
5500
8707
10054
7522
3001
1958
4822
3824
1688
13
3903
3614
8144
3748
643
842
5231
10327
847
4580
9455
7932
7627
6787
7369
4587
10511
7900
5860
7078
7433
3386
7507
8247
8624
3418
2102
7475
2357
1698
583
2413
4099
7864
5732
1846
5017
7201
4719
6112
2781
7451
1374
6231
8585
7690
6814
8835
2002
3183
4201
4328
8138
551
549
886
7843
1409
8511
2340
1673
3970
2082
6355
5307
5432
2165
3490
3997
2472
146
740
2178
9379
1584
10726
685
2520
3912
1076
1369
6089
5886
1872
1499
6532
3949
33
3254
7703
3421
7602
3769
6586
468
7752
2395
9018
3705
5928
1078
1113
1450
5662
184
10177
10425
6562
4125
8441
2254
5765
1169
436
5502
9080
927
6126
9024
736
10170
10841
4294
2950
574
6892
9746
2806
2913
2492
8875
2797
3433
5960
1856
1757
10773
10133
965
374
10518
1715
4313
9094
8675
9112
9421
3714
593
7202
10069
4920
2367
9894
464
2691
6084
3021
107
5065
6736
3084
8951
7934
8834
9445
569
9832
5355
5820
1583
9666
2128
8178
2450
9797
9034
8954
6508
922
2066
8690
8489
3385
3905
2799
1278
6392
5150
1158
3548
6844
1860
8828
4061
6207
10479
5189
7066
8975
4848
9594
5276
8567
6854
683
5402
9564
9322
1622
3193
10674
6356
1109
6535
2006
7149
8204
7079
1847
10020
2356
2188
6853
795
9756
10521
2111
5785
5867
4759
6849
1630
8047
5472
674
7365
8642
3887
1859
4354
355
3351
2751
10137
3052
4804
3841
5354
2083
1459
4807
10681
9714
10230
2770
20
1415
8385
4875
9940
678
10081
675
3134
2257
10379
6544
7955
10083
6382
7727
5144
10717
7098
5015
2285
1328
335
8076
3153
3226
2346
5295
510
4411
10418
5925
1794
603
5413
7650
10721
1172
7005
3282
6512
2726
3740
5168
2486
9774
4248
8735
6142
2600
10745
10280
4138
3536
4194
9108
3215
9622
6230
6758
9418
6734
9834
5682
3659
62
3291
1292
9847
3503
6252
1781
7514
3626
9843
5132
9800
8634
9026
2207
9378
136
8261
752
4366
2206
2773
4755
1988
1706
10619
1039
5487
6338
8190
4189
5569
2455
8854
7021
8742
423
2079
6609
10141
10272
1855
576
3923
421
2901
8632
9633
4425
3166
7071
1714
7190
6450
801
2906
5350
9264
6875
865
2876
109
2986
9292
4479
5321
1219
7485
5612
4494
6998
9011
2898
10041
928
892
2220
9263
6825
1893
5107
7420
8978
4475
3650
264
790
9004
7249
3106
2381
5779
1770
5201
4992
10590
6716
3850
26
5747
5791
1384
4708
244
10312
10559
10724
5029
2246
2019
8862
3867
8293
4592
791
8013
3221
1604
6117
6335
1231
7880
5223
1363
3202
3143
4344
4373
5832
6265
9478
2406
2186
7342
9401
8782
352
6015
4696
4324
7027
2628
8973
9952
4049
2418
7643
9619
2716
9966
1525
2953
9943
6306
6905
8618
8151
9525
4122
1501
1196
556
38
8869
526
8572
10842
7679
10835
4878
9667
3251
10443
4816
1159
6941
1955
9907
3953
2675
611
10715
4013
1660
8437
8448
3897
6284
1314
4975
1464
1195
9586
4199
1773
943
9144
10736
4969
4024
4239
1763
4903
5389
9083
7173
9541
8528
5001
3208
3471
6493
533
10383
2909
4270
7092
10601
8053
4838
9755
3832
8925
8802
3838
1453
2004
9965
4705
5166
5712
1392
10082
10812
9851
2005
6238
5772
4095
8619
9753
10201
8327
10176
10220
9358
10434
8070
9841
4489
9476
1070
6206
8647
1546
8717
8061
8057
5046
3750
8611
6227
3028
5347
7597
4499
5196
4837
4101
3680
6145
6165
5755
3312
971
6137
8790
6040
2980
6202
671
5207
7685
6852
4412
5032
2203
5408
3473
7067
930
2022
19
10445
10281
229
8666
4695
463
201
2315
10481
7898
1192
5057
7040
4657
9200
8516
8296
7826
10556
5188
6664
830
8332
5429
3357
4019
8482
9062
9191
6388
6890
9646
2452
2727
8745
9348
8159
2262
2430
7956
5842
8693
3618
6830
5879
7164
3995
10815
1488
7192
3969
2574
6934
5871
2342
8443
8791
7106
489
1775
7589
281
4744
5232
10780
8774
1269
3255
3302
1308
8527
8198
7662
3793
5112
6425
2490
9813
580
9683
10626
3257
7154
6885
9314
4704
6075
7222
8507
1117
6926
1153
6118
2870
8520
1691
8192
1082
1281
4205
8154
2314
8231
2626
6707
6329
7225
1348
9052
144
1400
5649
10263
9054
9250
9922
9155
4170
990
3298
9856
5444
3402
3920
2227
2021
6834
3822
3441
3624
10178
5549
1611
1088
7128
8581
6175
7264
3947
5977
2856
9916
7095
9908
2877
2052
3810
8014
9309
9154
6305
9983
4522
844
7374
6748
8766
5443
7408
2064
4277
829
9056
5185
10078
8657
6771
5437
975
3982
4869
1696
10649
6974
7412
5926
617
6105
399
8166
3006
6303
7542
3367
1092
1495
7355
9380
6374
5685
2495
7732
3318
1946
1190
9768
9692
10574
1339
9864
10404
8673
4586
3469
6661
4660
8158
4
2425
2177
2085
198
6413
10730
10857
327
2633
10696
8256
9412
10321
8225
4326
702
9743
2198
2948
1283
61
4005
5782
2944
3517
2027
5698
558
1112
1518
4033
7719
10330
10173
3455
480
1135
3217
4232
1750
890
7403
3197
9771
7361
5366
9542
2886
1425
6430
3315
4312
316
9955
4829
9511
2816
2835
10270
5091
2650
7625
5299
4378
8701
10563
8196
5006
6038
9528
8590
9802
8164
10752
8257
10739
8826
5946
10618
4028
1480
5854
1920
7974
1819
10454
6815
5353
2050
1380
912
10653
7615
2261
2700
7126
8920
3510
4048
2113
80
6143
4155
1094
9161
1167
2117
1839
7541
10746
1067
4936
6774
46
1235
9432
6304
10673
4193
9299
7942
5000
9837
9936
4826
9785
2541
9865
5922
4817
8303
10663
10496
3878
7440
4484
2828
7682
6984
2215
6125
5469
4777
4534
2324
10700
10193
5386
6363
5705
5901
6326
4107
5962
5672
3187
1597
3119
1122
1494
6715
2281
476
7915
1953
10650
7995
5583
1454
213
5586
5736
3156
6794
7000
5626
7100
8730
7015
9158
7283
8558
8709
5074
5169
4620
8764
7689
3667
1414
3462
7510
9402
2917
4385
1318
9824
10057
1263
7121
2361
2291
5593
3809
9655
7929
2496
1304
445
10463
8981
2504
5139
10378
6459
1211
9381
10483
9092
5863
9116
8907
9025
3926
8268
5591
2548
10295
9891
9503
4132
1214
10189
2057
10403
6909
2417
10703
3457
9589
1811
996
5145
5498
1732
9053
7722
8672
5123
3927
9721
4700
2063
9882
150
2345
9163
700
10147
1844
2118
4066
10007
4679
6912
2537
8179
2536
9061
6740
8685
9642
6711
8996
2211
1939
10701
6859
958
2438
7246
3375
10195
1465
874
820
8837
9624
7375
3088
1556
89
3285
9931
5880
10
8813
9996
9544
8351
387
6869
2681
1512
3988
3851
1701
2833
7733
8446
849
2774
10472
4931
8056
7435
2659
1918
9629
9927
10487
6785
7699
4806
9877
10671
4753
8169
8586
4220
251
1441
3880
9073
6212
9367
6694
6027
3144
5981
858
5639
8950
748
3944
9895
4426
6961
8589
7388
4064
4384
968
3224
7705
2497
10480
1948
8320
9510
10208
934
857
8616
8850
4709
1806
5956
6826
1065
5510
4438
9661
3957
5940
8574
8258
6950
2871
5450
8185
4222
9783
10662
1768
1128
8345
4093
305
2963
5222
2298
3775
7661
9396
4291
4745
7608
3782
3985
6042
10827
6286
10446
3752
7351
757
5735
3689
10710
1517
7949
2693
5338
9212
3464
8656
7174
9131
6362
10245
4262
8874
5217
9166
2098
9639
10756
10387
7232
1647
5147
5428
7429
154
1942
2896
9543
9323
2409
3411
9734
4923
10498
3465
6581
1071
10326
9608
5497
10324
9718
3645
454
2687
2071
187
2119
8901
9845
4692
7850
4778
1913
5620
8856
8700
5915
10844
6432
5947
2752
5014
1910
5482
3917
758
4976
3346
7639
4382
1180
6516
8880
9130
10303
4504
4909
2080
5359
1422
7829
8369
3504
6216
8987
45
3575
4087
4984
4960
438
5293
4813
5224
4972
7254
10244
9366
10709
6058
10174
10704
1575
2646
8557
6047
5165
1721
891
10085
318
7217
7573
8839
8333
3940
8756
5881
4585
4800
5242
3539
6386
2097
2390
7940
6735
3604
8337
6615
9700
2618
5306
8914
8410
9417
852
5122
7817
5181
9565
9415
3130
3476
1458
636
5699
3410
5043
3558
5198
4811
3161
8600
10116
10613
4318
9387
8686
10466
5066
8739
5978
10150
784
6036
10757
2891
10008
9350
10830
6285
1543
4143
5711
2191
2094
3446
6394
10577
1443
3064
1985
531
2922
7199
1945
9468
1388
535
9286
6982
8670
10705
1319
10579
7044
4946
218
10680
1244
7102
8734
7489
4141
4852
9652
7903
5637
113
9572
4746
6020
166
2437
7892
2902
8649
10391
9486
4675
3936
6829
5148
654
8530
3426
3368
5466
3204
1177
8621
8962
4185
902
7874
7706
6569
8729
9489
9187
6986
6458
1683
5624
7585
7781
10361
2757
2683
4131
2494
10677
6415
3468
924
7554
10753
7068
5763
6132
10771
9786
5301
2010
8566
10456
10292
134
6883
723
10484
4356
1448
7203
6444
4156
527
9039
7401
10623
1643
194
6140
4289
10855
6208
4441
4439
6242
10005
10381
3343
2830
6845
2677
8604
6504
5534
10328
3555
10426
10848
1760
2183
563
10748
10118
7099
10606
3139
310
8083
6542
8980
1020
1984
5750
2239
2317
7884
10594
2286
9224
6158
5349
10156
7738
9237
7113
2170
1274
7804
4406
10468
9520
5073
6271
5540
8388
456
9113
5659
3125
5236
1378
5055
10417
10273
2795
10334
7963
8326
1500
708
8168
8928
586
8863
4186
8896
7240
1776
7698
199
4493
6311
10045
5298
2149
3381
2630
8623
10318
10587
8392
10139
5961
9545
6928
9242
6100
6625
688
10514
5954
6662
5713
632
3983
4459
8277
4003
470
5831
9926
4988
8953
895
10471
1279
3773
1193
5373
10465
7211
7564
6102
6445
2599
5719
193
4471
2885
6607
6412
2936
3486
2040
2378
3965
286
10843
5028
10276
7528
300
1593
6039
2983
1646
122
7808
4275
2209
6053
4685
5314
9076
10845
7472
10654
2964
7878
9097
3121
6301
8778
6041
9114
8535
10437
7693
6968
10628
8833
5446
5447
4148
5008
2024
1349
9129
3009
6839
5744
3249
10377
115
1742
4368
10145
17
10036
8906
6590
9628
2277
5762
4715
1820
7148
2293
6842
6131
3114
3702
6693
7750
6371
3571
74
7673
5808
6344
6850
9848
2370
10185
1123
1522
4402
5512
483
7127
3806
2386
2460
9590
9674
871
6267
5754
9909
7980
4521
2461
10051
8148
1011
716
10538
1960
1716
9776
668
2130
6104
6340
2077
10858
10526
3013
7672
2516
3445
8349
4717
8020
3330
10429
8823
972
3823
7890
6801
9733
9583
7397
9149
10816
9440
6633
119
4423
9567
6847
1469
8695
112
8900
9844
2210
8885
10474
3820
8892
1640
1881
10026
3
5331
10025
4564
8568
6798
8064
6643
10039
864
10460
1791
6297
8994
1410
8401
317
900
5900
2978
5668
575
6369
1228
7423
4506
8243
6648
673
2641
6411
1381
6254
7178
3909
8275
9390
2670
6851
7989
1786
6070
10038
8699
5003
1224
8153
9146
8654
1532
8390
4363
10019
2809
5477
1700
5058
1605
2327
3875
9825
1937
4102
1444
73
9335
6319
3857
10203
2859
3477
5588
9803
10766
840
5824
10225
6484
6907
2510
2001
3554
10183
10359
1372
8587
3428
2721
10252
635
4430
10593
5215
2893
7966
2899
4150
7266
2044
8260
386
117
2135
1782
10754
3679
10458
4930
96
5556
7866
8125
8199
8546
10372
5830
4670
10135
5191
10598
10749
2048
3552
4771
4588
8490
4060
9682
3122
7926
3934
9287
1236
9444
9724
9451
746
6876
2103
8879
8959
5627
7558
2045
5272
2489
4401
4658
1243
1851
8023
6681
691
3439
10368
1725
9867
10125
2756
8718
2792
3479
9209
10774
3067
7457
3690
10635
10735
2296
4394
10517
719
5238
4398
9861
10627
1285
1080
5049
10453
3293
9035
1316
1931
2994
3497
4237
5187
9181
426
1915
5999
7089
8859
1925
7499
1731
8
516
1305
7196
4831
7062
8929
5644
7017
5173
7097
9363
10000
8224
2313
10110
6417
5111
6474
4949
7045
9500
9881
10365
4388
88
323
413
5865
6914
349
684
839
10070
597
954
3833
3918
4491
6543
7620
451
155
5204
8031
2232
2278
9463
4129
10655
1293
10021
825
3366
6620
10449
8952
10846
1561
3360
1387
2526
4570
9364
7182
5060
511
1018
1540
2692
4197
4928
7172
837
3861
5011
153
729
956
7195
9288
496
822
3653
7251
7947
2025
8786
9912
1234
3123
3225
3962
7606
10561
1727
2815
6575
7470
7556
8728
9267
10073
3491
641
1223
1713
2435
3611
4752
7228
8488
9235
9306
10186
181
2138
2965
1607
3991
9959
3436
3864
10597
4839
1601
2943
3030
4495
5702
7805
8021
10874
1987
5205
5255
5858
6670
10066
8007
9732
9950
821
3115
9910
235
2506
2655
2807
2804
2851
4082
4448
6219
6821
7524
8040
9866
10507
1379
3120
3131
3403
3606
3636
5927
6486
6603
6988
7299
7354
7360
8454
21
3054
3879
4244
4693
8143
9233
10369
10489
10714
4114
4632
8426
8765
4140
5635
484
458
9216
3387
3937
4100
5622
9356
12
1460
1756
2238
3363
10805
6723
5175
7505
7888
7959
8669
8956
9475
9698
2680
2999
5515
7599
8167
8517
8708
9352
9833
6016
827
894
3043
3069
6949
7134
7859
8752
8908
9874
1030
1110
1682
2234
2523
2744
3910
3523
4329
4538
4593
6177
6200
7502
8145
8474
8989
9913
10545
3087
3529
4144
8085
8732
2180
256
287
439
906
4338
1352
1446
1565
7050
2035
2348
2865
3015
3278
5911
4067
4151
4713
4739
7348
8246
6767
6884
7216
7230
8704
7587
7794
7803
7951
8513
9124
9405
10264
9521
10271
10500
10520
77
231
1052
1370
2878
2966
4576
4874
5180
6406
6823
7474
7909
8106
8415
9057
9442
10074
10306
10410
2282
5161
5690
8212
10068
10065
882
1121
1311
1513
2613
2883
3000
3380
7180
5197
6309
7849
7937
9215
9659
9898
10706
519
893
2736
4026
4552
6584
8456
10690
360
916
1086
1241
1595
1596
1997
2120
3356
3487
3599
6147
3781
3892
6001
6014
6276
7256
7042
7117
7244
7315
7729
7739
8004
8093
8362
8719
8865
9020
9304
9331
9723
9905
9987
10115
10340
10860
102
207
367
507
595
706
792
896
1361
2218
2493
2631
3126
3230
8821
4246
4295
4834
5075
6861
5423
7742
5839
5888
6029
6162
8705
7667
7676
7855
8264
9279
8927
9425
9573
9998
10351
10723
10742
10761
571
955
1677
2379
4195
3334
3615
3863
5388
9519
101
1048
1242
1978
5616
2528
2753
2779
2864
3744
5240
5320
5800
5966
7604
6234
8230
9160
10797
172
240
247
289
5062
591
793
868
938
1019
1246
1289
1291
1393
4034
1590
1745
1772
2023
2084
2307
2336
2407
2559
2791
2942
3146
3562
3637
3710
4051
4108
4157
4467
4485
4492
8127
4716
4855
4964
5425
5211
5225
7508
5636
5955
5998
6055
6134
6540
6836
8815
10163
7395
8019
9548
8218
8279
8465
8492
8644
8663
8762
8784
9047
9090
9100
9228
9404
9684
9758
9857
10144
10199
10236
10238
10294
10392
10396
10397
10503
10776
10785
2619
2793
948
967
1842
1938
2056
2477
2551
2812
2928
3179
5746
3656
3678
5807
3968
4126
4152
4263
6114
5683
5805
8536
6253
6549
6778
7039
7085
7101
7131
7161
7200
7282
7784
7918
8299
9150
9344
9599
9780
10344
10431
10441
10599
10661
10798
160
304
672
908
1345
2341
3058
3687
5885
4905
8417
8425
78
242
331
385
427
446
504
831
862
1161
1245
1357
1373
1463
1511
1563
1589
1793
1840
2612
2061
5020
2337
2353
2393
2440
2482
2653
2690
2897
3022
3048
3055
3140
3191
9986
3265
3629
3605
3612
3675
3694
9775
3943
3986
4276
4473
4516
4626
4628
4666
4751
4830
4956
8577
5142
7493
5352
5516
5581
9077
5804
6222
6257
6283
6360
6616
6690
6863
7188
7212
7221
7259
7409
7452
7678
7775
7819
7968
7973
8033
8157
7383
8466
7605
8905
9012
9139
9262
9318
9534
9605
9620
9839
9869
9902
10075
10310
10336
10376
10536
10555
10569
10607
10657
10733
10788
10790
10796
10864
176
459
680
910
4303
1111
1126
1325
1612
6043
1862
2039
2306
2347
2457
2509
2745
5983
6439
2991
3764
6352
7219
3978
4038
4089
4120
4867
5709
6556
6757
6813
9207
10103
14
114
123
157
173
250
253
255
354
369
485
520
528
623
624
647
704
713
726
728
734
823
1051
1204
1364
1368
1389
1424
1591
1621
1642
1648
1666
1661
1720
1834
1835
1928
1947
1993
2014
2073
2133
5869
2224
2245
2301
2321
4513
2410
2557
5357
2637
2741
2769
2843
2956
3180
3236
3341
3382
3408
3496
3500
3635
3738
3741
4046
5789
3900
3916
4040
4080
4084
4160
4202
4212
4245
4250
4330
4530
4654
4589
4788
4676
4790
4740
4865
4861
4888
4913
4919
4966
5129
5048
5067
5121
5127
5968
5233
9206
5282
5407
5517
6482
5587
5629
5784
5836
5806
5891
5972
5980
9875
9474
6178
6194
6256
6272
6345
6579
6640
6657
6714
6769
7421
8713
6942
7075
7033
7111
10030
7309
7394
7410
9180
8540
7537
7607
7624
7637
7707
7783
7908
7953
7970
8038
8030
8069
8089
8137
8262
8265
8292
8310
9168
8372
8491
8668
8676
8677
8724
8944
8948
8965
8988
9105
9138
9167
9202
9280
9293
9382
9391
9400
9459
9603
9653
9699
9701
9716
9806
9901
9896
9924
10029
10059
10072
10160
10223
10234
10268
10298
10305
10385
10416
10539
10553
10566
10632
10711
10719
10839
2
5
6
7
11
15
16
18
22
24
27
28
29
31
32
34
35
36
37
41
138
139
140
142
143
40
42
43
47
48
49
3307
4674
79
82
85
86
69
70
72
50
51
52
53
55
56
57
59
60
63
64
67
68
108
110
111
116
98
100
103
104
105
95
186
126
156
158
159
163
164
135
145
151
152
169
175
177
178
179
182
183
197
202
203
204
188
191
196
216
219
221
222
208
209
210
211
212
214
215
294
309
312
490
491
492
232
233
3186
5969
5970
5971
224
225
226
227
228
230
4754
5031
6337
243
245
246
293
297
298
269
271
272
274
259
249
257
258
276
278
279
282
283
284
285
291
299
301
302
303
306
307
333
334
336
337
338
339
341
342
502
872
873
875
876
877
878
879
880
881
883
884
885
320
321
322
324
325
326
332
313
2981
7381
8612
8842
8844
8845
350
388
389
391
392
393
394
351
353
357
359
361
362
363
364
365
366
395
396
398
400
401
402
403
404
368
370
371
372
373
375
376
377
379
380
383
384
440
441
442
444
481
482
486
488
415
416
417
418
406
414
419
420
422
425
471
472
473
475
477
478
479
957
1475
3641
3681
3682
3683
3685
3686
431
432
434
435
3309
3310
3313
3314
3316
3317
447
448
449
450
452
455
457
460
461
462
465
469
1210
4229
4230
4231
8253
8958
493
494
497
499
500
501
503
506
508
509
513
514
517
518
521
522
523
524
525
529
530
532
534
536
537
539
540
541
543
544
546
552
553
554
555
584
585
587
588
557
559
572
573
578
579
589
594
596
598
599
600
601
602
606
607
608
609
612
613
615
616
618
619
622
715
717
718
720
722
625
626
627
629
634
639
645
646
651
652
653
655
656
658
659
662
663
665
666
667
670
8662
676
679
681
682
4579
9273
9357
686
687
689
690
692
836
4596
6699
701
707
710
711
712
724
725
731
732
733
735
737
738
739
741
755
759
760
745
747
749
751
764
767
769
770
771
772
773
774
775
776
777
778
779
780
782
783
785
787
797
798
799
800
802
1268
1270
1271
1272
1273
803
804
805
806
807
808
809
810
813
814
815
816
817
818
841
828
913
914
915
917
843
845
848
854
1012
1022
1023
1024
1275
1276
1277
1280
859
861
863
869
897
898
899
887
888
903
905
907
909
926
929
918
919
921
976
978
979
980
981
933
936
937
939
940
941
942
944
947
1093
2122
2872
949
950
951
953
1027
1028
1029
1032
1033
1034
1013
1016
1017
959
960
962
964
966
969
973
974
1044
1045
1046
1047
1049
991
994
995
997
998
999
1000
1001
1002
1004
1005
1006
1007
1009
1010
1035
1036
1037
1038
1040
1041
1043
2226
2468
3324
5495
5496
1074
1075
1077
1081
1059
1060
1063
1064
1066
1068
1069
1083
1084
1085
1087
1089
1090
1095
1096
1097
1098
1099
1100
3038
1103
1104
1106
1108
1118
1114
1115
3091
3323
3325
3326
3327
3328
1119
1120
1124
1125
1127
1129
1131
1132
1133
1134
1136
1137
1138
1139
1160
1162
1163
1142
1144
1146
1147
1148
1149
1150
1152
1154
1156
1170
1171
1173
1174
1178
1179
1181
1182
1183
1184
1187
1189
1191
1197
1200
1205
4998
6828
1206
1207
1208
1209
1212
1213
1215
1216
1220
1221
1222
1225
1226
1227
1230
1232
1233
1237
1238
1239
1240
1247
1249
1250
1251
1253
1254
1256
1257
1259
1310
1260
1261
1262
1264
1265
1266
1267
1301
1284
1286
1287
1302
1303
1307
1309
1288
1290
1296
1297
1298
1312
1313
1320
1321
1326
3513
4339
4340
1329
1331
1333
1335
1336
1337
1338
1341
1342
1343
1344
1346
1350
1351
1355
1358
1359
1360
1362
1366
1371
1376
1383
1385
1416
1417
1418
1419
1390
1394
1395
1397
1399
1402
1403
1404
1420
1423
1426
1405
1406
1407
1411
1412
1413
1427
1429
1430
1431
1432
1434
1435
1436
1437
1438
1439
1449
1452
1457
1442
1445
1447
2808
4836
4840
1462
1466
1467
1468
1470
1461
1471
1473
1474
1476
1477
1478
1479
1481
1482
1484
1485
1486
1490
1492
1496
1497
1498
1505
6634
1507
1508
1509
1510
1514
1515
1519
1520
1530
1531
1521
1523
1524
1526
1554
1557
1558
1559
1560
1544
1545
1547
1548
1539
1541
1542
1564
1566
1567
1569
1570
1571
1572
1580
1582
1573
1576
1577
1578
1709
1710
1585
1586
1587
1594
1599
1600
1602
1603
1619
1620
1623
1624
1606
1608
1609
1610
1780
1783
1784
1615
1616
1617
1618
1636
1637
1638
1641
1724
1816
1817
1627
1628
1629
1631
1634
1635
1644
1645
1649
1650
1651
1653
1654
1659
1662
1667
1668
1671
1672
1831
1866
1674
1676
1678
1679
1680
1681
1684
1686
1689
1690
1692
1693
1694
1695
1986
1702
1703
1704
1705
1707
1708
1722
1723
1726
1728
1729
1730
1733
1734
1735
1736
1737
1738
1741
1743
1748
1767
1749
1751
1753
1754
1759
1761
1762
1823
1825
1827
1828
1829
1830
1769
1771
1832
1833
3429
6226
1777
1778
1779
4188
4427
5080
5082
1798
1800
1801
1802
1803
1804
1788
1789
1790
1792
1796
1797
1810
1812
1813
1815
1818
1821
1822
1836
1838
1841
1843
1848
1850
1852
1873
1874
1875
1876
1877
1878
1879
1880
1882
2152
1853
1854
1857
1861
1864
1865
1869
1870
1871
3808
4204
4651
4652
4653
1894
1895
1896
1897
1898
1899
1901
1902
1885
1886
1887
1888
1889
1891
1892
1912
1914
1916
1917
1921
1923
1924
1906
1907
1908
1911
1926
1930
1935
1936
1941
1949
1944
2013
1964
1965
1966
1967
1969
1950
1951
1952
1954
1956
1957
1961
1970
2237
2240
2241
1972
1973
2008
2009
2012
1975
1976
1977
1979
1980
1981
1982
1983
1989
1990
1991
1992
1994
1995
1996
1998
1999
2000
2003
4435
7049
7051
7052
7053
3454
3456
4678
4814
5608
6511
2015
2016
2020
2051
2029
2030
2031
2032
2033
2036
2037
2038
2041
2042
2043
2046
2047
2049
2069
2070
2072
2074
2075
2076
2053
2054
2055
2058
2059
2060
2065
2068
2086
2087
2088
2089
2090
2092
2093
2095
2081
2106
2107
2108
2109
2110
2099
2100
2101
2104
2105
2114
2115
2116
5030
2121
2123
2125
2126
5054
2129
2131
2132
2134
2136
2139
2140
2141
2142
2143
2147
2148
2150
2153
2154
2155
2156
2158
2160
2161
2166
2167
2168
2171
2163
2164
2172
2173
2174
2175
2176
2184
2185
2187
2189
2190
2193
2194
2199
2200
2201
2202
2205
2208
2213
2222
2214
2216
2217
2219
2223
2225
2228
2229
2230
2231
2233
2235
2242
2243
2247
2248
2249
2250
2251
2252
2253
2255
2256
2276
2279
2280
2258
2259
2260
5684
6496
6622
6724
6725
2263
2294
2295
2266
2267
2269
2270
2271
2272
2273
2274
2275
2284
2287
2289
2290
2292
2297
2471
2473
2474
2476
2498
2499
2500
2501
2502
2503
2299
2300
2302
2303
2304
2305
2312
2318
2322
2308
2309
2310
2311
2325
2328
2329
2330
2332
2333
2334
2335
2338
2339
2344
2349
2350
2352
2354
2355
2375
2376
2377
2358
2360
2362
2366
3588
6951
7186
7996
2368
2369
2371
2372
2373
2374
6191
6192
2392
2394
2384
2385
2380
2382
2388
2391
2411
2402
2404
2405
2408
2397
2398
2399
2401
2420
2422
2423
2424
2426
2427
2428
2429
2431
2432
2434
2436
2453
2454
2456
2459
2462
2463
2439
2441
2442
2443
2464
2465
2466
2470
2445
2446
2449
2451
2491
2514
2487
2488
2478
2479
2480
2481
2507
2550
2508
2511
2512
2524
2525
2529
2519
2521
2522
2544
2530
2534
2535
2538
2539
2540
2542
2545
2547
2549
2558
2553
2554
2555
2556
2566
2567
2568
2561
2562
2563
2569
2571
2572
2573
2575
2576
2582
2577
2578
2581
5133
2824
2583
2585
2586
2588
2589
2590
2591
2592
2593
2594
2595
2596
2598
2601
5358
2621
2622
2623
2604
2606
2608
2609
2610
2611
2614
2615
2616
2617
2664
2665
2625
2627
2629
2632
2635
2636
2638
2640
2652
2654
2656
2657
2642
2643
2644
2645
2647
2648
2666
2667
2668
2678
2679
2682
2887
2669
2671
2673
2676
2697
2698
2699
2685
2686
2688
2689
2694
2696
2702
2703
2704
2714
2717
2718
2705
2706
2707
2708
2711
2712
2713
2719
2720
2722
2723
2724
3435
3664
4255
5669
2725
2728
2729
2730
2731
2732
2733
2735
2737
2761
2762
2739
2740
2742
2743
2780
2782
2783
2784
2746
2748
2749
2750
2754
2755
2758
2759
2760
4389
5002
5369
5982
2764
2765
2766
2767
2768
2776
2777
2778
2771
2772
2786
2788
2794
2932
2933
2934
2935
2937
2798
2800
2801
2814
2817
2802
2803
2805
2821
2822
2818
2820
2825
2826
2827
2829
2831
2832
2841
2834
2838
2839
2842
2844
2845
2846
2847
2848
2849
2850
2852
2857
2858
2860
2861
2862
2868
2869
2874
2875
2879
2880
2881
2884
10149
10390
2945
2946
2903
2905
6421
2889
2890
2892
2894
2895
2900
2907
2908
2910
2911
5795
2921
2916
2918
2919
2920
2923
2924
2925
2926
2929
2930
2968
2969
2970
2971
2972
2973
2938
2939
2940
2941
2947
2949
2951
2954
2955
2957
2958
2959
6904
7340
7436
7437
2974
2979
2960
2961
2962
2967
3002
3003
3005
3034
3035
3036
3037
3039
2987
2988
2982
2984
2985
2997
2998
2990
2992
3007
3008
3010
3011
3012
3014
3025
3026
3027
3029
3031
3032
3016
3017
3018
3019
3020
3023
3024
3033
3050
3051
3053
3089
3090
3040
3041
3042
3044
3045
3046
3049
3068
3071
3072
3073
3059
3085
3086
3056
3057
3080
3081
3082
3083
3061
3062
3063
3074
3077
3079
3092
3095
3096
3097
3098
3099
3100
3102
3103
3104
3105
3107
3108
3110
3648
3898
7022
3111
3112
3113
3129
3152
3154
3155
3116
3117
3118
3124
3127
3132
3133
3136
3345
3141
3142
3145
3147
3148
3149
3150
3151
3137
3138
2649
3162
3163
3165
3157
3159
3160
3168
3169
3170
3171
3172
3182
3185
3175
3176
3177
3178
3188
3189
3190
3192
3196
3198
5337
3194
3195
3200
3201
3203
3218
3219
3227
3228
3205
3206
3209
3211
3213
3214
3590
5025
6927
10331
10332
10333
5899
5902
3231
3232
3233
3234
3235
3437
3438
3275
3276
3277
3237
3238
3239
3240
3241
3242
3243
3244
3246
3248
3250
3252
3256
3258
3259
3260
3261
3262
3266
3267
3268
3269
3270
3271
3272
3273
3279
3280
3283
3284
3286
3812
6281
8087
8750
3287
3288
3289
3290
3301
3303
3294
3295
3296
3518
3519
3520
3521
3522
7327
5387
6791
8594
8870
9016
9017
9019
3304
3306
3308
3319
3320
3321
3322
4104
4334
5745
6408
7735
8102
8103
3329
3331
3332
3333
3335
3336
3337
3339
3340
3342
3347
3348
3349
3350
3352
3353
3354
3358
3359
3361
3362
3370
3371
3364
3365
3409
6638
7715
7716
7717
7718
3589
3591
3593
3594
3372
3374
3404
3405
3406
3383
3388
3389
3390
3392
3393
3394
3395
3397
3398
3400
3401
3434
3423
3424
3425
3430
3407
3412
3414
3415
3416
3417
3419
3420
3422
3431
3432
3474
3475
3440
3442
3443
3444
3458
3459
3447
3448
3449
3450
3451
3452
3460
3524
3526
3461
3463
3466
3478
3480
3482
3483
3467
3472
7238
7239
7241
3488
3489
3501
3505
3506
3507
3492
3493
3495
3498
3499
3508
3509
3511
3561
3736
3737
3512
3514
3515
3516
3847
5041
5933
3527
3528
3543
3544
3545
3532
3533
3535
3538
3540
3541
3587
3551
3547
3549
3550
3553
3557
3559
3566
3567
3563
3564
4017
5396
7571
3576
3577
3579
3580
3569
3570
3573
3582
3583
3584
3585
3586
3601
3602
3603
3608
3595
3596
3597
3598
3600
3609
3610
3613
3616
3617
3619
3628
3620
3621
3622
3623
3625
3640
3642
3631
3632
3633
3634
3644
3654
3655
3657
3646
3647
3649
3652
3658
3660
3661
3662
3663
4940
6146
6148
6149
3665
3666
3668
3669
3670
3671
3691
3672
3673
3674
3688
3677
3720
3721
3696
3692
3693
3695
8309
9536
9826
10457
3699
3700
3701
3717
3718
3719
3703
3704
3706
3707
3708
3709
3711
3712
3713
3715
3716
3722
3723
3724
3758
3759
3760
3762
3725
3726
3728
3730
3731
3732
3733
3735
3739
3745
3746
3747
3753
3754
3749
3751
3755
3756
3766
3768
3770
3771
3774
3783
3784
3785
3786
3776
3777
3778
3779
3794
3795
3787
3788
3789
3799
3800
3801
3790
3791
3792
3796
3797
4732
5362
6199
6339
3803
3804
3805
3807
3811
3825
3827
3828
3829
3813
3814
3816
3817
3818
3819
3821
3844
3845
3830
3831
3834
3835
3842
3843
6756
3836
3840
3869
3846
3848
3849
4282
4379
4478
6197
6367
7041
7250
7591
7648
7887
8135
8161
8751
8857
9403
9482
9523
9570
9769
9770
9772
9773
9777
4566
9566
3852
3853
3854
3855
3862
3860
3882
3883
3865
3866
3868
3870
3871
3872
3873
3874
3877
10345
10346
3884
3886
3888
3889
3891
3899
3893
3894
3895
3896
3902
3904
3906
3907
3911
3914
3915
3919
3921
3922
3928
3933
3935
3938
3939
3929
3930
3931
3932
3942
3945
3946
3948
3950
3951
3952
3954
3955
3956
3959
3960
5835
7189
3961
3963
3964
3971
3972
3973
3974
3975
3976
3967
6470
3977
3979
3980
3981
3984
3992
3993
3994
3996
3990
4004
3998
3999
4000
4001
4007
4008
4009
4010
4011
4012
5186
8631
8820
4014
4015
4016
4018
4021
4022
4023
4025
4027
4029
4031
4032
4041
4037
4772
4792
4818
5384
6196
8255
4042
4134
4135
5228
6555
7863
4136
6675
7356
7357
7358
4043
4044
4045
4056
4058
4047
4050
4052
4053
4055
4059
4063
4068
4062
6368
4069
4070
4071
4072
4073
4074
4075
4076
4079
4081
4083
4088
4090
4092
4240
4241
4242
4091
4103
4096
4098
4105
4106
4109
4110
4112
4113
4115
4116
4117
4118
4119
4127
4130
4123
4124
4735
5857
8360
9954
10192
10806
10807
4133
4145
4146
4149
4153
4154
4158
4161
4162
4163
4174
4175
4176
4164
4165
4167
4168
4169
4171
4172
4177
4178
4179
4180
4181
4182
4183
4187
4218
4219
4221
4200
4203
4196
4198
4206
4207
4208
4209
4210
4211
4213
4214
4216
4217
4225
4227
4228
4233
4234
4235
4236
4238
4243
4247
4251
4252
4257
4258
4253
4256
10804
4259
4260
4264
4265
4266
4267
4269
4271
4272
4273
4278
4279
4280
4281
4283
4288
4290
5326
7135
4284
4351
4292
4293
4302
4285
4287
4296
4297
4298
4300
4301
4314
4325
4308
4309
4310
4311
4304
4305
4306
4307
4316
4317
4319
4320
4321
4322
4323
4327
4341
4343
4345
4332
4333
4335
4337
4361
4346
4347
4348
4350
4500
4501
4502
4357
4358
4359
4360
4369
4370
4365
4367
4371
4372
4375
4376
4612
6244
7060
7525
4377
4380
4381
4383
4390
4392
4387
4431
4432
4395
4396
4397
4393
8937
8938
8939
4399
4400
4404
4405
4433
4434
4440
4442
4408
4409
4410
4413
4414
4415
4418
4419
4421
4428
4429
4422
4424
4446
4447
4449
4450
4436
4539
4443
4444
4445
4452
4453
4454
4455
4456
4457
4458
4460
6565
9218
9462
9549
4461
4463
4474
4476
4477
4468
4469
4470
4472
4466
4464
4548
4549
4550
4481
4482
4483
4486
4487
4556
4557
4490
4900
5441
7179
7181
4559
5156
6455
6718
6719
6720
6721
4497
4498
5040
5248
6810
6811
4503
5935
6806
6807
4507
4508
4509
4510
4511
4512
5016
7800
7943
8219
4514
4515
4517
4518
4519
4520
4523
4527
4528
4529
4531
4532
4533
4535
4537
4544
4540
4541
4542
4543
4545
4547
8367
8368
5907
8128
4646
4647
4648
4649
4650
4551
4553
4554
4558
4567
4568
4565
4561
4562
4563
4569
4571
4572
4573
4574
4577
4578
4581
4582
4584
4590
4591
4594
4595
4597
4598
4599
4600
4601
4602
7284
7285
7286
4603
4604
4605
4607
4608
4627
4737
4613
4614
4615
4616
4618
4619
4621
4622
4623
4624
4625
4630
4629
4633
4634
4635
4636
4637
4638
4639
4640
4641
4642
4644
4645
4659
4661
4662
4656
4663
4680
4672
4665
4667
4668
4669
4671
4789
4677
4688
4689
4683
4684
4686
4706
4697
4698
4702
4703
4701
4707
4810
4710
4712
4714
4718
4720
4721
4722
4723
4724
4725
4726
4730
4823
4733
4734
4736
4738
4741
4742
4747
4748
4749
4750
4743
4756
4768
4851
4757
4758
4760
4761
4762
4763
4764
4766
4767
4801
4802
4803
4805
4808
4809
4770
4774
4775
4776
4773
4783
4784
4785
4786
4787
4781
4782
4797
4799
9461
4791
4793
4795
4796
4812
4821
4815
4820
4824
4825
9377
9835
4827
4828
4832
4833
4835
4856
6402
6966
6967
8797
8998
9217
9529
9530
4841
4842
4843
4844
4845
4846
4847
4849
4850
4853
4854
4863
4857
4858
4859
4860
4866
4871
4872
4873
4879
4880
4881
4882
4883
4884
4885
4886
4887
4876
5154
6292
7206
4877
4910
4911
4912
4889
4890
4891
4892
4893
4894
4895
4896
4897
4898
4899
4906
4907
4908
4904
4901
4902
4914
4915
4916
4917
4985
4918
4924
4925
4921
4922
4926
4927
4929
4938
4939
4932
4933
4934
4935
5038
4941
4942
4943
4944
4945
4948
4950
4951
4952
4953
4954
4967
4958
4961
4962
4963
4965
4968
4970
4971
4973
4974
4978
4979
4981
4982
4983
4991
4993
4986
4989
4990
4997
4999
4994
4995
5004
5005
5007
5012
5013
5009
5010
5033
5034
5035
5036
5037
5018
5023
5024
5027
5019
5021
5022
7037
7552
8470
8576
7096
7917
8749
5039
5042
5044
5045
5050
5051
5052
5053
5047
5056
5059
6932
7136
5063
5061
6095
7612
5068
5069
5070
5076
5077
5078
5071
5072
5083
5084
5085
5094
5095
5097
5087
5090
5092
5093
5106
5108
5110
5098
5099
5100
5101
5102
5103
5104
5105
5113
5114
5115
5116
5117
5118
5119
5120
5134
5124
5125
5126
5131
5136
5146
5141
5137
5171
5174
5138
5140
5151
5153
5163
5164
7133
9640
9939
9941
9942
9944
5159
5160
5162
5155
5157
5158
5167
5170
5176
5177
5178
5179
5182
5183
5190
5193
5194
5195
5199
5200
5202
5203
5208
9669
10713
5210
5226
5479
7341
7991
7992
7993
5218
5219
5227
5220
5221
6049
7492
7494
7495
5229
5230
6929
7386
5234
5235
5243
5244
5237
5239
5241
5256
5257
5259
5522
5245
5246
5247
5249
5250
5251
5252
5253
7223
9252
9524
5260
5261
5262
5263
5264
5265
5273
5274
5266
5267
5268
5269
5270
5271
5275
5277
5278
5279
7167
5286
5287
5289
5290
5280
5281
5283
5291
6468
8684
5300
5296
5294
6111
7215
7389
7390
5340
5302
5303
5304
5305
5309
5308
5311
5312
5313
5316
5317
5318
8633
9600
9836
10040
5323
5324
5325
5327
5319
5322
5328
7345
7806
7875
5332
5333
5334
5336
5339
5348
5342
5343
5344
5345
5356
5351
5360
5365
5361
5363
5364
5367
5371
5374
5368
5370
5375
5377
5378
5379
5380
5381
5382
5383
5390
5391
5759
6924
8015
8343
5392
5393
5394
5395
5397
5398
5399
5400
5401
5404
5405
5409
5410
5411
5415
5417
5418
5419
5414
5412
5424
5426
5427
5430
5431
5433
5434
5435
5436
5438
5439
5440
5445
5545
5448
5449
5451
5452
5454
5455
5457
5458
5459
5460
5461
5462
5463
5464
5470
5471
5465
5467
5468
5473
5481
5483
5493
5494
5474
5475
5476
5484
5485
5489
5490
5491
5492
5486
5504
8207
5509
5511
5501
5574
5513
5506
5507
5508
5514
5518
7758
7759
7760
7761
7762
7763
7764
7765
7766
5529
5530
5521
5523
6116
6401
6665
6862
7490
5524
6315
8890
9301
9491
9492
5525
5611
5526
5527
5528
6779
9271
7347
7486
5890
8022
5531
5532
5533
5535
5536
5537
5538
5541
5542
5543
5544
5547
5548
5550
5551
5552
5553
5554
7548
5555
5557
5558
5559
5560
5561
5562
5565
5566
5563
5564
5567
5575
5576
5578
5571
5572
5573
5579
5585
5582
5584
5604
5605
5590
7788
5599
5600
5601
5602
5603
5592
5594
5595
5596
5597
7346
5606
5607
5609
5610
5613
5614
5618
5621
5623
5625
5628
5632
5633
5634
5643
5638
5640
5641
5645
5646
5647
5648
5650
5652
5653
5654
5655
5656
5657
5658
5660
5661
5664
5665
5666
5680
5667
5676
5677
5688
5689
5691
5692
5670
5671
8281
9075
5674
5675
5681
5678
5679
5687
5695
9091
9164
9165
5697
5701
5700
5703
5704
5706
5723
5724
5725
5726
5707
5708
5710
5714
5715
5727
5716
5717
5718
5720
5721
5722
5729
5730
5731
5734
5737
5741
5738
5739
5740
5743
5760
5748
5749
5751
5752
5753
5756
5757
5758
5420
5421
5422
5761
9872
9873
5764
5766
5767
5775
5770
5773
5774
5776
5777
5778
5780
5781
5783
7659
7660
5788
5786
5787
5790
5792
5793
5794
5833
5796
5797
7398
8350
5801
5802
5803
5799
5809
5826
5810
5812
5813
5814
5815
5816
5817
5818
5819
5822
5823
5825
7822
5827
5828
5829
5834
5838
5840
5841
5843
9477
5845
5846
5847
5848
5849
5851
5852
5853
5855
5856
5859
5862
5864
5866
5868
5870
5872
5874
5875
5878
5882
5883
5876
5877
5950
5951
5952
5953
5887
5889
5892
5893
5895
5896
5898
5904
5905
5906
5916
5917
5918
5910
5912
5913
5914
5919
5921
5923
5924
5929
5930
5931
5932
5934
8152
8155
8156
5938
5939
5936
5937
5944
5945
5942
5943
5948
5949
6005
5957
5958
5959
5214
5965
5967
5963
5964
5974
5975
5984
5985
5986
5987
5988
6000
8655
9268
5989
5990
5991
5992
5993
5994
5995
5996
5997
6048
6002
6003
6004
6006
6007
6011
6012
6013
6009
6010
6018
6019
6030
6031
6032
6021
6022
6023
6024
6025
6026
6028
6033
6034
6035
6045
6046
6050
6051
6052
6037
6044
6054
6067
6068
6069
6056
6057
6059
6060
6063
6064
6065
6066
6061
6062
6071
6072
6073
6074
6082
6083
6085
6086
9143
9145
9147
6076
6078
6079
6080
6081
6090
6092
6093
6099
6091
6094
6096
6103
6107
6106
6109
6110
6113
6115
6119
6121
9876
9878
6123
6128
6129
6130
6124
6127
6144
6133
6135
6136
8459
9828
6141
6138
6151
6152
6153
6155
6156
6157
6159
6160
6163
6164
6166
6167
6170
6171
6172
6173
6174
6176
6346
6179
6181
6182
6183
6185
6186
6187
6188
6189
6198
6195
6203
6205
6213
6214
6215
6209
6210
6211
6857
8598
8599
6217
6218
6220
6221
6313
6314
6316
6317
6318
6228
6223
7944
7945
7946
6224
6229
6241
6243
6232
6233
6235
6236
6237
6239
6245
6246
6247
6350
6351
6353
6251
6249
6261
6258
6259
6260
6262
6263
6274
6275
9615
10350
6264
6266
6268
6269
6270
6273
6295
6296
6298
6277
6278
6279
6280
6282
6307
6287
6288
6289
6290
6291
6302
6308
6310
6312
6321
6322
6320
6325
6328
6330
6331
6332
6333
6370
6334
6336
6341
6342
6343
6348
6349
6347
6354
6357
6358
6359
6361
6365
6364
6385
6366
6372
6373
6375
6376
6377
6378
6379
6380
6381
6383
6384
6387
6389
6390
6391
6393
6396
6397
6398
6399
6400
8405
8406
6403
6404
6407
6409
6410
6465
6419
6420
6414
6416
6418
6422
6423
6424
6427
6429
6431
6433
6434
6435
6436
6437
6438
6441
6442
6443
6446
6447
6448
6449
6456
6457
6454
6460
6461
6537
6462
6463
6464
6466
6467
6471
6472
6473
6478
6475
6476
6477
6483
6485
6480
6481
6487
6488
6489
8075
6490
6491
6492
6494
6495
6497
6498
6499
6500
6501
6502
6503
6529
6530
6531
6517
6518
6520
6521
6522
6510
6513
6515
6505
6506
6507
6509
6527
6528
6523
6524
6525
6526
6533
6534
6538
6539
6541
6550
6551
6552
6545
6546
6547
6548
6553
6554
6557
6558
6559
6561
6563
6568
6564
6566
9675
9676
6570
6571
6572
7058
8184
6578
6576
6573
6574
6580
6582
6583
6585
6619
6587
6593
6594
6595
6596
6597
6598
6599
6588
6589
6591
6592
6600
6613
6614
6617
6618
6601
6602
6604
6605
6606
6608
6610
6611
6612
6631
6632
6621
6623
6624
6626
6627
6628
6629
6630
6635
6637
6639
6641
6642
6644
6645
6646
6649
6650
9744
6651
6652
6653
6654
6655
6658
6659
6660
6701
6663
5619
6666
6669
6667
6668
6671
6672
6673
6674
6677
6678
6680
6682
6683
6697
6698
6684
6685
6686
6688
8110
6689
6692
6695
10146
10448
10450
6700
9296
8104
6702
6703
6704
6705
6706
6708
6709
6710
6712
6713
6717
6726
6727
6728
6780
6729
6730
6731
6732
6733
6737
6738
6739
6741
6742
6743
6744
6745
6746
6747
6749
6750
6751
6752
6753
6754
6755
6759
6760
6761
6762
6763
6764
6765
6766
6768
6770
6789
6790
6772
9539
9889
9890
6773
6775
6776
6777
6784
6786
6788
6781
6782
6783
6792
8222
6795
6796
6797
6799
6793
6800
6803
6804
6805
6812
6808
6809
9673
10834
6816
6817
6818
6819
6820
6827
6824
10488
6866
6867
6831
6832
6833
6835
5212
5213
6837
6838
6840
6843
6848
6846
6858
6855
6856
6860
6864
6865
6870
6868
6873
6871
6872
6874
6877
6878
8112
8113
8114
8115
8116
8117
8118
6879
6880
6881
6921
6882
6887
6888
6889
6893
6894
6895
6896
6897
8921
9992
9993
9994
8139
6898
6899
6900
6901
6902
6903
6906
6908
6910
6911
6913
6915
6963
9410
9745
6916
10031
10032
10033
10034
6920
6917
6918
6919
7122
7152
8344
6922
8354
9550
6923
6925
6930
6931
6939
6940
6943
6933
6935
6947
6936
6938
6944
6946
6948
6952
6954
6955
6956
6957
6958
6959
6960
8210
9059
9060
6962
6969
6964
6965
6970
6971
6972
6973
6975
7476
9480
10708
9710
9711
6976
6977
6983
7728
9376
10014
6978
6979
6980
6981
6985
6987
6996
6997
6999
6989
6990
6991
6993
6994
6995
7001
7003
7004
7006
7009
7011
7012
7010
7016
7013
7014
7018
7020
7026
7028
7936
10104
10246
7043
7046
7047
7048
7054
7055
7056
7057
7059
7061
7063
7064
7065
7072
7069
7070
7073
7074
7076
7077
7086
7087
7088
7090
7091
7030
7031
7032
7034
7035
7080
7081
7082
7084
7093
7094
7103
7104
7105
7107
7108
7109
7110
7155
7114
7115
7116
7119
7120
7123
7124
7125
7129
7130
7132
7140
7141
7142
7143
7137
7138
7139
7144
7145
7146
7147
7150
7151
7153
7156
7157
7158
8424
7159
7160
7162
7165
7163
8043
8162
7198
7166
7168
7169
7170
7175
7176
7177
7185
7183
7184
7187
7191
7193
7194
7197
7205
7245
7204
7207
7208
7209
7210
7213
7214
7224
7218
7227
7220
7226
7229
7231
8702
8703
8706
7242
7243
7233
7234
7235
7237
7280
7316
7317
7247
7248
7252
7257
7258
7253
7265
7260
7261
7262
7263
7268
7267
7269
7270
7344
7276
7271
7272
7273
7274
7275
7277
7278
7279
7281
7287
7288
7289
7290
7291
7292
7293
7294
7295
7296
7297
7298
7300
7301
7302
7303
7304
7305
7306
7307
7308
7310
7311
7312
7313
7314
7319
7321
7322
7323
7328
7362
7363
7364
7366
7367
7368
7331
7332
7333
7324
7325
7329
7330
7334
7336
7337
7339
7350
7352
7353
7372
7373
7376
7377
7378
7370
7371
7380
7379
7382
7387
7391
7392
7393
8966
9176
9408
7396
7445
7399
7402
7404
7406
7407
9132
9133
7411
7414
7413
7417
7415
7416
7418
7419
7422
7424
7425
7426
7427
7430
7431
7432
8055
9111
7434
7443
7441
7442
7444
7446
7447
7448
7449
7450
7521
7454
7455
7456
7458
7459
7460
7462
7463
7464
7465
7473
7471
7466
7467
7468
7469
8798
8799
7488
7478
7477
7482
7484
7479
7480
7481
7487
7491
7503
7504
7497
10633
10656
7498
7500
7501
7506
7509
10428
10430
7511
7512
7513
7515
7516
7517
7518
7519
7520
9179
7523
8538
8539
7526
7527
10242
10243
7532
7533
7531
7534
7535
7536
7538
7539
7540
7543
7544
7545
7546
7547
7550
7553
7555
7557
7559
7560
7561
7562
7563
7566
7568
7569
7570
7572
7579
7574
7575
7576
7577
7578
7635
7580
7581
7582
7583
7584
7586
7588
7590
7593
7594
7596
7024
7025
7598
7600
7603
7609
7610
8439
8687
7614
7616
7617
7618
7619
7613
7621
7622
7623
7626
7628
7630
7631
7632
7633
7634
7636
7638
7641
7642
7640
7644
7645
7646
7649
7647
7654
7655
7652
7653
7656
8160
10184
10510
10512
7657
7658
7663
7664
7668
7670
7665
7666
7671
7674
7675
7677
7680
7681
7683
7684
7686
7694
7695
7697
7700
7688
7691
7696
7701
7702
7704
7708
7709
7711
9556
7710
7712
7713
7714
7720
7721
7726
7723
7725
7730
7734
7736
7737
7740
7741
7744
7745
7746
7748
7749
7747
7753
7751
7801
7767
7768
7754
7755
7756
7757
7769
7770
7771
7772
9208
7773
7774
7776
7777
7778
7779
7780
7782
7785
7786
7787
7789
7790
7791
7792
7793
7795
7798
7799
7797
7823
7802
7835
7807
7809
7810
7811
7812
7813
7814
7815
7816
7818
7820
7821
7828
7824
7825
7827
7833
7834
7831
7832
8867
7838
7839
7844
7845
7840
7841
7842
7847
7848
7846
7851
7853
7854
7852
7856
7857
7860
7861
7862
7868
7869
7870
7865
7867
7871
7872
7873
7877
7879
7881
7882
7885
7886
7889
7891
7893
7895
7896
7897
7899
7901
7994
8519
8660
8679
8960
8961
7902
7904
8789
7905
7906
7907
7950
8313
7910
7911
7912
7913
7914
7916
7919
7920
7921
9649
7923
7924
7925
9516
9517
9518
7979
7927
7928
7930
7931
7933
7935
7938
7939
7941
7948
7952
7954
7961
7957
7958
7962
7964
10408
10409
7960
7965
7969
7967
7971
7972
7975
7976
7977
7978
7984
7985
7981
7982
7983
7986
7987
7988
7990
7997
7998
8000
8001
8002
8003
8005
8006
8008
8009
8010
8011
8012
8016
8017
8018
8026
8027
8028
8029
8024
8025
8036
8037
8039
8032
8034
8035
8041
8044
8045
8046
8048
8049
8050
8051
8052
10207
8060
8054
8058
8059
8062
8063
8065
8066
8067
8068
8071
8072
8073
8074
8077
8922
8078
8079
8080
8081
8082
8084
8086
8088
8090
8091
8092
8094
8095
8096
8099
8100
8101
8105
8108
8109
8107
10288
10289
8119
8121
8122
8111
8123
8129
8130
8131
8126
8132
8133
8134
8136
8140
8141
8142
8146
9093
9126
8150
8147
8149
8163
8571
8165
8170
8171
8174
8175
8173
8172
8177
8176
8180
8181
8182
8183
8186
8187
8188
8189
8193
8194
8191
8197
8200
8201
8202
8203
8205
8206
8208
8209
8211
8213
8214
8215
8216
8217
8220
8221
8223
8226
8227
8229
8235
8233
8234
8236
8237
8238
8239
8240
8241
8242
8244
8245
8252
8254
8248
8249
8250
8251
8263
8259
8266
8276
8269
8270
8271
8272
8273
8274
8278
9353
10501
10763
10764
8280
8282
8283
8284
8285
8286
8287
8288
8289
8290
9067
9068
8291
9658
8294
8295
8297
8298
8304
8305
8300
8301
8302
10194
8306
9604
8334
8311
8312
8314
8315
8316
8317
8318
8319
8321
8322
8323
8324
8325
8330
8328
8329
8335
8336
10435
8339
8340
8341
9253
9254
9255
9256
9257
9258
7320
8346
8347
8352
8353
8355
8846
9238
8356
8357
8358
8359
8361
8363
9479
9862
9863
8364
8365
8366
8373
8374
8370
8371
7384
7385
8383
8376
8377
8378
8379
8380
8381
8382
8384
8386
8387
8389
8397
8391
8393
8394
8395
8396
8400
8402
8403
8404
8398
8399
8407
8408
10202
10770
8409
8411
8412
8435
10153
10154
10155
8414
8413
8422
8423
8416
8418
8419
8420
8421
9648
8427
8428
8429
8430
8431
9305
8432
8433
8434
8436
8442
8444
8438
8440
8445
8447
8449
8450
8451
8452
8453
8457
8455
8460
8462
8463
8464
8467
8522
8468
8469
8471
8475
8472
8473
8476
8477
8478
8479
8480
8481
8483
8485
8486
8487
8493
8494
8495
8496
8497
8498
8499
8501
8541
8542
8543
8544
8502
8503
8504
8505
8506
8508
8509
8510
8512
8514
8515
8518
8521
8860
9000
8523
8524
8525
8526
8529
8531
8532
8533
8534
9177
9178
10436
10438
10439
8547
8548
8549
8550
8551
8552
8553
8554
8877
9678
9859
8555
8556
8561
8562
8563
8565
8569
8570
8578
8579
8580
8573
8575
8583
8584
8582
8588
8591
8592
8597
8593
8595
8596
8601
8602
8603
8605
8606
8607
8608
8609
8610
8614
8613
8615
8617
8620
8636
8622
8626
8627
8628
8629
8630
8635
8638
8639
8640
8643
8645
8646
8648
8650
8651
8652
8653
8779
9014
10394
10395
8658
8659
8661
9248
9249
9251
8664
8665
8667
8671
8674
8678
8680
8681
8682
8683
10080
10128
8688
8689
8691
8692
8637
8694
8696
8697
8698
8711
8710
8712
8721
8722
8723
8714
8715
8716
8720
8726
8727
8731
8733
8736
8737
8738
8740
8741
8746
8747
8748
8753
8754
8755
8757
8758
8759
8760
8761
8763
8767
8768
8769
8770
8771
8772
9439
8775
8776
8777
8787
8788
8785
8806
8807
8792
8793
8794
8795
8796
8800
8801
8804
8803
8805
8808
8809
8810
8811
8812
8817
8818
8819
8814
8816
8822
8824
8825
8827
8830
8781
8838
8831
8836
8841
8840
8847
8848
8849
8851
8852
8853
8855
8858
8861
8864
8866
8871
8872
8873
8876
8886
8887
8883
8884
8878
8881
8882
8889
8895
9089
10522
8891
8893
8894
8898
8899
8902
8904
8909
8910
8915
8916
8917
8911
8912
8913
8918
8919
8923
8924
8932
8926
8930
8931
8933
8934
8935
8936
8940
8949
8941
8942
8943
8945
8946
8947
9001
8955
8957
8963
8964
8967
8968
8974
8969
8970
8971
8976
8979
8982
8983
8985
8986
8990
8991
8992
8993
8997
8999
9005
9006
9007
9008
9009
9010
9013
9015
9023
9027
9028
9029
9030
9031
9032
9033
9050
9051
9041
9042
9036
9037
9038
9040
9043
9044
9045
9046
9048
9049
9084
9085
9086
9087
9088
9058
9460
10423
10424
10427
9063
9064
9065
9066
9106
9107
9069
9070
9071
9078
9079
9072
9074
8780
10414
9081
9082
9095
9096
9098
9099
9101
9102
9103
9104
9109
9115
9117
9118
9119
8560
9120
9121
9122
9123
9125
9127
9128
9135
9136
9137
9759
9760
9140
9141
9142
9148
9151
9162
9156
9157
9159
9170
10274
10275
9169
9171
9186
9172
9173
9174
9175
9182
9183
9184
9185
9193
9194
9195
9188
9189
9190
9192
9196
9197
9198
9211
9199
9201
9203
9204
9205
9687
9210
9219
9220
9221
9222
9223
9225
9226
9227
9229
9230
9231
9232
9234
9236
9239
9240
9241
9243
9244
9245
9246
9247
9259
9261
9260
9265
9272
9266
9269
9270
9278
9274
9275
9276
9277
9281
9289
9290
9283
9284
9285
10664
10665
10666
9291
9294
9295
8783
9297
9326
9332
9333
9298
9303
9307
9308
9310
9311
9312
9313
9315
9316
9317
9320
9321
9324
9325
9327
9328
9329
9330
9336
9334
9343
9345
9337
9338
9339
9340
9341
9342
9347
9349
9372
9373
9375
9383
9384
9385
9386
9388
9389
9394
9392
9393
8903
9395
9433
9397
9398
9399
9368
9406
9407
9409
9411
9414
9413
9419
9420
9422
9423
9424
9426
9427
9428
9431
9429
9430
9434
9435
9436
9437
10878
9438
9441
9443
9487
9488
9447
9446
9448
9449
9450
9452
9453
9454
9456
9457
9458
9464
9465
9467
9469
9470
9471
9472
9473
9481
9483
9484
9485
9493
9494
9495
9496
9497
9498
9499
9501
9508
9509
9502
9505
9506
9507
9504
9512
9513
9514
9515
9360
9522
9526
9527
9555
9532
9533
9559
9359
9361
9362
9535
9537
9538
9540
9546
9552
9551
10018
10221
9553
9554
9557
9558
9560
9561
9562
9563
9577
9578
9579
9580
9581
9568
9574
9575
9576
9569
9853
9571
9584
9582
9585
9587
9591
9588
10329
9601
9592
9593
9595
9596
9597
9598
9602
9606
9610
9607
9609
9213
9611
9612
9613
9621
9616
9617
9618
9623
9625
9626
9630
9631
9627
9632
9638
9637
9641
9643
9644
9645
9647
9650
9651
9654
9656
9657
10609
10610
9660
9662
9663
9664
9665
9668
9671
9672
9677
9679
9680
9681
9685
9686
9351
9354
9355
9688
9689
9690
9365
9691
9693
9694
9369
9371
9695
9697
9703
9704
9705
9706
9708
9709
9740
9712
9713
9715
10323
9717
9719
9728
9729
9730
9725
9726
9727
10325
10374
9416
9731
9735
9736
9737
9738
9739
9741
9742
9747
9748
9749
9750
9751
9752
9754
9757
9761
9762
9763
9764
9765
9766
9466
9767
9790
9778
9779
9781
9782
9784
9787
9788
9789
9807
9808
9809
9791
9792
9793
9794
9795
9796
9798
9799
9801
9804
9805
9814
9815
9818
9819
9820
9821
9810
9811
9812
9816
9817
9822
9823
9827
9858
9829
9830
9831
9842
9838
9840
9850
9852
9855
9868
9870
9871
9879
9883
9887
9885
9886
9893
9897
9899
9900
9903
9904
9906
9911
9914
9915
9917
9918
9919
9920
9921
9923
10222
9925
9929
9930
9928
9934
9935
9937
9938
10382
9932
9933
9972
9945
9947
9948
9949
9979
9980
9981
9982
9951
9953
9956
9957
9958
9961
9962
9963
9964
9967
9968
9969
9970
9971
9973
9995
9975
9976
9977
9978
9984
9985
9988
9989
9990
9991
9997
9999
10002
10003
10004
10001
10010
10011
10012
10013
10015
10016
10017
10023
10024
10027
9846
10028
10035
10037
9854
10060
10061
10042
10044
10046
10048
10049
10050
10052
10053
10055
10056
10058
10105
10106
10062
10064
10067
9888
10071
10079
10076
10077
10084
10120
10121
10122
10086
10087
10088
10089
10096
10090
10091
10092
10093
10094
10095
10097
10098
10099
10100
10101
10102
10107
10108
10109
10112
10113
10114
10117
10282
10119
10123
10124
10126
10127
10129
10130
10131
10132
10134
10136
10138
10140
10142
10143
10148
10151
10152
10157
10158
10006
10009
10161
10162
10164
10165
10166
10167
10172
10168
10169
10171
10175
10179
10180
10181
10182
10187
10188
10190
10191
10348
10349
10196
10197
10198
10204
10205
10200
10206
10209
10210
10211
10212
10213
10214
10215
10216
10217
10218
10219
10229
10224
10226
10227
10228
10260
10261
10262
10232
10233
10235
10237
10239
10240
10241
10247
10248
10249
10250
10251
10253
10254
10255
10256
10257
10258
10259
10639
10265
10266
10267
10269
10290
10277
10278
10279
10283
10284
10285
10286
10287
10291
10293
10297
10299
10296
10300
10301
10302
10304
10307
10308
10309
10322
10320
10315
10316
10317
10319
10311
10313
10314
10335
10337
10338
10339
10341
10342
10343
10347
10357
10358
10352
10353
10354
10355
10356
10360
10362
10363
10364
10366
10367
10370
10371
10373
10375
10380
10384
10386
10388
10389
10393
10398
10399
10400
10401
10405
10406
10407
10402
10413
10415
10419
10420
10421
10422
10432
10433
10451
10440
10442
10444
10447
10459
10467
10469
10470
10473
10475
10476
10477
10478
10482
10485
10486
10490
10491
10492
10513
10411
10412
10494
10497
10495
10499
10502
10504
10505
10506
10509
10519
10524
10525
10531
10515
10516
10523
10527
10528
10455
10529
10530
10532
10533
10534
10461
10462
10464
10535
10537
10547
10548
10549
10540
10541
10542
10543
10544
10546
10550
10551
10552
10554
10557
10558
10560
10562
10564
10565
10567
10568
10584
10570
10571
10572
10573
10575
10576
10578
10580
10581
10582
10583
10585
10586
10588
10589
10591
10592
10595
10596
10602
10600
10603
10604
10605
10611
10612
10614
10615
10616
10617
10620
10621
10622
10624
10625
10629
10630
10631
10637
10634
10636
10638
10640
10641
10643
10644
10642
10645
10646
10648
10651
10652
10683
10608
10658
10659
10660
10670
10672
10667
10668
10669
10675
10676
10678
10679
10682
10684
10685
10699
10686
10687
10688
10689
10691
10692
10693
10694
10695
10697
10698
10702
10707
10712
10716
10722
10718
10728
10729
10720
10727
10725
10731
10732
10734
10737
10738
10740
10741
10743
10744
10747
10751
10750
10755
10758
10759
10760
10762
10765
10767
10768
10769
10772
10799
10775
10777
10778
10779
10781
10782
10783
10784
10786
10787
10789
10791
10792
10793
10794
10795
10800
10801
10802
10803
10810
10808
10809
10811
10813
10814
10817
10818
10856
10819
10820
10821
10822
10823
10824
10825
10826
10828
10829
10831
10832
10833
10836
10837
10838
10840
10851
10847
10849
10850
10852
10853
10854
10859
10861
10862
10863
