7006
78
103
1206
5355
1309
125
7426
50
6668
62
1014
1321
5337
6921
8506
8425
47
1310
7200
998
86
4313
492
5332
1077
55
3700
5315
1079
1626
8662
4244
190
454
4185
448
45
995
1226
1215
191
4241
2771
1399
7948
453
56
787
5351
98
71
64
7659
7051
3662
8838
4753
919
568
1334
9244
109
36
5534
163
158
1336
1499
7757
130
546
9142
541
70
137
452
1660
3717
122
8543
7876
7052
451
85
3714
7002
110
1485
429
1195
1385
772
8596
68
5532
780
806
1177
106
57
1327
6717
6947
1515
7360
1313
791
655
101
60
195
7169
7056
7054
84
5342
6773
1492
192
3660
476
1317
77
4199
5191
3798
1372
1039
6782
6771
6941
610
789
6380
131
1524
116
4897
108
6783
3684
1365
1716
9372
1
5212
151
1847
146
829
435
4398
788
458
8616
6733
1411
8757
1342
487
794
1329
3950
83
260
7412
762
6445
3721
1630
145
3518
783
3948
7427
4279
4895
611
15
6557
1350
1506
1839
9413
1320
91
886
981
9309
792
6423
629
1550
5816
432
5437
1526
1212
6828
8885
7944
6461
1216
2080
7161
35
9865
69
90
4749
509
658
4170
6098
6395
7886
144
1851
1677
1512
3872
7879
793
8405
7022
5554
3307
72
6703
1360
7959
1848
7451
6366
1331
8523
911
628
862
7890
5395
1214
6011
1559
5365
7265
7312
1219
5343
875
850
774
5409
8179
8149
7895
960
1225
30
6792
612
9730
5563
3460
7385
491
7455
6245
7891
6442
9555
9165
7877
6777
7425
8761
7883
1549
5334
539
1375
804
9907
94
7672
4282
7506
8775
1228
3716
7470
1422
7893
9823
3374
1608
8130
7378
2591
7439
5242
3323
107
7771
4778
1249
7707
7758
4382
5338
7953
7490
4772
2
9294
8763
9090
6015
1564
1583
10026
9223
53
1008
1095
481
7949
7012
7651
10229
7154
1009
630
9366
462
485
777
3724
6833
1561
4787
102
8191
1504
1774
3873
656
10189
9401
4263
7927
1010
6512
2633
5956
1094
766
1081
4245
9139
9425
768
1274
6702
778
79
5389
8583
266
1210
127
6926
2116
5357
6670
8285
10131
406
5345
3969
239
5192
6991
8861
589
3719
5393
4203
5195
6785
7882
8772
7536
1275
9591
2710
899
2309
1815
799
3682
225
1245
4229
5397
834
1191
1004
1558
4242
49
10036
1390
1661
128
1208
1179
6763
3828
8626
488
1860
97
3459
885
5944
996
4208
1186
5216
3657
1184
1374
689
8420
1535
6791
3715
6772
8804
1802
8953
5624
3490
830
4769
478
5531
7701
5408
7658
2611
4804
6799
1642
93
8122
3650
8127
3568
616
4305
8208
5813
8182
1058
3661
1440
1338
544
1728
844
10021
982
4189
1182
1563
924
9879
1155
9125
6848
6364
986
1133
524
8152
9327
1973
7968
819
9148
1455
8766
10518
3563
1842
790
7873
859
637
4720
6807
4286
4255
472
9288
6781
6001
2085
8489
4781
3995
59
4306
7070
9132
8649
9610
7885
9390
1076
4251
8383
7686
9351
9708
1598
7761
2566
1498
832
8371
5544
8128
10209
8625
1221
8788
10381
10048
8324
8088
4871
1510
7453
2598
1373
5213
7434
5194
6764
7779
1265
8767
894
1841
1194
8322
7018
7887
8346
10261
10009
2285
8699
7747
7774
1289
4764
8759
769
9036
2093
1899
9181
9628
7965
7929
900
8758
1555
7753
8074
4993
5724
499
7383
7182
5372
7928
9518
434
6046
6864
8404
7808
6019
5682
6775
4218
540
7569
7112
6705
8948
9918
3576
2696
7499
1833
6454
5542
7011
10212
4905
7781
6669
8590
3856
873
4205
6789
216
8866
5709
9794
10183
7167
1055
38
9407
8878
1181
525
3319
8711
1261
6745
9904
1844
631
6476
4343
58
6787
6424
3573
5957
510
941
4193
1857
8139
9688
9616
8367
933
2324
5447
4777
1410
10396
8768
1596
1546
4338
7795
8778
4195
1424
6014
7444
6835
8418
6287
7727
3308
7859
9651
7940
6248
7854
6041
5377
4330
920
7171
5317
1449
7802
5358
6651
8222
4068
1271
8101
87
6631
449
9357
4401
1789
9993
9561
9675
9430
10399
9820
9670
9124
8648
7697
1242
10294
1007
7866
1185
10057
8216
8185
2359
9539
96
8257
5499
1100
9602
4776
6779
9678
8356
8357
4228
9691
2120
6410
4385
4396
7102
159
1017
1680
132
329
9530
113
7684
5958
9256
1737
6006
4258
4248
4247
81
4943
6590
5568
7945
5602
54
7005
7773
4349
8697
2745
6829
6786
7463
6780
8408
1552
7488
6089
1415
6087
959
638
5402
9331
5417
3538
6016
149
657
10437
8976
8769
1520
28
801
7068
6511
9116
1896
786
5771
10332
1241
5762
9140
9267
9892
402
528
6468
6627
1977
676
4347
9601
8706
2059
7059
6755
9719
7273
1394
3690
1976
1713
6372
1975
7869
10141
10257
5179
9388
2538
7539
289
5374
8144
3857
2982
8619
522
8655
6666
3876
3304
8231
6662
10258
7249
408
63
9687
1169
2469
4410
1091
8106
5050
5052
8912
1083
1082
8100
7359
5060
8094
8907
3739
8091
9762
5046
7020
8111
6213
8119
1125
1124
8118
5035
8116
8115
1116
1060
9723
9724
1112
9725
1107
1106
9728
9729
8113
1114
8920
9767
9769
3728
5094
2098
9811
2459
9813
9814
9815
1020
9816
1003
8067
9819
6163
9824
2105
9827
6784
1005
3730
3731
8079
9773
6776
9778
9780
9781
5079
9783
9784
9785
9786
9787
6182
9789
9790
9791
6181
1031
8083
7369
9768
7348
5030
2994
9620
6271
1239
8944
9626
9627
6754
4431
2887
8156
1223
9633
6261
4986
4427
1659
6010
6012
10073
10072
4564
1708
10069
10068
6566
7044
9187
9184
8581
10078
8584
8586
5169
6018
10058
5167
10056
8587
8597
6022
10050
4548
2377
10047
9607
9612
10079
6565
3994
7078
4587
5200
5199
7074
5994
4005
7069
4584
6556
6561
6000
4566
5190
9597
7063
6003
7057
7055
10088
675
10087
7050
10085
10084
6007
7047
5189
7080
9613
4053
6990
6049
2310
4891
2304
4892
8669
10005
8670
8671
10002
10001
10000
6594
9999
9997
9632
776
9994
8673
2294
781
782
9991
9990
8675
6599
1187
9998
8602
1197
10017
7025
2368
9180
4547
8617
9404
6292
8621
732
9982
9576
6325
4770
9579
4499
2930
8034
9584
4309
5929
10169
6967
7521
8040
9586
5935
8042
6968
593
9588
10146
10145
9585
10144
5206
9573
1645
5909
10192
5221
3768
6336
2336
5218
5217
5912
9575
3765
10182
10181
1248
3452
9568
4766
1653
9571
5208
9572
1648
8402
599
3951
9027
7505
6739
4797
4327
7264
4800
3487
7266
1183
10117
2582
650
4807
9038
8362
8361
9040
7269
2881
1861
1166
4806
2185
5953
8057
7255
10140
7256
10138
10137
4779
609
7257
4317
8741
8058
613
3952
10130
6312
1205
6310
10127
10126
10125
10124
10123
8380
2592
9550
4295
9496
1398
9702
9703
5836
4271
1803
5227
474
3904
5841
1528
2508
7589
9301
484
2067
2068
10248
7280
10263
10264
10288
5817
6936
10284
9316
9686
444
10276
2058
9690
4265
1810
5829
8414
10267
10266
10265
9293
9677
2220
4818
1784
1783
4843
4287
10210
1565
9085
5865
10206
4848
530
7562
1775
5881
4852
7558
1566
10216
4842
10218
3919
3920
1791
10231
10230
4460
5857
7310
2213
10225
4834
7317
8822
7318
4285
1560
513
4466
9676
7611
428
356
7648
7647
3709
7646
7084
9330
2249
8443
7980
8858
8857
7638
3306
1846
10343
7641
5319
1496
1855
10379
335
1490
2474
9448
5264
347
7108
9446
6447
7107
7106
5271
7105
10369
5718
9438
7098
7676
7677
7466
6465
7994
5282
1377
10385
7086
5288
5289
7109
3202
6444
7666
6401
392
9497
10324
10325
9485
9484
8646
8647
9480
5748
10336
1308
9473
7656
10342
3232
9469
9468
7118
6434
7113
7111
7110
6443
7667
9509
7987
9400
7962
5322
9345
9342
1466
3877
10440
259
1482
10443
10444
10445
1487
5335
7718
246
5340
243
8764
1507
4377
5655
7941
235
4370
1445
8696
10425
10424
310
7689
5297
7690
1393
5299
304
10402
10403
1395
5301
296
7696
9391
291
8708
1413
8712
6800
7423
182
183
1420
7938
7939
5591
9362
6518
7411
202
8789
8786
8785
5811
5809
9983
2046
9976
6463
9971
9970
9968
9967
9966
9965
7738
9960
9958
10510
7735
6997
175
1912
10547
9249
8303
9251
9258
6619
6616
9265
10538
9266
10536
10535
150
10533
4939
8170
3284
5370
8167
1949
8317
10522
1956
8321
168
962
1960
5360
10032
9245
7734
7387
276
8628
843
7175
7178
857
9655
9656
881
9663
9666
6137
9839
4631
9835
914
928
4743
3627
3624
4741
946
4739
3571
953
983
3572
957
4719
10419
10463
3695
3701
4859
3113
8719
9948
9947
6076
6654
9915
9916
9917
6879
8295
7546
6079
6354
4179
8236
8232
5503
8227
8226
5388
6888
1767
5561
7482
6872
7912
95
9914
9913
7818
121
120
7809
814
10558
5538
10560
10561
5537
817
7475
6871
9233
6873
7813
808
7814
9236
9230
1607
8497
9911
5541
8196
4209
811
6851
8933
5469
5470
5471
6847
5458
6901
10654
6838
9514
5475
5413
6854
4150
8930
8962
4237
6916
6918
12
5452
8
6919
6832
1586
7902
8928
10071
10080
10070
9471
8806
10053
9470
3789
5969
5967
8815
8275
1260
3797
1277
4383
608
603
8335
10089
9465
7478
4938
8320
580
3814
9770
5850
494
9307
8292
9881
8304
6595
2735
6899
9339
4504
8280
2425
9389
9396
9961
8805
3738
6005
8896
6993
9464
3747
3792
8352
853
3071
8666
1595
8676
8178
7999
10644
6718
4648
9922
9924
9806
9905
2168
4761
7356
2165
4728
6096
9851
4727
9973
8611
9977
8612
8620
9978
6040
8622
9774
8463
9987
9988
8473
9972
892
9896
9853
8573
9854
9864
9869
9870
9873
9874
8575
8577
8579
9875
9876
9878
6122
8462
7267
8585
9882
8588
9821
9884
9885
9888
8538
810
3509
897
9995
9895
10015
8263
3228
459
7568
447
8242
5065
10272
8212
5073
8211
5225
7872
2604
2605
7422
6977
8701
2610
5814
76
4824
10037
9363
9272
6467
4830
10045
4452
477
1368
4012
7564
6458
10611
1231
5467
8001
170
6912
134
10524
8041
7655
1319
1322
701
9996
5058
7400
1264
5280
4303
2000
10016
10256
10512
105
7275
1481
8709
9779
8730
9516
6986
984
1567
7759
2809
6861
6281
204
9925
2069
1513
8124
8378
566
5908
7492
5915
4049
7489
1889
2350
9077
554
8125
9273
9619
8901
9538
10185
7443
5577
502
7898
2966
3567
9397
9329
9398
9693
7153
1333
9395
7692
6608
7768
8199
7740
6597
5707
9405
6315
7681
9715
6604
5444
7452
9454
6579
1959
6628
5246
7163
9328
9665
1684
1345
4428
7613
7826
9640
6712
5203
1906
2343
3930
6870
3835
10600
7680
9959
8014
278
6601
6737
6634
5082
1232
5236
10049
8082
7671
7670
3570
8085
179
990
10511
5963
10539
1657
9487
9317
10310
10532
10531
10530
365
10528
10527
2902
364
6302
5523
7835
9698
9699
10316
155
5530
10318
9126
5233
1592
10509
1227
3569
6826
9318
3834
10438
10023
9083
10433
662
6533
9727
10020
6856
10019
10018
9435
6539
6887
5170
4224
8774
940
5617
7135
5859
7136
678
4216
3622
5089
10374
8801
7419
4267
6855
10372
301
1174
2100
100
5462
5670
2825
9862
1158
10373
529
10583
9537
6448
5446
8033
4597
1703
9964
2799
10172
8117
10176
1339
118
8129
5521
10028
7189
7190
2158
6853
8166
6233
1236
1200
1230
8084
4119
4565
8078
10540
8502
5485
576
7733
10400
1617
5320
5207
6355
5404
1730
4011
8906
9274
5359
764
6405
1092
9241
16
9649
9645
1465
8007
2311
6722
10648
9587
1444
8373
4625
1785
7856
7868
7209
9766
9653
9765
8942
1028
2851
2632
9365
1527
7855
8423
10081
9144
4158
9146
4159
9147
1568
4166
9152
9643
10665
3133
10664
9635
7194
7166
5549
4177
9143
548
4167
6470
1417
7168
1316
3958
8060
3735
1078
8421
8422
10193
4421
3916
6426
2822
3603
4261
508
9641
2434
10645
7004
9642
9608
3296
968
3103
7522
6731
6732
3791
7784
5871
9315
10609
5434
9722
10175
9529
9609
6408
10610
9314
3179
5474
9565
9681
507
10555
3691
9553
9104
9549
9500
4316
3256
9668
