1
0.7309998997457979
1
0.74871049987932
1
1
0.6509831140702554
1
1
0.8632962244196587
1
0.9447216069108996
1
1
1
1
0.5787787485629585
0.87473053439644
1
1
0.734126603100733
1
0.9465506546543264
1
0.6254365182031811
1
1
1
0.6035158547467684
1
1
1
1
0.451086045466529
1
0.764899543349641
1
1
1
0.7782572480973822
1
0.4768843786872661
0.7910339767900574
1
1
1
1
1
1
0.9584543086349414
0.6195392115844778
1
1
1
1
0.6371447314384588
1
0.7303953436775289
1
0.6566483467357712
1
1
